3.5829143446e-01
2.1725493621e-01
-5.8701015503e-01
-4.8060347782e-01
-2.0823577954e-01
1.2353968456e+00
-1.8514780496e+00
-4.2403822996e-01
-2.2784202213e+00
1.0038046560e+00
1.1990760376e+00
1.1371620585e+00
5.2406763573e-01
-8.5371648431e-01
4.7146005335e-02
-2.7345722178e+00
-8.4391727888e-01
6.7579695982e-02
-1.7866759305e-01
-5.6288810070e-01
1.8203596490e+00
5.9115615681e-01
3.8686326616e-01
-1.7299225439e+00
-3.1822056160e-01
-2.0388163221e+00
1.4360043761e+00
4.2665824481e-01
3.3412580586e-01
3.0347513318e-01
-9.1216930613e-01
-9.1013264804e-01
2.1998954831e-01
-1.3877687540e+00
7.8704234240e-01
-9.6130136546e-01
8.6247202510e-01
6.9122891407e-01
-8.2600061000e-01
-8.2403508588e-01
-5.3576815439e-01
9.5101554546e-01
-1.1929600416e+00
5.3868288082e-03
-1.3313303418e+00
-1.7608521594e+00
8.6836292459e-01
-6.7949485375e-01
-1.2555901278e+00
7.0265031327e-02
-2.1017160557e+00
-3.3150108372e-01
-2.3439989553e+00
8.9653040041e-01
-2.2843545842e-01
9.6423180174e-02
-1.9107170988e+00
1.0242898049e+00
-1.7023053572e+00
-6.8792235622e-01
3.4000753786e-01
7.0632190091e-01
-1.5085342992e+00
1.5643942573e+00
-2.3191756910e+00
3.4164446301e-01
-4.1401375120e-01
7.5374329623e-02
-1.5749617410e-01
-2.3765850271e-01
-2.4852426846e-01
-3.9466214202e-01
-7.1803620060e-01
8.2214574769e-02
2.0996724622e+00
-6.4890268714e-01
-5.8161530459e-01
-1.0275972273e+00
-6.6661114145e-01
-1.0762494024e+00
-1.8422081613e-02
2.0527670559e+00
2.4038552315e+00
-9.4000729933e-01
6.9800003853e-02
-7.6503117805e-01
4.9048277879e-02
1.2769059573e+00
-7.2108222146e-01
1.9663677891e+00
-1.2261271837e+00
2.2276965474e-01
7.9814240327e-01
2.0166697942e+00
-1.8095079731e+00
5.0701776292e-01
-1.2799188983e+00
2.7720103116e-01
-1.0128298656e-01
-5.4291517686e-01
-4.4864729088e-01
1.0403011039e+00
1.9976968219e+00
-1.6194335538e+00
-1.4183625640e+00
9.8403265794e-01
1.0987055698e+00
-6.4958905001e-01
-9.2783843332e-01
9.0423782074e-01
2.1281899589e-02
6.2614717623e-01
6.7360499426e-01
-1.2205883800e-01
-6.0415999913e-02
9.9737057616e-01
4.6023550267e-01
-1.9467379587e-02
7.9458528843e-01
-1.8798507301e-01
1.0487604637e-01
1.8000557504e-01
1.2587285237e+00
-4.6642210493e-01
-4.8460232449e-01
-2.1377934743e-01
-6.8354753008e-01
-1.3548538282e-01
5.5636581461e-02
-1.3669931872e-01
1.5376019599e+00
-6.4277583623e-01
-1.5716389679e-01
1.7953007650e+00
-3.4197975449e-01
1.0618337572e+00
-1.7045496881e+00
-1.4508465032e+00
-1.6015283794e+00
-1.5251420280e+00
-1.2895900813e+00
1.0059588386e+00
-2.0531951618e+00
8.9233211316e-01
5.1593714712e-01
-1.9397001903e+00
2.4286517201e+00
-2.5578847033e-01
6.2423435656e-01
-1.4326924606e+00
1.7808862781e-01
5.0677385349e-01
-1.3857742488e+00
-9.6274430709e-01
-1.3463652113e+00
2.7145983674e-01
-8.6919139994e-01
-1.1781053443e-01
4.6562723274e-02
3.6765198634e-01
4.7479899302e-01
-1.1397477671e+00
-8.5490815910e-01
-7.1251360431e-01
-1.3688910576e-01
1.1358925066e+00
-1.7214243939e+00
1.3293153320e+00
7.6926217235e-01
-3.7881349286e-01
-1.4835713338e-01
-1.7225665633e-01
-6.1550923406e-01
2.9309420444e-02
-4.3700134414e-01
3.1845760179e-01
3.8378303178e-02
-9.3597538371e-01
-2.8790398700e-01
-1.5117273039e+00
1.5948313525e-01
-1.5083622514e-01
-2.3116528434e-01
-1.5268309793e-01
5.4619455187e-01
-2.1026035451e+00
4.6368897373e-01
9.6815313038e-01
2.5159748721e-01
1.3528441255e-02
-8.0646156657e-02
-2.6191423978e+00
1.0795792611e-02
8.0839018478e-01
1.9398494407e-01
4.5289123327e-01
-1.1862216510e+00
-8.9914743141e-01
1.6574635931e+00
1.3378580050e+00
-1.1912128429e+00
-8.1470475645e-01
-1.6717878664e+00
-1.0107727535e+00
-1.2833539741e-01
-2.1789627063e-01
2.0753634611e-01
1.2833565962e+00
-1.1881576435e+00
-1.0026440939e+00
2.9607726208e-02
-1.0796391849e+00
7.8632010424e-01
-7.3999815691e-01
-1.4811386368e+00
-1.0099061289e+00
7.7298150216e-02
-7.0198263584e-01
1.2234529633e+00
-1.5563870184e+00
-1.8311807930e-01
-1.6527087333e+00
-1.8442658450e+00
2.0331577361e+00
-1.2118216799e-01
-4.1238380216e-02
7.0782586543e-02
-6.2497853824e-01
7.8747730969e-01
1.2172985777e+00
8.1269370286e-01
1.7443979701e+00
-5.3641813754e-01
-6.9496009449e-01
-6.6455004163e-02
9.6348189953e-02
3.4379465226e-01
8.3355195220e-01
3.0364657343e-01
-2.1699719807e+00
-4.9786669516e-01
-1.1376920968e+00
-2.9022908932e-01
-5.6368407569e-01
8.9692224561e-01
-6.2645874892e-01
-2.5768087279e-01
2.0384220338e-01
-7.4793897526e-01
6.7010348748e-01
-1.1517658338e+00
1.1531281322e+00
-1.1266547399e+00
2.4788807784e-01
1.7944782823e-01
-7.9727646085e-01
7.2605082052e-02
8.0589139882e-01
5.3172334776e-01
-9.5318943885e-01
-3.0630033993e-01
-2.0025185019e+00
-5.5080323806e-01
-1.1722362692e+00
-1.2136218327e-01
8.0616901610e-01
-1.8942711709e-01
-1.3862451100e+00
-3.8424239852e-01
-3.5298555211e-01
-5.4108935350e-01
-7.6798026284e-01
4.1116395804e-01
1.1425044532e+00
5.8203465507e-01
2.2753595646e+00
1.6392519512e+00
2.6412670664e-01
5.9732225092e-01
-3.8998521087e-01
3.2894714003e-01
8.0838939566e-01
3.6532490719e-01
9.0935545385e-01
-7.3713244884e-01
-6.9342634795e-02
1.4993249659e-01
8.1901976355e-01
8.2354437122e-01
-1.1583377542e+00
-9.0813726338e-01
3.0167508520e-01
-2.8447631071e+00
1.7249575989e-02
-7.0104994178e-01
1.5893738548e+00
-3.1821393808e-01
6.6434469991e-01
3.8807378966e-01
-7.5576337677e-01
1.2017232243e-01
-1.2140899732e+00
-1.8784749162e+00
-3.3327781751e-01
-3.8666396398e+00
-4.0398797725e-01
9.4046187766e-01
1.3020479915e+00
3.0830560742e-02
-8.5350643091e-01
6.8947857306e-01
-5.6198827218e-01
9.0578521449e-01
-1.1893515276e+00
7.6367709102e-01
1.9176570917e-01
4.1615479231e-02
1.3867436159e-01
-6.9752235576e-02
-1.1082887524e+00
-8.6051484746e-01
1.2721093746e+00
-1.2609170964e-01
7.2058951581e-02
-9.1294927053e-01
6.5111528607e-01
2.4990205318e+00
1.8241943378e-01
-3.0311254464e-01
3.3491409170e-01
-1.5965226419e-01
2.9854025603e-01
8.3331774358e-01
-9.1506734885e-01
6.6550909147e-01
2.7492390267e+00
7.8311143831e-01
1.5709170345e+00
2.7400609193e-01
-4.1592618852e-01
2.5808384575e-04
-1.4243256914e-01
-3.0470171554e-01
5.5740027997e-01
1.3531351256e+00
6.7781151676e-02
3.8335857883e-01
-1.4005962276e-01
-2.9850020339e-01
-2.7628470289e-01
-1.2865483055e+00
-4.5006989406e-01
8.9567949948e-01
-1.3981736494e+00
-2.6237538898e-03
-1.9912900624e+00
-2.3716967542e-01
-9.3009997624e-01
-9.0191831372e-02
-1.5086405185e+00
-7.9760143735e-02
-6.6163755886e-01
-5.2644584172e-01
1.1169744210e+00
-6.3720295991e-01
1.3509593490e+00
1.3179649947e-01
-1.1544775149e+00
1.3634260491e-01
6.7300629138e-01
1.1290082240e+00
3.5943407612e-01
1.3424952831e-01
1.7176856824e-01
7.4748007312e-01
-4.9597415361e-01
1.3314549806e+00
7.9544136689e-01
4.1492747186e-01
-1.1692797382e+00
-5.2113377231e-01
1.1617017648e+00
-5.1381785364e-01
-2.1437827146e-01
3.3984434396e-01
2.2365835503e+00
-2.9207098010e-01
-2.7523153601e-02
-2.5990179004e-01
7.8019140404e-02
-5.3430526402e-01
-9.5782889748e-01
-9.3646143346e-01
-5.5256012930e-01
-1.0844480807e+00
1.2969090746e+00
-1.4793325544e-01
1.4621271450e+00
8.9420353244e-01
-7.3700362369e-01
7.0733690450e-02
-1.1984910024e+00
1.3246091290e+00
2.5296540029e-01
-7.3839895152e-01
-8.4497414634e-01
-9.1843980511e-01
-1.9869544471e-01
1.0164586689e-01
1.1030319196e+00
-1.2456775257e+00
-8.4060636380e-01
-1.7598366189e+00
1.1103596939e+00
2.6438143589e-01
1.2167630275e+00
-4.3208294791e-01
6.5379826096e-01
1.2007044628e+00
6.7245441240e-01
2.1622519341e-02
-2.8542705953e-01
-1.4644500922e+00
-1.3119705355e-01
-4.8917298590e-01
8.2755310267e-01
-9.3394564917e-01
8.1099143129e-01
4.1069771089e-01
-1.2223857749e+00
2.0322807894e+00
1.6299356421e-01
-3.2172478095e-01
1.4944785228e-01
1.9691679150e-01
1.9786911035e+00
-4.3978288552e-01
-1.9332063839e+00
2.4381785138e+00
4.7342852271e-01
8.9934464386e-01
-1.2096688595e+00
-1.4756087633e+00
1.8709242217e+00
1.7367790080e-01
1.8269314102e-01
1.3201644208e+00
-1.6934618745e+00
1.1150820676e+00
3.3990532096e-01
-1.8819364672e+00
1.1709427212e+00
8.9051965777e-01
-9.9540363826e-02
-9.5791884244e-01
2.6668253521e+00
-3.8636228076e-01
-7.0515016481e-01
-5.9923797642e-01
5.7467129383e-01
1.0438506437e+00
2.1286623852e-01
-7.2279734965e-01
-2.1264910868e-01
8.2136310398e-02
8.6859709369e-01
-5.1350119727e-01
1.4490910117e+00
-9.3811478686e-01
-4.4695697496e-01
-1.2281070517e+00
2.3454300177e-01
-1.1894928505e+00
-2.9996396017e-01
-1.1198466029e+00
5.9045268856e-01
3.9397417380e-01
-5.4760923070e-01
3.3555208305e-02
-1.0522197865e+00
-9.5350920544e-01
-8.8853069909e-01
2.1198137000e+00
-9.0586367179e-01
2.1273731811e+00
4.1156688920e-01
6.0793628101e-01
-9.6680909701e-01
-4.9718866600e-01
-8.0970766895e-01
5.5672238612e-01
-1.1894593019e+00
4.2407865852e-01
2.7607321621e-01
-2.1869130588e-01
-5.1437096529e-01
-5.4071301855e-01
6.4472096717e-01
-7.3676250048e-02
7.2284937258e-01
1.0972772801e+00
9.9748195514e-01
9.4891236587e-01
1.1109656820e+00
-2.6340673231e+00
-3.9547880673e-02
1.0404987171e+00
-1.2473833000e+00
-1.1530685019e+00
-3.7425677906e-01
6.0820666099e-01
2.1947736599e-01
-8.1667855233e-01
1.9887836365e+00
5.6845942354e-01
5.8471265951e-01
1.2142675808e+00
-7.1211402425e-01
-8.1193108124e-01
-6.9034605676e-02
8.5605052625e-01
-2.8138649246e-01
9.3291439190e-01
-1.5572488615e+00
3.6509910970e-01
1.7409357844e-01
-1.7163595246e+00
-2.2564143126e+00
1.0472529809e+00
1.9296456551e+00
4.6491020048e-01
1.6548843809e-01
5.2613665919e-01
-1.2216106583e+00
2.3338763663e-01
2.8574873889e-01
1.2014632331e+00
5.5003160507e-01
-1.3643522128e+00
5.5632994194e-01
