4.0377939807e-02
-2.0885650989e-02
3.0830549081e-02
4.8385976863e-02
5.5649266633e-02
6.9520986831e-02
-1.0268766919e-01
-1.2807429809e-02
-3.1458778334e-02
9.5685754855e-02
6.2590562326e-02
-9.0075867133e-02
4.5128404175e-02
-8.3354394863e-02
5.0727638751e-02
6.0282483767e-02
3.1057458498e-02
1.0274867149e-02
4.9208440104e-02
1.3027474619e-01
-8.7028462533e-02
-5.9687242848e-02
4.0103166042e-02
-1.3899589315e-01
6.5397558834e-02
2.6565437013e-02
7.9498340736e-02
-5.1617522341e-02
7.7110533152e-02
2.6690283371e-02
6.1869227100e-02
-5.6835043701e-02
-6.7766507333e-02
-7.6243060191e-02
-6.6611099154e-02
-2.5149012916e-02
-7.2135125618e-02
6.5883574398e-02
-9.9645001921e-02
-9.9470426266e-02
2.1383733386e-02
-5.3784853521e-02
-3.5779466338e-02
-3.2099196099e-02
1.4411368812e-02
-8.2962764677e-02
8.9521488667e-02
2.4384008934e-02
7.3110478877e-02
4.9065523633e-02
-1.2569967695e-01
-5.3161978318e-02
3.3011651130e-02
7.5540583704e-02
-7.0688110686e-02
-5.1376056166e-02
1.3149059993e-02
1.1578437930e-02
5.9162562365e-02
-4.1345814913e-02
-1.0676833442e-01
9.6046364966e-03
-1.3412869111e-01
-6.8787333931e-02
-4.0178087986e-02
5.9092638487e-02
7.2869294790e-02
-4.2141437419e-02
4.2579052861e-02
1.0128914085e-01
-2.8285324539e-02
-1.1526186690e-01
-8.2426045724e-02
5.7913965602e-02
6.2842175115e-02
-2.2892122915e-02
7.5484162009e-02
-3.3826992315e-02
7.6423191482e-02
-6.0422487446e-02
6.7121011379e-02
-1.3045970243e-02
-7.2139561556e-02
1.0427311964e-01
-2.5697625876e-02
-9.5353349506e-02
2.5330403872e-02
-5.7948799174e-02
-6.7620577821e-02
-7.6537134748e-02
6.6645646088e-02
1.4727193103e-02
5.7349424827e-02
5.7568322517e-02
-2.8439710722e-02
1.8501278574e-01
-1.0923107380e-01
4.0540895664e-02
1.0940884612e-01
-1.1643855940e-01
3.5775012650e-02
-5.2748429011e-02
8.1929379839e-02
-7.2239741148e-02
5.0447215534e-02
-4.9541643479e-02
-1.1111706503e-01
-5.8881190119e-02
3.0932708026e-02
2.1133359789e-02
-4.8181489909e-02
-8.5464328929e-02
-3.1136390150e-02
2.3811422265e-02
3.4313536813e-02
-4.0825540044e-02
-2.2116782027e-02
4.5615098060e-02
8.4058098424e-02
3.2317662695e-02
-1.7470519432e-02
-4.6305124125e-02
-6.3514912101e-02
7.1550145516e-02
9.8700891850e-02
-6.3188241332e-02
8.5020493765e-02
-9.2877590164e-02
-6.7311257333e-02
-4.9404101377e-02
3.8622824154e-03
3.9106663959e-02
3.5282356704e-02
3.2600616204e-02
-7.0821127827e-02
-3.8161064620e-02
-8.2437826718e-02
-1.1406643445e-01
-4.2534391541e-02
-3.7012979349e-02
-6.9151287111e-02
3.5483491046e-02
-9.4612162486e-02
-8.2862088202e-03
-9.7951842233e-02
-4.3970183972e-02
-3.4592640468e-02
2.3353504943e-02
4.0565801106e-02
-5.0660227980e-02
2.7683784413e-02
-6.7165663027e-02
-6.9245998936e-02
-6.3043734139e-02
4.0822989563e-02
6.2784349451e-02
-2.6821787124e-02
4.8397226743e-02
-2.5360106433e-02
-3.3239209595e-02
-4.5229599370e-02
-1.1760527518e-01
4.1857624132e-02
-2.9932105335e-02
-4.1338367052e-02
4.3183539852e-02
7.1459699025e-02
3.7695720538e-02
5.3032361997e-02
-2.1797447264e-02
-3.5595971788e-02
-8.5805006605e-02
-9.8385631526e-02
5.6891618181e-02
7.3849352870e-02
-1.1739088586e-02
-4.2049071294e-02
-1.0967282597e-01
6.9143078549e-02
3.1974398026e-02
4.1420977115e-02
-9.8556695798e-02
6.0928609899e-02
1.3953578021e-01
-2.3299528885e-02
4.3767351287e-02
6.5498862635e-02
6.1554999875e-02
4.3957181597e-02
-4.1930255266e-02
-3.4241521617e-02
-1.1065176250e-01
-2.9624688354e-02
-9.8078697570e-02
-4.9372269982e-02
-6.1668398506e-02
-8.9251863957e-02
-5.5212491724e-02
7.2765097641e-02
6.5471390557e-02
8.9254388301e-02
-2.6759791942e-02
-3.7879196012e-02
4.6301624926e-02
-8.8919459465e-02
-6.0134136433e-02
-9.4011435555e-02
1.4269094005e-02
-3.1453915644e-02
-7.1009237432e-02
-2.2746578214e-02
3.5291246926e-02
-8.8360795708e-02
-3.7038772949e-02
8.6869874116e-02
1.0514868879e-01
2.3939548357e-02
4.6654466158e-02
-3.4150592773e-02
-8.9944339969e-02
-2.1764211863e-02
4.5638475691e-02
-2.2855532040e-02
1.3428567956e-01
1.5531785564e-01
-6.4843110274e-02
-7.5257846194e-02
-9.7853342727e-02
3.6487417750e-02
-7.1564537045e-02
3.3827544005e-02
6.0506988634e-02
1.0328450018e-01
9.8754568882e-02
-4.0687014856e-02
-7.9699707817e-02
9.0667790615e-02
-9.1286244106e-02
-2.3511901733e-02
-7.4297122537e-02
9.1375053760e-02
-2.1951712495e-02
-2.4758904768e-02
4.5996287250e-02
6.2319243204e-02
5.9522010305e-02
-1.4963464642e-02
-5.1805530882e-02
4.1089639239e-02
-7.7027045416e-02
-1.3024091377e-01
-3.7638639265e-02
-6.7571018091e-02
2.9165467735e-02
-4.3556529070e-02
-8.2656251835e-02
1.9831670719e-02
3.6637404818e-02
-5.0961014699e-02
-4.0834473988e-02
-4.9157554139e-02
6.5452881588e-03
-2.6564168008e-02
3.4717967156e-02
1.9135657785e-02
1.6231843581e-02
-4.0403535160e-02
3.1413952814e-02
-3.0578366217e-02
-1.7578581847e-02
5.3484940166e-02
-6.9220766741e-02
3.1828678476e-02
8.3559069512e-02
-3.1432703904e-02
1.8664331353e-02
-1.0015603476e-01
-9.1228409739e-02
-2.6541136337e-02
-5.2854362186e-02
-7.3327833014e-02
-6.4680995321e-02
-2.9389312854e-02
-7.0353428138e-02
-6.3427430758e-02
3.2890810012e-02
4.4444712260e-02
-1.5580284757e-02
-8.2945653917e-02
2.7783728960e-02
5.0273661881e-02
6.6365995410e-02
5.3206891776e-02
3.6240527198e-02
1.0377251770e-01
8.9766398497e-02
6.7131279623e-02
-5.2215668305e-02
4.6103555782e-02
-1.0039774565e-01
-6.5272984921e-02
3.5486347904e-02
1.4132234957e-02
6.0289208187e-02
9.3045019702e-02
-4.7004013033e-02
-6.9691155749e-02
-1.5507544056e-02
-1.4361781135e-02
-2.6983953504e-02
1.0539709262e-01
6.5108951884e-02
-7.6315084666e-02
-6.6832546825e-02
-2.6878938181e-02
4.1753064354e-02
9.6459389079e-02
8.5096111764e-02
3.0196530128e-02
-2.1215532639e-02
2.6530198802e-02
-4.8367867916e-02
-4.8151859093e-02
-2.6646306600e-02
4.8809217851e-02
2.3363268103e-02
4.1422909594e-02
1.1706244369e-02
-7.4207354641e-02
2.8844033028e-02
-2.9696961188e-02
-1.7462751555e-01
5.3337726523e-02
8.9491377437e-02
1.3795711416e-01
-6.3944036982e-02
-3.9264755540e-02
-4.2997733489e-02
9.1715749199e-02
8.3943841635e-02
2.9225517640e-02
1.1958015357e-01
-9.0746158500e-02
7.4821995194e-02
-4.7158136807e-02
2.8390838933e-02
7.0252546769e-02
-3.4935581778e-02
-3.2431858736e-02
9.6635826597e-02
-4.7462077033e-02
-3.2337625837e-02
-7.5745666170e-02
-6.7421582456e-02
4.1203205026e-02
-1.0543570029e-01
2.0818942778e-02
4.3379612494e-02
-6.5339545189e-02
-7.0985786175e-02
-7.5249641787e-02
-6.1835484519e-02
-6.8041333795e-02
-3.0075029143e-02
-5.1254374810e-02
-1.3271179350e-02
5.4250829217e-02
4.8991991807e-02
4.1841080628e-02
9.2921495182e-02
7.6451389309e-02
-4.3420638096e-02
5.8622071115e-02
-1.0699357147e-01
-4.2457352403e-02
-7.0292982708e-02
2.9247165839e-02
-1.1122712970e-01
-3.3721190699e-02
-6.1689221758e-02
-5.4050138231e-02
-3.3286273748e-02
3.5279812714e-02
2.6057255357e-02
-2.7203727839e-02
-4.2473593744e-02
3.5060344798e-02
-9.5098692896e-02
-3.0866906940e-02
1.8252881132e-02
5.4400889363e-02
2.1638917182e-02
-7.4507332971e-02
-2.8395502091e-02
-8.2124934197e-02
-3.2798629970e-02
6.1204047209e-02
9.6785310536e-02
4.4774760893e-02
4.5331262020e-02
8.3126504883e-02
3.4112704572e-02
-3.1864150106e-02
9.8698218826e-02
4.9894692424e-02
2.7997322814e-02
1.2914622008e-02
-2.4036697665e-02
1.4413291855e-01
-2.5891022619e-02
-6.2334294222e-02
3.4889959134e-02
5.4609683135e-02
7.0926749110e-02
-8.2463223575e-03
6.0061303158e-02
3.4919353653e-02
7.5743003425e-02
4.4829596647e-02
-5.9805964797e-02
1.3712118038e-01
-1.1244162119e-01
5.2597842994e-02
-3.8634961289e-02
-3.9810489347e-02
-4.0797156997e-02
-9.1904643624e-02
9.2354821632e-02
-5.7063180611e-02
-4.0048310562e-02
8.5449826458e-02
-6.8102532611e-02
2.1971872624e-02
1.3885266233e-02
3.7144856990e-02
-1.0529754782e-01
-8.3019369814e-02
-3.7143841500e-02
-3.9672745029e-02
2.2689402054e-02
8.0082046324e-03
7.4983211725e-02
1.0264633427e-01
-3.5455876742e-02
-3.6000521748e-02
3.2672683111e-02
4.5049377337e-02
-4.4223963817e-02
-5.0317461496e-02
5.5867889549e-02
-1.1982289479e-01
4.6273444970e-02
-5.7731244939e-02
1.4942153985e-02
-4.0141877897e-02
1.6017814010e-02
6.3815659319e-02
-5.2155304323e-02
4.8181432461e-02
-5.6858807450e-02
6.6939424666e-02
-6.3417955241e-02
7.1898620551e-02
6.3060017786e-02
-2.6352078255e-02
1.1337016838e-01
-3.3412982432e-02
-5.8411496053e-02
-7.2030502456e-02
3.2974511675e-02
5.3163564699e-02
2.9763097353e-02
-4.9190746624e-02
3.8122776537e-02
-3.1432050526e-02
9.1351690318e-02
-1.0562195112e-01
-8.0105343457e-02
-4.3270900487e-02
5.8361987158e-02
-7.3984088195e-02
-4.3096609086e-02
7.2594710605e-02
-5.0499020934e-02
-5.6591257475e-02
-3.6498437087e-02
-1.1037045220e-01
4.0940303113e-02
1.0459222885e-01
-8.6264273835e-02
7.3964917537e-02
-1.9270425739e-02
-2.3738580637e-02
9.4718612036e-02
-3.9834775102e-02
-4.6093929311e-02
-2.8329336050e-02
5.1808287796e-02
5.7138981445e-02
7.6001958879e-02
-8.7075299964e-02
-7.6139972266e-02
-7.7366351910e-02
-3.3220480551e-02
9.9723801189e-02
9.8273318949e-02
-3.2672741693e-02
-3.2944965826e-02
3.8684173760e-02
-4.1359355263e-02
-3.5431757243e-02
-4.8725058646e-02
-9.2331735091e-02
-2.6778852066e-02
6.6615068655e-02
-3.7532333353e-02
-4.5317297437e-02
6.6104540564e-02
-1.1662076272e-01
2.2889627377e-02
8.0145560823e-02
2.6381731334e-02
-2.9287227966e-02
-5.1493133684e-02
2.8226717922e-02
3.3739615277e-02
8.5128941919e-02
-1.0189306119e-01
-1.7634803105e-02
-1.3699182156e-02
3.1410035253e-02
4.9819837735e-02
-3.5449596913e-02
1.0361603935e-02
-7.2090282928e-02
-6.5680382558e-02
1.2334099503e-01
-5.9694839923e-02
3.7715658279e-02
-4.0423358570e-02
