-7.7896200033e-01
-9.1074555643e-01
1.7831242841e+00
6.6642768351e-01
9.7151890410e-01
-7.2730030753e-01
8.0799933318e-01
4.9636670112e-01
-1.1765256294e+00
-7.6749681387e-01
1.7897026930e+00
4.6221304860e-01
1.1109389107e+00
-1.0881934902e+00
-1.4529181721e-01
1.6597705299e+00
3.8102071300e-01
8.0953129955e-01
-3.7320187325e-01
2.0657392110e+00
3.6946496514e-01
6.3012380964e-01
-2.4879660744e+00
-9.0931915939e-01
-6.2910625331e-01
-2.8061757137e-02
3.2949586983e-01
7.9724524922e-01
-2.0146255370e-01
-5.9257126050e-01
-1.0228429537e+00
1.4889034031e-02
-1.3319491483e+00
-1.3981153676e+00
3.8350467397e-01
-2.5473415634e+00
8.5711807775e-01
-5.3886375654e-01
-8.1304134880e-01
7.1564866099e-01
-2.6975296707e-01
1.2406060195e+00
-4.9128924584e-01
-2.2502323288e-01
-9.1623166594e-01
-1.6022710375e+00
1.5188294596e+00
-4.9944141608e-01
5.5978117912e-02
-4.6659856554e-01
5.4976825386e-01
1.7648492269e-01
-1.7849591213e+00
-1.2031185775e+00
-4.2872878010e-01
-1.1732436619e-01
1.2221246427e+00
1.5179715960e+00
1.4137595830e+00
1.3102467200e+00
5.2855048127e-01
1.2280058960e+00
7.6466099560e-01
1.4367225348e-01
6.0479412370e-01
2.7515215840e-01
-7.4145275100e-01
7.5082806574e-01
1.1463487965e+00
1.4794590651e+00
1.0490820343e+00
5.2951896113e-01
-7.6538658228e-01
-1.4477373360e+00
1.1297642761e+00
1.6596229020e+00
-8.4030527883e-02
1.4552993935e-01
6.8234137986e-01
1.1109895273e+00
-3.0065921717e-01
-1.7338308523e-01
-1.2829418593e+00
2.1059859749e+00
9.9268472644e-01
-3.8392303594e-01
2.5907776220e-01
-1.4961560654e-01
3.7368815892e-01
-4.0530375053e-01
1.3008793337e-01
4.5104136675e-01
4.3688405946e-01
3.9626348330e-01
-1.5557343150e+00
-3.5593511035e-01
8.1214256322e-01
9.8292707479e-01
-6.9646290249e-01
1.3557833465e+00
-1.8278966743e-01
9.8690804356e-01
-1.3625258847e-01
-1.5863221266e+00
-7.7507769168e-01
-7.8751290092e-01
-3.3131503785e-01
1.2629508942e-02
-1.0559487673e+00
-2.6313332589e-01
1.1769054110e+00
-1.3297415537e+00
-2.1297831659e-01
1.9117130497e+00
6.1766066555e-01
-1.8041546142e+00
2.0120170750e-01
-1.2611211418e+00
-4.1406492897e-01
1.7969448731e-01
-2.8788780355e-01
-8.6037086700e-01
-2.5034431463e-01
-7.4923680777e-01
-3.8354878049e-01
-3.4915832523e-01
-4.5050438983e-01
-7.2061720814e-01
2.3553134711e+00
-8.5823307525e-01
9.4114487783e-01
-9.6980183537e-02
5.8366433301e-01
-3.0999783919e-01
9.1572309921e-01
-2.8544841842e-01
-3.4272911574e-01
2.5194542178e-01
3.6910818611e-01
-2.3984281802e-01
6.9516489791e-01
-2.3838039121e-01
-1.7417848145e-01
1.2917915153e-01
-4.7167994833e-02
7.2348422403e-01
-1.0043805471e+00
7.3042836761e-01
-1.4466155522e+00
-1.5561376174e-01
8.2196976124e-01
-1.1154570650e+00
1.1582704982e+00
-9.1580246838e-02
4.5110580543e-01
-3.7552865169e-01
5.1551972347e-01
3.3442114427e-01
1.1519359327e+00
-1.2999635189e+00
-3.5115181283e-01
1.5121935697e+00
-1.2902259009e+00
2.2378757189e-01
-2.8354045349e-01
1.2242433587e+00
-6.0176099117e-02
9.7203730688e-01
2.6219015624e-01
1.2931369617e+00
-9.9166062968e-03
