-1.9449606632e-02
1.4550461249e-01
8.6008364268e-01
-8.9528572822e-01
-1.9589911562e-01
1.2055959404e-01
-2.1765960149e-01
8.1031464128e-01
-1.4767905191e+00
-8.6556586373e-01
3.8961110091e-01
-1.1785076346e+00
-7.4948119667e-01
4.5258478786e-01
9.9735508950e-02
1.4875097743e+00
2.3738692014e-01
-1.0817297702e+00
1.7819656347e-01
-8.6971799659e-02
-3.2912390961e-02
-2.9258864401e-01
1.4525322186e-02
7.7154711262e-01
-1.2442293632e-01
-6.9299663709e-01
1.3009579052e+00
1.1196299775e+00
9.0473068120e-01
1.0675991104e+00
-1.8164197166e-01
1.7510163442e-01
2.6619081183e-01
-3.9776066004e-03
2.8050750443e+00
2.6159377750e-02
-8.1805629622e-01
-9.4720581560e-01
6.2286790209e-01
2.4194771345e-01
7.3453669035e-01
5.1691658491e-01
-1.5357181179e+00
2.3260787137e+00
9.9256841059e-01
3.4841330373e-01
1.0995368385e+00
-8.1057720704e-02
2.0578395255e+00
1.7895690329e-01
-3.4820187994e-01
1.6485179228e+00
-7.7421603535e-01
1.2579164777e+00
3.8443189109e-01
7.0647547438e-01
1.5296477613e+00
-1.0151887593e-01
-9.8194602513e-01
3.6455449177e-02
1.3234990018e+00
6.1506854349e-01
-1.6104744260e-01
-5.6668822410e-01
2.2677458317e-01
-1.5325114144e+00
-6.9934426165e-01
-6.3043576950e-01
-2.3036117884e-01
-2.5913548244e+00
6.6360244856e-01
1.7236010097e-01
-6.5567488348e-01
1.4507502056e-01
3.9779324564e-01
2.0316911521e+00
6.1160403054e-01
-2.9109253953e-01
9.5236349670e-01
9.9281711888e-01
-1.9008783383e+00
-3.1347596440e-02
-1.1771167149e-01
4.0120264359e-01
2.7348892721e-01
1.2006509609e+00
1.8674090550e+00
-1.4011173468e-01
-2.0533985739e+00
3.6376458223e-02
-3.8413470222e-01
-2.5532514777e-01
-5.5312741279e-01
1.8455313393e-01
-2.6535286764e-01
-1.8624681824e-01
6.6978454476e-01
-1.1792954788e+00
-2.8607527324e-01
-3.0111893489e-01
1.2897945946e+00
2.3971904150e+00
-8.4393507886e-01
4.9732463936e-01
-2.0753352142e-01
-4.1532914105e-01
-4.0197558984e-01
2.7764584997e-01
-7.0695427398e-01
-9.1273459038e-01
-5.0548084215e-01
3.3886765467e-01
-7.7522468759e-01
-1.0973746525e+00
-4.7045418165e-01
-1.9252900166e+00
-3.6760600716e-01
-1.6858304854e+00
-1.1540653314e+00
5.1022253908e-01
-1.3181133253e+00
-3.1123673904e-01
1.3128714441e+00
8.2504964219e-02
-1.3456147093e+00
2.2019350031e-01
1.1093446981e+00
-8.5889033602e-02
-7.2760439498e-01
4.4672603227e-01
1.7622724117e+00
-9.6660141573e-02
-8.6834354884e-01
1.3816253884e-01
1.8884217960e-01
6.3854888812e-02
2.4799724010e-01
8.4249601049e-01
-9.6068137754e-01
-1.0474438455e+00
-3.1036565411e-01
-5.5678500111e-01
-1.5400262598e+00
5.7135076234e-01
1.4431578446e+00
-4.3754119928e-01
1.0023356934e+00
-6.6673988168e-01
-2.8458227584e-01
-2.1513164963e+00
-8.6665192310e-01
7.7334155813e-01
-3.3407205474e-01
-9.4920362009e-01
-1.6181568156e+00
-7.4546946837e-01
2.7142570217e-01
9.8741467740e-01
-4.6239611306e-02
-3.2425568962e+00
-4.3738534934e-01
6.7494925230e-01
5.0723622846e-01
1.2359315516e+00
5.5845539045e-01
-1.3946849955e+00
1.4605864382e+00
-5.7715141123e-01
1.5099755329e+00
-6.4459781454e-01
7.4786233041e-01
4.4459304867e-02
5.9053559169e-02
2.8102074902e-01
-2.3327932113e+00
1.5818714606e+00
-2.0485103317e-02
-2.1447274256e-01
8.2062210661e-02
1.6219529335e-01
2.7733693869e-01
-3.0793257686e-01
-4.4494152596e-01
6.9649874726e-01
-8.6312336919e-01
5.5491124949e-01
-3.8631801372e-01
3.4632222373e-01
1.0340870033e-01
8.3777372442e-01
1.1545191642e+00
1.0554555870e+00
1.8257448467e-02
-1.3795145263e+00
-8.0342151726e-01
-1.7109062151e-01
-7.3401138392e-01
-3.5932377506e-01
-6.3557864313e-01
-8.3444471631e-01
4.1478237859e-01
6.7210120736e-01
-2.5077852119e-01
1.5278774155e+00
9.1301849110e-03
1.1727605331e+00
1.9524364832e-01
5.8235784397e-01
-1.1557274654e-01
-1.0514569911e+00
5.0438743337e-01
-1.1901387916e+00
1.3597233768e+00
6.1540326539e-02
7.0462582158e-01
-1.2140759977e-01
6.7082266126e-02
-5.9792177553e-01
2.5620057408e+00
2.1247020221e+00
1.1561590068e+00
1.5245021354e-01
6.0835863975e-01
-1.3303142207e+00
6.1555186340e-01
-5.4102393182e-01
1.3965716293e+00
2.2444773617e+00
-1.9362737890e+00
-1.1120372138e+00
-7.9766512360e-01
-6.7855709941e-01
-7.2061393665e-01
2.4279899177e-01
-1.9779940367e-01
-8.8507840290e-01
8.9147962845e-01
-7.1671224776e-01
-1.9254768612e+00
8.4411774633e-01
1.5765309336e-01
3.3297267555e-01
-6.2829707637e-01
1.0163793295e+00
-6.1320278345e-01
1.3084713218e-01
3.9321310313e-01
-7.9443601868e-02
7.4122897526e-01
1.3500381353e+00
1.0597507261e+00
-4.0942153002e-01
