8.9970760778e-01
-1.3886209840e+00
2.7084013122e-01
1.0605085639e+00
1.0752729483e+00
-5.8440556336e-01
-8.2170995979e-01
-7.3281162632e-01
-8.6869543756e-01
2.4755117621e+00
-7.0320036634e-02
-3.2990746561e-01
-9.9197285840e-01
8.6724490186e-01
1.2754173201e+00
2.7434010093e-01
-3.9972605700e-01
-6.4482890345e-01
-1.8606838000e+00
-3.8307381221e-01
-2.3620025012e-01
-3.7646147827e-01
-2.6140247009e-01
1.3298227389e+00
-1.1291937981e-02
-1.2568254256e+00
3.1741547073e-01
1.5876005882e+00
9.4964411374e-01
4.4967680298e-01
1.5155778690e+00
1.5978505378e-03
-1.2463462821e+00
-1.8986148482e-01
-4.6435181228e-01
1.9073617585e-01
2.1917600447e-01
-1.0746570254e-01
-9.2060386532e-01
6.4536713605e-01
-1.3771077680e+00
7.1000437982e-01
-5.4678669636e-01
5.6925917148e-01
1.4560033240e+00
9.4646424381e-01
-7.4095189570e-01
-1.5356673769e+00
-1.3778435464e+00
4.9910331423e-01
-4.2628319186e-01
1.7925233134e+00
1.5740062411e+00
2.1446269198e-01
-5.8046505697e-02
-4.8249565757e-01
9.4321466042e-01
-1.4020507664e+00
1.1804224016e+00
1.2450115891e+00
1.0900105916e+00
1.2525508228e+00
-2.9488514176e-04
6.8309908022e-01
-5.4203926591e-01
1.2977036278e+00
1.0165111277e+00
8.1745874163e-01
-1.2743742305e+00
4.5933374115e-01
1.1353668829e+00
-2.3629608036e-01
-1.1915611744e+00
2.1481908906e+00
1.1454241168e+00
7.4069039523e-03
-3.5919774883e-01
6.9604274215e-01
-1.2179229716e+00
8.5685786638e-01
6.9834301016e-01
1.7014920589e-02
-2.2322846702e-01
-7.9367265922e-01
2.1018218167e+00
1.0111912532e+00
-4.7765014223e-01
1.8526425387e+00
-5.6813989774e-01
-1.3839326891e+00
-1.3566380687e-01
-7.9455781875e-01
2.4284020678e+00
1.0414990335e+00
1.4864659943e+00
8.7227835560e-03
1.0557430503e+00
1.2163454603e+00
1.7176290611e+00
-1.0978347643e-01
-8.8368265054e-01
6.6154471698e-01
-1.8306436596e+00
7.6756774061e-01
-1.1138009380e-01
-2.0452181829e-01
-8.8939512041e-01
-4.3128268263e-02
-1.2529266832e-01
-6.4961526325e-02
9.7290168376e-01
9.3556460091e-01
-1.8239246260e+00
-1.0153048902e+00
1.3703217089e+00
-9.0398201875e-01
-1.7729105281e+00
-1.5254781929e+00
-2.0283873012e-01
6.6422090701e-01
1.4770354933e+00
-9.6956096987e-01
8.9334394035e-01
2.4294470957e-01
-1.5256591705e+00
9.5847653429e-01
1.1069804869e+00
-1.7557368751e+00
-2.0278475095e+00
-6.1498021669e-01
-1.1179414002e+00
2.4240860638e-01
-3.5490193727e-01
1.0037157722e+00
3.0073664967e+00
3.0876280136e-01
2.0820376899e+00
2.7475775240e+00
-1.3265681578e+00
-1.9960739023e-01
4.6577848635e-01
1.5264999408e-01
-1.1316782391e+00
3.6797306797e-01
-5.6364059230e-01
-1.1668761588e+00
-1.3058744056e+00
3.9652392387e-01
-1.9476690764e+00
1.0528949137e+00
-2.7791163380e-01
-6.2904785446e-01
8.3692723364e-01
-6.2944845672e-01
1.8735370877e-01
1.2291728010e+00
-9.4386540792e-01
-1.7748956675e+00
-4.8241663054e-01
6.1378376971e-03
-2.6513618001e-01
-2.3122509170e+00
-2.6322394636e+00
-3.4850164006e-01
8.9661678912e-01
-1.7340179025e-02
4.9847394959e-01
-2.1494936612e-01
3.0352940198e-01
-1.1792193003e-01
1.3160917088e+00
