-4.6742646009e-01
1.3673266021e+00
-7.6484877823e-01
-1.0584950166e-01
-1.3812863138e+00
-3.0875391698e-01
4.8717930261e-01
-1.9495663513e+00
-5.3866948323e-01
-8.7272285366e-01
-9.2218005881e-01
1.6665730406e+00
-6.4553120850e-01
1.1042612702e+00
1.3054379830e-01
5.6033325428e-01
-6.3010956068e-01
2.1937681255e-01
-1.1546504481e+00
-1.6037903724e+00
-7.0007093444e-01
3.4059030989e-01
-1.1064650950e+00
-7.9381127898e-01
-4.6584305728e-01
8.3774365259e-01
3.0414443806e+00
4.5318879558e-01
-2.5607318312e-01
-8.4209834230e-01
-2.7237283377e-01
7.7983069039e-01
4.7079376016e-01
-1.6405612537e+00
2.8030294027e-01
-4.0493178428e-01
3.9761073615e-01
-1.1387797643e+00
1.1321198976e+00
-8.4966259474e-01
4.0447998032e-01
-4.0393618365e-01
-4.8220435375e-01
-3.7597650523e-01
-1.1800526926e+00
-7.0405094173e-01
1.0944110875e+00
-1.4208151173e+00
-1.6388931816e+00
7.7910338593e-01
-3.0619762186e-01
1.5015603961e+00
1.4146976768e+00
-4.3868724092e-01
3.0962157522e-01
-2.6453241002e-01
2.9420825341e-01
-2.9785868111e-01
2.8531899537e-02
-3.4882644254e-01
5.6999818538e-01
1.7166749543e+00
9.2356940637e-01
-9.6393884518e-01
-7.2627786895e-01
8.7246350231e-01
3.9870302691e-02
5.7132890176e-01
-7.6692923815e-01
-2.0805612978e+00
9.4101211690e-01
-1.8375905338e+00
1.2631228927e+00
1.0322049735e-01
-1.2178485638e+00
-5.6077225448e-01
2.1856788373e-01
-1.6279504002e+00
-9.0891017754e-01
-8.0618045263e-02
-9.2987457148e-01
-2.0776896054e+00
1.6791044617e-01
6.6647362431e-01
1.2551450667e+00
-6.3590538904e-01
-1.1082966176e+00
-2.6199168400e-01
4.7851676457e-01
1.5128243615e+00
-1.2498953767e+00
6.7571943026e-01
3.4986158339e-03
1.9353286636e+00
-1.0728246205e+00
1.9927592422e-01
-2.9083117405e-01
-3.2456112343e+00
1.8573756050e-01
1.0081794292e+00
1.4632591651e+00
9.4778639682e-01
7.1511972990e-01
-1.9097323481e-01
-2.5371211084e-01
-1.3203489857e+00
-1.1668015578e+00
-8.0795922535e-01
-7.8330680795e-01
-1.1758414182e+00
-1.4736103543e+00
2.5516410475e-01
6.2328557955e-01
1.1490777880e+00
1.7687106803e-01
-2.4671396419e+00
-6.8698440652e-02
-1.9343460835e+00
2.9388293159e+00
1.7438335869e+00
2.2412574872e-01
-7.9569625074e-01
-8.4137799002e-01
-1.5759475913e+00
8.2323107436e-01
-9.0392859801e-01
-9.6564655032e-02
-4.3279811998e-01
8.7149497373e-01
4.5543465033e-01
9.3373446070e-01
-2.0258894467e-01
1.1930742489e+00
1.9526686246e+00
-1.6351122402e-01
3.1052371803e-01
1.5250038985e+00
4.8933653569e-01
3.4756178912e-01
5.4406784973e-01
2.5842675452e+00
-1.3970998068e-01
7.9119175691e-02
-6.5088239726e-01
4.1681111208e-01
4.0042993442e-03
-3.7031458313e-01
1.2307534020e-01
1.2383028273e+00
-1.7181587653e+00
3.9258574108e-01
4.3075077606e-01
4.2737493432e-01
1.0021567660e-01
2.9367901163e-01
-1.2981083945e+00
6.2728478729e-02
-2.4289708955e+00
-3.3858255559e-01
-1.1460629063e+00
3.7100162592e-02
3.0076008475e-01
6.5306398195e-02
1.2044532131e+00
-1.1101193915e+00
-1.5702083622e-01
-9.2969482945e-01
1.0444956753e+00
-5.7635882250e-01
5.7498264123e-01
-4.0736020903e-03
5.3898251831e-01
1.2267609328e+00
-3.3659032024e-01
-1.0091548473e+00
-5.5881495811e-01
5.9054890148e-01
2.2062455007e-01
-6.6001616796e-01
-5.4096928750e-01
3.9650906643e-01
2.8184043561e-01
-4.3020020048e-01
-7.2826736578e-01
6.5471967263e-01
9.1692148891e-01
1.9101783735e+00
-8.5157464113e-01
-1.0568433313e+00
5.7777890582e-01
3.5319298958e-01
-1.4644043299e+00
-1.2133266950e+00
-2.9094680047e-01
-8.0806805567e-01
-2.5456681794e-01
-1.3521819940e-01
-1.1847095368e+00
-2.4845337097e-01
3.9701151902e-01
5.6059032775e-01
4.6011837458e-01
-1.6715984402e+00
-6.2522447778e-01
-2.0881869316e-01
-3.1556169261e-01
-6.2228842788e-02
-5.9543281022e-01
-1.0055835865e+00
2.0726010888e-01
1.9762746035e+00
4.0594905059e-01
-2.5679541104e-01
1.9470069649e-01
1.0514868346e+00
1.1868060608e+00
1.0113235215e+00
5.1966330635e-01
-5.1717449690e-01
7.4898255292e-02
-5.1827291936e-01
2.9547440922e+00
2.1299654063e+00
2.6092535473e-02
-7.2195773082e-01
-8.1996993231e-01
2.4186702733e-02
-4.8551732173e-01
1.3883276144e+00
1.1219132669e+00
-6.3497596121e-01
1.4431439197e+00
7.3120299991e-01
-2.5625516362e+00
1.6728837067e+00
-1.5975721767e-01
-6.1273148731e-01
1.7198193815e-01
-8.2523649763e-01
-2.1437649586e+00
8.2788966238e-01
-2.0025255200e+00
-6.5684987334e-01
7.5849242022e-01
1.8266203254e-01
3.6373614867e-01
-1.5015696552e+00
-7.4009050519e-02
9.6620486780e-01
5.1755289828e-01
-2.4851212193e-01
1.3038246138e+00
