-4.3527004562e-01
-9.4693021502e-01
-6.8496021748e-02
9.6976868408e-02
8.7224625791e-01
-4.4552943036e-01
3.0949776593e-01
-1.0732125410e+00
-7.5346009902e-01
-1.0260929432e+00
9.6846230755e-01
3.4476606532e-01
8.7500172671e-01
1.2573713951e+00
-9.7865172887e-01
1.8882282187e+00
-8.9774486658e-01
2.6968523716e-01
-6.7905292788e-01
-1.2319382713e+00
1.0463634633e+00
-1.9346357154e-01
-9.6684366595e-02
-1.6949863717e-01
-5.1659519529e-01
1.8491863769e-01
-9.8934132200e-01
-4.3431621797e-01
-1.1496823001e-01
-4.0383826198e-01
7.3869204550e-02
-6.1403392486e-01
1.0866719138e+00
-9.3256987779e-01
-9.6946718159e-01
2.5229733216e-01
1.6969793555e+00
-6.9534385042e-01
-7.9249735798e-02
-1.4432990952e+00
-1.1656380261e+00
-1.6983620483e-02
-4.9648825910e-02
1.8929976916e-01
-8.9519717669e-01
8.6847886677e-01
1.2971636280e-01
7.8957183483e-01
1.7385229765e-01
4.9100666665e-01
-9.1842331911e-01
-1.9234129057e+00
8.9475550904e-01
-3.1549830847e-01
-1.2990288991e+00
1.4441311257e+00
8.8022132489e-01
-1.3852251026e+00
1.5677983309e+00
-8.0788450605e-01
-1.2509031998e-01
2.2510363252e-01
1.2804646992e+00
-1.6880447400e+00
-1.3218952833e+00
9.2089626288e-01
-1.7437826876e+00
1.5430758440e+00
5.4528930111e-01
1.0649355028e+00
-1.9153659831e-01
1.4005430982e+00
-1.6178681515e+00
-1.9984470598e+00
9.2952500520e-01
-9.7657112909e-01
1.5408794912e+00
-6.3010238887e-01
1.6374720118e+00
-9.8689519063e-01
-1.4707133159e+00
1.7209306581e+00
-9.5020936673e-01
2.0171377517e-01
1.7548042572e+00
1.0851213436e+00
-3.5631201267e-01
2.3873238303e+00
-4.7778870331e-01
7.7273004824e-01
-1.0377062415e+00
7.0547180648e-01
2.4334413528e-01
-7.3231960647e-01
-3.6316150271e-01
-7.2640451488e-02
-9.2647541727e-01
-1.3789938326e-01
1.7863666468e-01
-6.4898945588e-01
4.8147680379e-01
5.7594324438e-01
4.2909750819e-01
3.5807263897e-01
-8.6808109760e-01
1.4308227884e-01
-6.4650183405e-01
1.3022562452e+00
6.5140742976e-01
1.5130854069e+00
-8.3031584477e-01
-1.3231694341e+00
-1.6143932816e+00
1.3847398752e+00
-6.3296325331e-01
-2.4241624165e-01
6.0199637116e-01
-8.4769906329e-02
3.6749821146e-01
4.8330720781e-01
2.9775899738e-01
6.5052631792e-01
-2.5060239380e-01
1.1991297227e+00
5.8616642557e-02
1.1676028403e+00
4.1999938400e-01
-1.0037905545e+00
-1.8323648918e+00
-3.3500205810e-01
-8.6148833774e-01
3.5548677257e-01
2.6639990922e-01
-3.6168530009e-01
-1.0785709479e+00
1.1302081734e-01
8.3199991204e-01
2.5860623129e-01
4.6602025490e-01
-1.7611192880e+00
1.0005144130e+00
-1.2454925202e+00
-7.0860226295e-01
1.4623640809e+00
1.5957403965e+00
2.2020993851e+00
-5.2724263394e-01
-5.3453949092e-01
-1.2915746629e+00
1.2263946276e+00
1.2986121501e+00
-1.7883622421e+00
2.2855265679e-01
-1.2849454135e-01
-1.1883702199e-01
-1.2189490542e+00
7.0187849246e-01
-1.7137379192e+00
-6.5344677075e-01
-1.0828158642e+00
-5.6803460943e-01
-1.6655749751e-01
-7.3276726161e-01
-3.0678996585e-01
-1.8047134287e+00
-4.3713155653e-01
3.9227736359e-01
4.2198720213e-02
1.3184951618e+00
4.0557664968e-01
-1.1797566933e-01
