-2.2203271565e-01
-2.6000782838e-01
9.9893833103e-01
8.2222898155e-02
6.6467833212e-01
-4.8109049765e-01
7.8816267018e-02
-1.2402969181e+00
-3.0238398060e-01
1.4476841620e+00
3.9835487637e-01
-3.7175816307e-01
3.1976566951e-01
2.9575613013e+00
1.5397269361e-01
3.1482515520e+00
-2.6089301316e-01
8.7445166168e-01
-5.2739159645e-01
-7.8043710271e-01
8.4878862150e-01
3.9976373360e-01
4.1256040479e-01
-1.2326828862e-01
-2.4264338096e-01
2.1331682421e-02
-3.0284920422e-01
-1.4761680968e-01
4.4379303958e-03
1.0355323120e+00
-3.8825341734e-01
-1.0945265552e+00
-1.8345936455e+00
7.8813253356e-01
3.6842362281e-01
1.1880947380e+00
8.3734823186e-01
1.0676270296e+00
1.0972569519e-01
5.9411171849e-01
-7.3180825852e-02
1.7450366285e+00
-1.4540950125e-01
-2.6082373686e-01
2.9385839937e-01
1.8077196497e-02
1.0952953747e+00
-1.7114739841e+00
-1.1563342427e+00
-4.9695901501e-01
4.1964635008e-01
1.2337654947e-01
7.0521440763e-01
-5.3966567218e-01
5.7632654488e-01
1.4149743178e-01
-5.7992727429e-01
-7.6556162034e-01
1.6869124361e-01
1.5029625562e-01
-1.1267367932e-01
1.3842804391e+00
-9.1028566153e-02
1.5726915450e-01
-9.3848441229e-01
2.8287849944e-01
-3.4236459990e-02
-7.2731738850e-01
-8.1746591110e-01
-1.1454462641e-01
7.5274539382e-01
1.7064053354e+00
-1.0956271917e+00
-8.0466675010e-01
-5.5470444594e-01
-3.9170303582e-01
-7.2693531137e-01
-3.1074554655e-01
4.9891743275e-01
6.9625854843e-01
-9.9341409230e-01
8.0884321965e-02
5.6802077458e-01
-1.1422229805e+00
-3.4293429155e-01
-9.1180398916e-01
-1.8596893148e-01
1.4874107163e+00
9.4075710508e-01
-7.8305196952e-02
3.0006324580e-01
-5.6564971570e-01
-4.6897447740e-01
-8.2802233608e-01
1.1065646084e+00
1.6658779162e+00
-1.7835307405e-02
-5.0702543965e-01
1.0671551199e+00
1.5613001670e+00
8.1707514343e-01
-1.4402879660e+00
2.7350990345e+00
-7.4557140735e-01
-1.4105865801e+00
-1.1643398138e+00
5.0894549078e-01
1.9451620349e+00
1.1293830508e+00
4.6567943721e-01
3.1297547098e-01
1.1208424927e+00
-1.9783441712e+00
-1.2558181209e-01
1.4176526857e+00
-9.4689470709e-01
-1.5613035379e-01
2.4152886484e+00
-1.1076621315e+00
2.7453777122e-01
1.3667992519e+00
9.2774894235e-01
-1.3942346574e-01
1.9692805898e+00
-3.5410329679e-02
-7.2432749843e-01
2.8484013730e-01
1.8235379787e+00
4.4871199262e-01
-1.1640762694e-01
1.8561925193e+00
1.6688002736e+00
-4.9859373911e-02
3.3284244972e-01
1.9294363116e-01
9.1700132412e-01
1.1872785478e+00
-8.2977236686e-01
1.0160493977e+00
1.3200948121e+00
4.3679186007e-01
-6.4369125145e-01
-8.4781216029e-01
-8.1951504003e-01
2.5647481831e-01
5.3008335790e-01
9.7571980035e-01
-8.5089568508e-02
-1.0208205560e-01
1.0926690098e+00
1.3884240625e-02
1.3050586018e+00
9.4980421788e-01
-1.5910084852e+00
2.7234864376e-01
1.2869761511e+00
2.9016346050e+00
-8.7441914600e-01
2.5205074094e-01
-8.5277211677e-01
-2.2462927166e+00
1.9856727248e-01
-1.5038698183e+00
-1.4289540781e+00
1.5282982578e+00
2.6515948335e+00
5.4601708869e-02
2.5011607499e+00
1.5332254441e+00
-7.4044668064e-01
-1.0376359250e-01
-2.0120061120e+00
-1.0693052440e+00
1.9595540590e+00
-3.6273588048e-01
7.2190173680e-01
-1.6935094612e+00
-1.2299325178e-01
-1.0874039760e+00
1.3885681124e+00
-1.1897023397e+00
-1.5344624633e-01
-5.7243030208e-02
3.0964962624e-02
-2.4152971198e-01
3.0772773471e-01
1.2406496159e+00
-1.3513015748e+00
5.0850420864e-01
2.5865418712e+00
-1.4905303219e+00
-1.4597414061e+00
1.2267855147e+00
-5.1599167783e-01
-7.4533485891e-01
-1.0459707315e+00
-5.6317099081e-01
3.9855816680e-01
-6.6508583754e-01
-7.1118815697e-01
-9.5087012029e-01
-7.2079085699e-01
-5.3080393568e-01
-8.6043548809e-01
6.2969348059e-01
-1.1946639109e+00
-5.4897245854e-01
2.2978778000e-01
9.2828759918e-01
-6.1791621549e-01
1.0260863306e+00
-6.8183273280e-01
5.0002292438e-01
1.1398988535e+00
5.0752373481e-01
7.8172302987e-01
1.0473581777e+00
1.6946642816e+00
4.9399893459e-01
8.8480340095e-01
-7.3555227196e-01
-3.3944922157e-01
-1.1446609659e+00
2.5057292784e-01
9.6499962760e-01
9.6123307906e-01
-2.9443791266e-01
-1.9982566439e-02
-3.0188119826e-01
-5.8791300000e-01
1.0041194750e+00
1.7248645014e-02
-1.7351757146e+00
-9.1490114787e-01
-6.9818978126e-01
-1.1395878447e+00
-1.4709461976e+00
1.4331967067e+00
1.2302174269e-01
2.2069041223e-01
8.1436565652e-01
4.0838401478e-01
-7.6875123696e-01
-1.6666547332e+00
-1.5517109527e+00
3.0418979568e-01
1.0607426267e-01
-8.4052781596e-01
-1.7739033263e+00
-1.2118330860e+00
-1.3842440802e+00
1.0210374335e+00
9.9608568648e-01
2.3672386436e-01
1.2381412701e-01
4.5169097828e-02
1.1582333561e+00
3.2029293717e-01
2.5473189281e-01
5.6325395040e-01
4.6304012762e-01
-3.9298808935e-01
-1.7097473051e+00
-1.4703076026e+00
1.2831407171e+00
-7.5506303899e-01
-1.9643913806e+00
-1.5501156360e+00
5.0938462244e-01
1.6511743576e-01
-1.4561771500e-02
-1.5468636246e+00
-9.9763101598e-01
-8.2987675593e-01
-4.0305403893e-01
-3.3727113463e-01
2.1480963187e-01
1.5049491894e-01
-1.2152472693e+00
-3.4360926494e-01
-8.7413639950e-01
8.9556632394e-01
1.1679253452e+00
3.3017308979e-01
-1.7941907115e+00
-1.0490379969e+00
-7.9587671703e-01
-5.5130288861e-01
7.8017790728e-01
4.1768785288e-01
1.0577293531e+00
-4.0072276674e-01
9.4729385708e-01
-1.0030765507e-01
-9.3529181197e-01
-3.9336079801e-01
8.8901514380e-01
-1.5594466103e-01
-1.5965193561e-01
-3.5328141193e-01
1.7196653151e+00
-1.2091285611e+00
3.0605616377e-01
7.9193074334e-01
-1.2577538527e-01
-6.4404020890e-01
5.6750380165e-01
-6.2920053146e-01
-1.1962358967e+00
-3.3289173653e-01
-8.2413652604e-01
-7.3248959674e-01
2.2248965102e+00
-2.8154298326e-01
1.4005264120e+00
-2.1700855602e+00
5.6837317861e-02
-7.8581836361e-01
5.9016600227e-01
5.0362625907e-01
-1.0572763254e+00
-4.2022172149e-01
1.0776564514e+00
-3.0344893244e+00
-2.2862416856e+00
2.3146769120e-01
-8.8524924771e-02
-1.3900615370e+00
-1.3943916805e-01
-1.3585474931e+00
1.2280448082e+00
1.1774620591e-01
-1.0551356551e+00
-1.4238366066e+00
9.9444459913e-01
1.0203143664e+00
1.1364289958e+00
-1.8787331786e-01
3.0844627492e-01
1.1065962451e+00
-2.0981912500e-01
-1.2823447380e+00
-1.5112261440e-01
2.2639985561e-01
-1.6970449142e+00
-7.7417409880e-02
-7.7695177065e-01
8.9112741872e-01
2.3253737379e+00
-4.3788998977e-01
3.2866560611e-01
-2.1052013921e-01
-1.2823386896e+00
3.2676035263e+00
-3.8549675564e-01
1.1088013295e-01
7.1716763154e-01
4.9441720964e-02
-6.4075972528e-01
-4.7541537925e-01
1.3968227155e-01
-6.0064424043e-01
4.5144411056e-01
-9.8865868963e-01
-5.5868221738e-01
4.4806339448e-02
-8.2772532020e-01
8.7371144944e-01
4.2633313073e-01
1.2139667710e+00
-7.3607811282e-01
7.8929005564e-01
1.2714750502e-01
1.1168929871e+00
-1.0682812375e+00
1.3833999126e+00
5.3586575489e-01
-7.5952558279e-01
-1.2367160335e+00
-6.3988733909e-01
-1.2848392503e-01
3.2261237260e+00
-1.2534889597e+00
-2.0845011848e+00
1.8883107036e+00
6.9089049328e-01
1.8188600577e+00
5.5710434799e-01
4.8753253616e-01
1.6002059180e+00
-4.5430126103e-01
1.2672898156e+00
7.2364807137e-01
-5.3078545977e-01
5.8814941782e-01
2.0987346516e+00
-3.8270588659e-01
1.6175545855e+00
-2.0433111044e-01
1.1004919605e+00
