-5.2185539776e-02
1.5213046885e-03
-2.0212799789e-02
-2.6943107889e-02
-8.3434099688e-02
3.3981556916e-04
5.0194898229e-02
-1.7206738726e-02
7.3046732474e-02
-1.9616062302e-02
-5.5753519427e-02
5.6147624704e-02
3.3265588367e-02
4.5984602840e-02
7.9203319877e-02
4.6252914921e-02
3.2741322430e-03
-5.8268746491e-02
3.7352842703e-02
1.6438404502e-04
1.2880761158e-04
6.4827399432e-02
-4.5839535142e-02
6.6060255246e-02
-3.6773027059e-02
4.1618455313e-02
3.2560303715e-02
3.1526799053e-02
9.7723233778e-04
1.8359399025e-02
-9.1094427113e-04
-6.6299589663e-02
-5.5488724014e-02
-1.9023123665e-03
-2.4631885275e-04
-2.7761890450e-02
-4.0221723633e-02
-1.5468828144e-03
-4.8627018838e-02
-5.7594525569e-02
7.1839835473e-02
9.4835877733e-03
1.4930139211e-02
-8.4047883982e-05
1.1125858756e-02
-4.0000256022e-02
1.9268903765e-03
-2.0902807189e-02
3.2556236564e-02
-2.7382369269e-03
-2.6546892342e-03
5.4040985229e-02
6.6675986546e-02
3.0767998692e-02
-2.1881410545e-02
-5.4098169827e-02
4.5478364571e-02
-2.9575910455e-02
-3.6175629352e-02
-5.1301190776e-02
-3.9780885757e-02
2.5966806112e-03
-6.0382136544e-02
-2.0968052021e-02
3.8633134523e-02
7.6427267554e-02
-2.9359018250e-02
-4.1059382377e-02
7.5756188135e-02
6.9569881256e-04
-5.5179571129e-02
4.5414210748e-02
1.5863954440e-03
-3.8000360705e-02
-3.4760779781e-03
6.7414879159e-02
-1.6684025109e-02
4.3394153977e-04
-9.5184061294e-03
6.2380891944e-02
-9.2792577673e-02
-6.5864615247e-02
-3.1525917096e-02
-2.6319411098e-03
3.2484923457e-02
1.2971522846e-03
4.7640591657e-02
3.1036576401e-02
3.1833080264e-03
-7.3553870293e-02
4.7906558488e-02
-5.2298397692e-02
6.4352285849e-04
-6.2084872788e-02
1.7380491449e-04
-3.3851109427e-02
-3.1250140710e-02
1.6567249947e-02
-5.1980027168e-02
8.1500931337e-04
-4.0920367521e-05
-4.9268784604e-02
-5.2180066431e-04
5.0978415947e-03
-1.3459660878e-02
4.7723984123e-02
1.0581932905e-03
-3.6800509576e-03
1.7575370298e-02
-1.2820307570e-03
2.3802470920e-02
-2.7047859607e-02
9.9294646691e-04
3.3840459199e-02
-4.5202233264e-02
1.9498150264e-03
2.1314278033e-03
5.8625037361e-05
3.2601457455e-03
-8.3225472639e-02
4.6255312209e-02
-1.4062257530e-04
-2.2869831030e-02
-6.4016189706e-02
-2.2426997422e-04
1.5715018221e-02
-4.7197753755e-02
-2.5534113512e-05
-5.5422928141e-02
3.2296338215e-02
-1.0784549738e-02
-1.1985477219e-02
-4.4168454117e-02
1.3127787532e-03
1.0239155060e-02
-6.3605958531e-04
-5.5625128597e-02
1.6306017372e-03
-1.6763336176e-02
3.0102749281e-03
9.4898809830e-02
4.7344888694e-02
-2.8290291593e-02
-2.4535486326e-02
6.1384977692e-02
2.5226654296e-02
-3.5516411216e-02
3.3347134552e-02
-1.4458329541e-03
-2.6271078107e-03
3.4628885796e-02
-4.3398368170e-02
-2.0497342424e-03
-4.0508386099e-02
-2.0332110110e-02
2.0070934865e-02
-3.1314966468e-02
-2.4305438025e-03
3.2027014213e-05
1.0373965691e-02
-6.1125800544e-03
8.0469753721e-02
2.5579477023e-02
-4.6435719949e-02
2.5672717307e-02
-7.3798226540e-02
5.2318209499e-02
2.4844015051e-03
-4.1534374721e-04
6.3205114925e-03
1.5402850071e-02
