9.6549690043e-02
-1.0219479942e-01
-5.2059537106e-02
4.6227892759e-02
-7.4502205210e-02
-6.5956182768e-02
-5.2803953106e-02
-5.8247651937e-02
4.6074659945e-02
4.6338613797e-02
-7.8564274639e-02
-5.4827945279e-02
8.2250300814e-02
-7.0020325349e-02
5.5658851039e-02
-6.3207578954e-02
-8.4741974902e-02
5.8072122493e-02
5.5839855499e-02
-6.1783989543e-02
-5.5991258874e-02
-7.0711604526e-02
5.7572484290e-02
-6.9151520047e-02
-7.1513891224e-02
-6.8602319868e-02
1.2614194479e-01
-2.0076071867e-02
-6.8143295004e-02
7.7773212836e-02
-5.8696586780e-02
9.2010493432e-02
4.4978534871e-02
5.7757724594e-02
5.7856998273e-02
5.9098383912e-02
-6.9571109531e-02
-5.1650276650e-02
-6.2795166619e-02
-1.1372159460e-01
-5.8579358167e-02
6.7985030987e-02
-7.9498750931e-02
5.9778541938e-02
-6.4224200428e-02
-6.6847618002e-02
5.3767539390e-02
5.2974867422e-02
4.3707613856e-02
-9.2670051672e-02
-5.2809194679e-02
5.6996215119e-02
5.7017221592e-02
6.7482275781e-02
5.9352955874e-02
-5.6375472372e-02
8.6821148024e-02
-1.0561350407e-01
-5.6506229984e-02
-4.2320769507e-02
4.3685435848e-02
6.9007513241e-02
8.1068811463e-02
8.8769905088e-02
7.4601394532e-02
6.7207696737e-02
-4.0489770372e-02
-6.6646633925e-02
6.3994736552e-02
4.5526002793e-02
-2.2452436844e-02
-5.6160363441e-02
8.4885969692e-02
-6.6169061254e-02
1.0249047310e-01
4.7853517141e-02
5.6352760620e-02
4.0023368929e-02
7.9158178588e-02
5.3419992069e-02
-5.0335428025e-02
-7.9540858588e-02
8.7464702067e-02
8.6855500806e-02
4.0824168024e-02
1.0825257544e-01
5.3645601024e-02
-6.7581191077e-02
5.8515066517e-02
5.5044104545e-02
-7.2811291075e-02
-6.1557098264e-02
5.0731005266e-02
-7.8071547858e-02
-7.0287196815e-02
-5.8235259863e-02
-7.8888121626e-02
-7.1156506248e-02
-7.7863665419e-02
-9.3271162100e-02
5.9092377386e-02
-6.9264022060e-02
-8.2980592256e-02
-5.6753789632e-02
-7.2411781734e-02
4.4498900970e-02
-7.0218641380e-02
5.4570744118e-02
6.5584579584e-02
9.2619641412e-02
5.4495142503e-02
-5.7329654869e-02
5.1093168327e-02
-8.6898686836e-02
-8.4533937477e-02
5.1921446626e-02
6.5760292432e-02
5.4752355582e-02
-4.2685778364e-02
1.0630707596e-01
-8.7396313178e-02
5.4794104559e-02
-4.9867869818e-02
-4.1488976025e-02
9.0330828604e-02
1.0018620031e-01
-8.1383061467e-02
5.8192196216e-02
-7.4024403119e-02
9.7826910374e-02
-5.9117519289e-02
6.9404895788e-02
7.7455923605e-02
4.2792860532e-02
5.2694458656e-02
-5.6955042090e-02
6.4169528929e-02
6.4265373284e-02
-7.9172386174e-02
-1.1660671725e-01
-7.8509577645e-02
5.8456912710e-02
-8.4304802845e-02
5.9390276787e-02
9.8182204457e-02
-6.4178469954e-02
-6.9727384712e-02
-5.7905604242e-02
1.2021949050e-01
-5.6813463568e-02
-6.1548850033e-02
6.2790365815e-02
-7.2291401694e-02
-8.7542310492e-02
1.6131862279e-01
6.6545187691e-02
-5.5168376744e-02
5.6496393489e-02
1.5417226979e-01
4.9439956553e-02
-5.4175549294e-02
4.6006071657e-02
1.3820189334e-01
-5.8921100818e-02
8.7951489987e-02
6.2250119768e-02
5.5685861541e-02
7.5934856513e-02
-7.7682559935e-02
8.8195133615e-02
-9.0858242093e-02
-9.3076875534e-02
5.3633632292e-02
-5.8453608247e-02
-7.7472230470e-02
5.7151630291e-02
-7.6063745120e-02
7.1126428677e-02
-4.6066083887e-02
1.0517366704e-01
-8.8619012447e-02
-5.1640004506e-02
-7.8890665117e-02
8.6368226402e-02
5.9821747234e-02
5.6158136751e-02
-5.4571970581e-02
6.9260005451e-02
5.8420914980e-02
-5.6689909198e-02
-6.2503979233e-02
-7.8600602214e-02
-9.7667173505e-02
-9.0279905759e-02
5.7557823631e-02
-5.5900387255e-02
-8.7584883469e-02
7.0485721715e-02
-5.6094216411e-02
-7.2569527538e-02
8.1560966444e-02
7.2816247598e-02
7.2238645820e-02
6.7433668513e-02
9.2068799057e-02
9.0749536844e-02
-5.2412038272e-02
-4.6096193212e-02
-8.0251851107e-02
-6.3574378037e-02
5.2054845335e-02
-9.2926797894e-02
-8.8688123790e-02
6.2349640168e-02
-6.9372176514e-02
-8.7844528894e-02
-7.8110364860e-02
-5.6816335797e-02
-4.7521156992e-02
-5.8939223654e-02
-6.9951767584e-02
6.4398965295e-02
1.0320957969e-01
-7.1597037233e-02
-8.9564691534e-02
5.3989918763e-02
5.8843116830e-02
-8.0314037222e-02
-5.8365235522e-02
-6.7800177846e-02
-4.8019357623e-02
7.4044581293e-02
7.6681716851e-02
-7.2021068324e-02
5.5923024139e-02
-7.7104274851e-02
7.1035494760e-02
-6.9234065520e-02
8.2524333345e-02
1.1088981163e-01
4.2701876814e-02
7.8170302274e-02
7.4238892390e-02
-2.5822179763e-02
8.0427230206e-02
-7.7658654921e-02
-9.4695583685e-02
-7.6129313926e-02
5.4742620636e-02
-9.1263043969e-02
5.1902125305e-02
-7.4896992345e-02
-5.6721042668e-02
-9.2860274885e-02
7.8174715229e-02
-6.6097749763e-02
8.1418399641e-02
-5.9226763378e-02
4.7279053059e-02
6.0120271865e-02
9.3417282244e-02
5.4766121730e-02
-8.2327461762e-02
1.7110034523e-01
5.1805212049e-02
6.3521564632e-02
-5.9420009142e-02
-8.5373594544e-02
-4.9989096522e-02
6.8641410493e-02
5.0382143528e-02
8.8693034498e-02
-9.6976934647e-02
5.8870148386e-02
5.6650475306e-02
5.2803882823e-02
-6.6491099197e-02
8.3417167996e-02
6.3068603520e-02
6.0052470659e-02
8.4283135354e-02
-5.4952113894e-02
4.8078695990e-02
-7.4483925905e-02
6.9545528886e-02
7.9718771753e-02
9.4428573226e-02
-5.7258470059e-02
-5.7132695565e-02
-7.4041986686e-02
5.8294186258e-02
-5.1955503494e-02
-6.7619223195e-02
5.1246672680e-02
5.9961123064e-02
6.3380800099e-02
-5.4065628750e-02
-5.8927510399e-02
9.4591511632e-02
8.4919199728e-02
-9.0649496049e-02
-7.6630625106e-02
-5.2651424535e-02
-6.6581568164e-02
5.3319745061e-02
7.4817191606e-02
-9.1644904624e-02
3.1329996610e-02
8.1291850224e-02
6.8686343872e-02
9.6416568638e-02
5.0666723002e-02
-8.0699927444e-02
5.4418299362e-02
5.4608172387e-02
6.0836446238e-02
4.7022356106e-02
-5.7601521268e-02
6.4115685144e-02
5.3970576092e-02
5.7858061176e-02
9.6583651988e-02
-9.2370361879e-02
8.0324377433e-02
-8.7739960218e-02
-8.3300478526e-02
-5.3723313608e-02
6.0333282032e-02
-6.0187225078e-02
7.1912859435e-02
-6.5743713297e-02
-7.6607750369e-02
7.0644356562e-02
