-3.8898149917e-02
3.6007839715e-02
-1.9485847619e-02
1.1826256262e-02
-7.3767276619e-06
2.1988717040e-02
-7.5353124503e-03
-4.9640001769e-03
4.8130324769e-06
2.8092580849e-06
3.8174138152e-02
1.0231770853e-05
1.0286528693e-02
-2.1995761293e-02
-1.6114780484e-05
-4.9124715413e-02
4.1406720113e-02
-5.4489527357e-02
-1.9348603832e-02
-5.5498274694e-02
1.0461240300e-02
2.1483199259e-02
-1.0801565874e-02
1.4693656291e-02
5.1187836102e-06
7.8088598881e-06
7.0201700380e-03
7.4898328721e-03
1.9392360367e-02
-7.1122161092e-02
-3.2482029302e-02
-2.3614882755e-06
-1.7228609945e-02
-6.7293355358e-07
9.2134103739e-02
2.5894340976e-02
4.3745202876e-06
2.1792775944e-02
9.7947443233e-03
3.2752487247e-02
-5.4374191826e-03
2.2316131023e-02
9.0995041362e-03
6.8165037963e-03
9.0532726891e-03
3.0141461634e-02
-3.9406666325e-02
3.4202189651e-02
6.4570434669e-03
-1.5139072439e-02
-6.2389816030e-06
1.1605881703e-05
-1.5000863270e-02
4.0477592252e-02
1.6691475678e-02
-2.4742889297e-02
1.8459392997e-02
-7.5326659568e-02
-2.0022420010e-02
-6.4016404738e-02
-4.6277854598e-02
1.2671768522e-05
4.7285551093e-03
4.5254152550e-02
2.5565284992e-02
2.0533407064e-02
9.3851475861e-03
-2.8139249993e-02
7.3616062056e-03
-3.6312107473e-03
-1.9749613858e-02
1.9858063436e-02
-3.4030211584e-02
2.0766025077e-02
4.7614800479e-02
4.9087810413e-02
-2.9263927869e-02
5.0923502849e-02
1.1188865838e-05
2.2475313995e-02
3.0417049174e-06
-4.6773230475e-02
4.8021796847e-06
8.0163512365e-04
-6.9028026067e-02
4.5345828092e-02
-1.0016831084e-02
3.4793307570e-02
-3.8822157264e-06
1.5220303638e-02
2.5033102020e-05
-6.5664197905e-06
3.6036169664e-02
-3.0726663078e-02
-1.4786641716e-05
-7.7077272448e-03
4.4661200544e-05
-3.7471755415e-02
7.9630112229e-06
2.2160336539e-02
-7.5125391022e-03
4.5779515365e-02
-1.3877125775e-02
7.9979934314e-06
-6.1325607416e-02
-7.5602779735e-06
-1.6855662005e-02
-3.8082602285e-02
2.4581851937e-06
-3.5585255267e-02
3.7666892531e-06
7.3371499443e-03
1.4999377795e-02
-1.4221677124e-02
1.5897851941e-02
-1.6896711288e-02
9.8903705165e-04
2.2674921611e-06
-6.5314460250e-02
-3.6699134439e-07
-3.1893747044e-02
-3.1537042752e-02
-2.9814666721e-02
5.9876143898e-02
1.2737531810e-07
-5.5279089752e-02
-7.7904697079e-02
-4.5219578868e-03
-1.8234792948e-06
9.3016525908e-03
2.7111616639e-02
3.0086234435e-02
-5.2466751853e-02
5.5860025397e-03
6.6660406108e-06
1.7490817508e-05
3.7853360347e-02
3.1525494017e-02
7.6113202159e-06
-4.1775694047e-02
-3.5352041454e-02
2.0546281278e-06
-5.3666632790e-02
1.7497572896e-02
-4.8110582064e-02
4.3467251187e-02
-7.7670130227e-02
1.4950190622e-05
-2.3327789906e-02
-8.1403013730e-03
-1.6771343586e-02
-3.0755713145e-02
-3.0349197293e-02
9.2168326313e-03
-1.3562214608e-02
7.4839905221e-02
2.0660219728e-02
6.1026685387e-03
-1.7140569441e-07
2.6406990182e-02
-4.2277585233e-06
-1.7174229824e-06
-6.6305530857e-06
-6.0501836532e-06
1.2748320469e-06
5.5658717183e-02
-6.6998996666e-02
2.3534165948e-02
-4.2955117726e-02
4.8814607123e-03
2.6225522580e-02
3.0451636614e-02
6.0999547342e-03
-2.7105554262e-02
7.6995405697e-02
-1.1062805275e-02
-7.6986024038e-02
5.0073693733e-02
-6.1998266132e-03
2.8036791121e-05
-3.0440138090e-02
5.7425438319e-02
4.3158967967e-02
3.5343122550e-02
-4.9506054048e-06
2.3375466326e-02
1.7681742714e-02
1.2422290606e-02
9.1005930726e-03
1.3392397081e-05
8.9988395383e-02
-5.9965658905e-03
1.2190257803e-02
6.3548184009e-03
1.1727380069e-02
-1.9941925661e-02
1.1427835752e-02
-4.3645290751e-02
-8.9540259818e-02
-8.8737619885e-03
4.0744818494e-05
2.1891144782e-03
9.9321654178e-03
2.1241311537e-02
-3.0059484643e-02
-1.6215474757e-02
-4.9839764280e-02
-1.2594446564e-05
-4.3612417062e-02
-2.0805659752e-02
1.3435832451e-02
-4.3591720846e-02
-3.4116791641e-02
3.7493511506e-02
-2.1685401609e-02
-2.6028162958e-02
8.7062278732e-02
1.8373773188e-02
-2.4243146959e-02
3.3237092945e-03
4.9634091831e-02
1.3275068792e-02
-4.4420433549e-02
1.6011842820e-06
1.4288196446e-02
7.6059858759e-06
1.4278913102e-05
-7.1683829773e-03
-3.6445591384e-06
4.0720829081e-02
-2.7828485030e-02
-5.7956668544e-02
-5.2356556300e-02
2.8120558198e-02
1.6420937821e-02
-1.9518111916e-06
-6.6986248222e-03
1.0287995593e-06
-3.4895999502e-03
-7.6312672209e-05
-1.0914872409e-02
-7.4188259847e-03
4.9571784510e-06
5.2564262959e-02
-5.9316131608e-02
2.4010552593e-06
3.9421964507e-02
-4.2934458876e-02
-3.1651952603e-06
1.2931618714e-02
7.5928289063e-02
2.0569835538e-02
