-9.3151121774e-01
8.0126632129e-01
1.8728422179e+00
1.3655280116e-01
1.0382135508e+00
-3.2134592492e-01
-2.2723758241e-02
-1.3205256453e+00
-6.0787521076e-01
5.2399020640e-01
8.0496667262e-01
1.4757485677e+00
-1.2115336718e+00
-3.6693749647e-01
-4.7332174276e-01
-9.3953135698e-01
1.6308297908e+00
-1.3794130542e+00
-1.5325771025e+00
-4.1310585439e-01
6.0126847902e-01
-2.6088050459e-01
1.9894394930e-01
4.7074648330e-01
6.4175767034e-01
-4.4373911569e-01
-6.4663058031e-01
2.4817335473e-01
-1.3391976112e+00
-7.6005527034e-01
2.3115059669e-01
-1.4126423729e+00
1.2180786271e+00
1.8479212745e-01
-1.8950076820e-01
7.9712483645e-01
4.3651880578e-01
1.2922069873e+00
-7.7042939952e-01
-9.7272212490e-01
1.8329408441e-01
-1.3672126187e+00
-1.1593740632e+00
-7.6947327215e-01
-3.6565400195e-01
-1.0659383844e+00
-4.6819985585e-02
-2.2164168048e+00
-3.9557821746e-01
1.4149482688e+00
1.3383089794e+00
1.8272179988e+00
3.3312802987e-01
8.1430419809e-02
-2.8968810916e-01
-1.4563786105e+00
-2.7449941413e-01
-5.4474198938e-01
1.2650268476e+00
-1.1282351723e+00
-6.5911973451e-01
8.4015448651e-01
1.9619357031e-01
5.7597566251e-01
-3.7729371737e-01
4.9937913341e-01
4.6469132992e-01
4.3908701721e-01
5.7581329704e-01
1.4590811098e-02
9.3047530075e-01
-1.1763823895e-01
1.1109733106e+00
1.1580412853e-01
1.3821010452e+00
5.8091095854e-01
-1.6912747166e-03
2.1829401469e-01
-1.2556843841e+00
5.4778024901e-01
-1.3897835828e-02
-1.5159871034e+00
-7.7796003348e-01
1.7366274200e+00
-1.2343035508e-01
-4.0032457677e-01
-1.6906435476e+00
-2.9853093820e-01
9.0776151483e-01
7.3185988155e-01
-9.3458516026e-01
-1.5388601423e+00
-1.3546549671e+00
1.1895675139e-01
6.6793720886e-01
9.2329664805e-01
6.9048128592e-01
3.5941802382e-01
2.4055772144e-01
1.3130915976e+00
1.1471040784e+00
-3.6864196136e-01
4.4098816795e-01
2.0130737714e-01
-1.4366636670e-01
5.3434897976e-01
-6.6118839328e-01
1.2078099792e+00
1.4224061349e+00
4.7014625995e-01
5.1106042775e-01
-3.0835746792e-01
1.0650799076e+00
1.8961021239e+00
2.4481331036e+00
1.3151432090e-01
-6.2811823039e-01
1.3510936795e+00
-6.7168568388e-01
2.4662617693e+00
2.1932286215e-01
-1.7336596914e+00
1.0428427750e+00
5.7688212285e-02
1.2651052692e+00
4.8811551773e-01
-1.0414734110e+00
-2.3176289002e-01
2.9921815804e-02
3.9538835229e-01
1.7476686692e+00
1.9419501067e+00
7.0308085178e-01
1.2284927186e+00
1.0283168343e+00
2.1666011568e+00
-2.9027089480e-01
7.6227875040e-01
-1.2402467996e+00
-2.2497398844e-01
-8.3660715129e-01
1.0708381721e+00
-1.8650522962e-01
1.7427159060e+00
3.4898297084e-01
1.7175499236e+00
-2.9171167101e-01
-1.8569404601e+00
6.6018554212e-01
1.1832273084e+00
-1.2130083375e+00
2.3466427603e-01
1.4197719579e+00
-3.1705826536e+00
3.5287140449e-01
-2.2598070996e-02
1.4189833443e+00
-9.8678346426e-01
-9.5135815959e-01
2.8452922441e-01
-1.0029213067e+00
1.5669727350e+00
-8.2821682545e-01
9.6009091004e-01
-1.6218605019e+00
-9.5043713437e-01
-2.5023969383e-01
-6.5967075458e-01
3.3721860622e-01
-1.1603095752e+00
5.0680780833e-01
-7.8061215813e-01
2.0850037406e-02
8.5374221243e-01
-4.2562684460e-01
-2.1128084920e-01
-4.7603203172e-01
1.1698093856e+00
2.0711684289e-01
5.2927758711e-01
-3.0301847321e-01
-3.8249246657e-01
4.0323221672e-01
2.8393190489e-01
6.7560286527e-01
-5.9422926327e-01
1.6884108463e-01
-1.9949955454e+00
-1.5922278416e+00
-6.3655478586e-01
8.4709032867e-01
-1.2421647864e-01
-2.1887198837e-01
-2.7479160597e-01
1.1962622542e+00
1.9835682339e+00
1.3899787360e+00
-9.1308738636e-01
3.0662283226e-01
5.4508163745e-01
5.1134512530e-01
1.4700854013e-01
1.1621724274e+00
-1.3657629117e-01
7.3357394769e-01
5.1144687598e-01
7.0899448577e-01
1.1744259959e+00
1.3933327174e+00
5.9252856183e-01
-7.3909961803e-01
1.2966937656e+00
-4.6043033869e-01
1.3238270684e+00
-9.2776483456e-01
9.3084978083e-01
2.2100221517e+00
1.0536768866e+00
-7.7329046001e-02
-6.6504711248e-01
7.4589654653e-01
1.7702287112e+00
2.0561475367e-01
5.4100256998e-01
-1.1795949640e+00
-5.4114901220e-01
-4.5508011958e-01
7.0716641992e-01
3.5675764355e-01
-4.0282599289e-01
-2.1207014576e+00
-4.5710720029e-01
1.2914677949e+00
5.0403690566e-02
3.6981440143e-01
4.5888903205e-01
5.6146951357e-01
-7.7991653618e-02
1.3999391197e+00
-1.0458738260e+00
1.0228071444e+00
-3.5243096238e-01
6.4513891493e-01
1.4506265537e-01
-2.0167965848e+00
2.4374462365e-01
-1.1934973010e+00
6.6671313663e-01
4.8649787169e-01
-1.2707826323e+00
8.3050465089e-01
-8.4776215670e-01
7.5961986398e-02
9.1606715391e-01
2.1115361776e-01
-1.3323168608e-01
7.1757999033e-01
-7.9762198982e-01
1.6427540776e+00
-9.0924520028e-02
3.5229301034e-01
-1.0988229809e+00
4.7076064023e-01
-9.9188178481e-01
-5.6907174157e-02
-1.0107168787e+00
6.7098151299e-01
-3.3725475087e-01
-4.0307919908e-01
4.6116080214e-01
6.1083497137e-01
-1.2991018562e+00
7.3441180553e-01
5.2604023733e-01
2.1691860113e-02
3.7173536479e-01
9.9681172145e-01
2.4837747659e+00
1.7313249109e+00
-1.7759659724e-01
8.2899732251e-01
-9.8447288193e-01
-3.6443090899e-01
1.0539968666e+00
-2.9030907567e-01
1.6548454965e-01
7.4279090434e-01
4.7194462681e-02
-6.0820017162e-01
-3.7299850692e-01
-3.6589399611e-01
4.2606757105e-01
1.3039589728e+00
-1.0787613519e-01
-7.5639245361e-02
3.6727338447e-01
-8.8663499145e-01
2.2731903187e+00
1.3125164113e+00
-4.0637785684e-01
5.8286473880e-01
-1.0384865993e+00
-4.6999546135e-01
-2.5105587770e-01
-4.0635209206e-01
-1.7274888245e-01
8.0335306931e-01
4.3970043638e-01
2.8716795239e+00
1.6240068106e-01
-3.6797573649e-01
8.3689558699e-01
2.9476913295e-01
-1.2694989632e+00
4.6577358575e-01
-4.8418823729e-01
-3.6430076325e-01
5.7382977510e-01
5.1410176792e-01
-1.9446209723e+00
-5.9100390681e-01
-9.6733695224e-01
2.6153564943e-01
-8.1518791379e-01
-7.0744306400e-01
-6.4100505683e-01
-1.2268643997e+00
-1.1864656771e-01
-7.7701911690e-01
1.0376503006e+00
-1.6885199657e-01
-3.7123177529e-01
-3.4911222408e-01
4.4013496853e-02
-1.9605376683e+00
-8.4215104872e-01
3.2070541695e-02
6.7185231805e-01
-3.0648269360e-01
-6.7430931019e-01
1.3194414093e+00
-2.7849890873e-02
6.9198548362e-01
-1.3230596468e+00
-1.6896009819e-01
-2.2407896238e-01
-9.2622912920e-01
-3.9000778761e-01
6.1054152697e-01
-4.1302842018e-01
5.2356483417e-01
-4.6766542607e-01
9.2405713841e-01
2.2807113977e+00
-2.2828624727e-01
6.9903647777e-01
1.0001839614e+00
1.0110384860e+00
-7.3147425788e-01
-1.0518351636e+00
-2.0324222365e-01
-9.9480143088e-01
-1.7563582321e-01
1.7063337555e-01
-7.9628141905e-01
1.1015346462e+00
3.8155919806e-01
-1.4560286940e+00
3.2270940999e-01
-7.3301599805e-01
7.6279238266e-01
1.4492440910e+00
-7.5361887376e-01
1.4600776086e+00
3.5395681860e-01
1.2147795590e+00
1.9342867248e-01
1.1448927356e+00
-1.5776266146e+00
-8.0802693473e-01
8.6072980736e-01
-9.2554854782e-01
5.8399664106e-02
8.0879862253e-03
-2.4583981733e-01
-4.9672357550e-01
-2.2552573438e+00
-3.9042829268e-01
5.4415448823e-01
1.1475406028e+00
-1.6961993893e-01
-1.0051615441e-01
1.4070765181e+00
-8.1946375137e-01
-3.5063092082e-02
-5.0487176668e-01
1.2588719384e+00
2.0425208955e-01
5.1006818758e-01
2.3707665710e-02
