4.3848435618e-01
-1.7938369441e-01
-8.7321182365e-01
-6.3485871995e-01
-1.3288957138e-01
1.4335493626e-01
1.1250413162e+00
-1.9446566830e-01
2.0726312169e+00
6.1441404713e-01
-1.1690887556e+00
-4.9245227431e-02
1.9378797822e+00
8.1197387636e-01
-7.6425809143e-01
4.6136407493e-01
7.7948975874e-01
2.3501872405e+00
3.8857478570e-01
-2.7401873898e+00
-1.2324880479e+00
8.2257258344e-01
-7.7074916111e-01
2.0755748559e-01
6.6766412421e-01
3.9012518175e-01
1.0855975330e+00
-4.1610573397e-01
-1.1332033433e+00
-1.3690363078e+00
6.6012943564e-01
3.6551983029e-01
5.8920395070e-01
-1.4078897330e+00
3.2520018980e-01
8.4421389932e-02
-5.9663033180e-01
3.5636059538e-01
-1.1547057776e+00
-4.1027401809e-01
-1.6823425123e+00
4.2101521300e-01
-2.0309536485e-01
8.7677455111e-01
-8.5753531198e-02
-1.2227872741e+00
1.7346098977e-01
1.4266858127e+00
4.2989365754e-01
2.6860294871e-01
-6.4105556468e-03
-9.5541298836e-01
-4.9543607251e-01
5.7617371472e-01
6.2656215987e-01
1.2979259474e+00
-1.2238970456e+00
8.6569228319e-01
-5.5414699893e-01
2.5339035134e-01
-1.4916791421e+00
-6.1786344585e-01
-4.9442888238e-01
2.8175398310e-01
-2.0151045023e+00
-2.2938613019e-01
8.1789750643e-04
-3.3654571723e-01
-2.4407537287e+00
-1.7845961744e+00
-9.1367679948e-01
-1.7168751599e+00
-4.4563584384e-02
1.5144375282e+00
2.1265926609e-01
5.3476886509e-01
1.2740987686e-01
-4.1374054681e-01
2.0469993330e-03
1.7828877306e+00
-9.0128722304e-01
-4.7082504668e-01
4.4435158623e-01
-1.7288975104e+00
-7.9845545673e-01
9.1915647083e-01
-5.7482205893e-02
1.1006530335e-01
-2.8078749787e-01
-1.3066078986e-01
6.9330684169e-01
1.1006359199e+00
-2.3322794731e-01
-4.2371427646e-01
1.2680074081e+00
1.7050110232e+00
-1.0145974343e+00
7.5959511057e-01
-3.6450990777e-01
-1.1026910414e-01
-7.7518092282e-01
1.1020890011e+00
1.1044049808e+00
-2.4584932287e-01
-5.6870389693e-01
6.8645338237e-01
1.4336453786e+00
8.5865017447e-01
-1.1174306073e+00
-3.2401261109e-01
1.4623042859e+00
1.4577575793e+00
-4.7214349439e-01
-4.3849226952e-01
-1.4756231069e+00
-3.8931978279e-02
1.4376150834e+00
-7.2759764373e-01
8.9411163199e-01
-2.4489085854e-01
8.8202253361e-01
-1.2789151002e+00
-1.2854731631e+00
-7.2607937415e-02
-5.5915115279e-01
4.3227666931e-01
-1.3523556366e+00
-6.8950596808e-01
8.7531443349e-01
-1.2315789259e+00
2.0845242016e-01
-5.7980026993e-01
-3.4502557869e-02
-7.0971544483e-01
-1.3637701095e+00
1.2310598443e+00
-3.7322028473e-01
-4.9440209947e-01
-6.3818347164e-01
1.1727051895e+00
-1.5742847468e+00
4.8878822255e-01
5.6429603212e-01
9.2907894666e-01
9.6059386125e-01
-1.3097468662e-01
1.0081984433e+00
-6.1050042595e-01
-2.0980564289e-01
-9.3779105621e-01
5.1246244380e-01
1.2231075700e+00
1.2403508579e-01
-1.0788509344e-01
1.2261054135e+00
-8.2655632002e-02
1.2678321059e-01
-6.1313560487e-01
1.0847403529e-01
9.2330199530e-01
-1.4619411390e+00
-1.0297216735e+00
-3.1069976576e-02
1.1665320331e+00
-3.5729794931e-01
7.5318517518e-01
3.4845349843e-01
8.2422020493e-01
-1.9260964178e+00
-3.1656880554e-01
-2.0199807715e+00
