-8.9250250103e-02
1.0016044336e-01
-1.0336258905e-01
1.2848595849e-01
-9.2035033473e-02
-6.5600581768e-02
2.0923040184e-01
9.6570702601e-02
-1.1221045193e-01
7.3067018428e-02
6.8486057993e-02
1.7863989898e-01
-1.9258190538e-01
-1.7551953233e-01
-1.3947950507e-01
1.7258005241e-01
1.6315143656e-01
-1.2623922540e-01
-1.5994281445e-01
1.4441653119e-01
-1.0482550602e-01
-1.6688920604e-01
1.0518411220e-01
1.3316032619e-01
2.0980392100e-01
-1.0845255610e-01
-7.2878641751e-02
8.3441803764e-02
-7.7415605934e-02
-7.0833200040e-02
9.3519951167e-02
8.3564162091e-02
-1.3441293924e-01
9.7511943396e-02
-1.5823302051e-01
1.6508389610e-01
-1.5259549052e-01
1.3488007593e-01
1.9046033608e-01
1.9806318667e-01
-3.0474115549e-01
-1.2071910176e-01
1.3248155577e-01
5.5041442543e-02
9.1048668659e-02
-8.5062133841e-02
-1.7806228211e-01
-1.9488071985e-01
9.3765814549e-02
-1.3238259010e-01
1.0216714407e-01
1.5190239850e-01
1.6457012859e-01
1.1034076538e-01
2.0098162707e-01
-2.8633183248e-01
-6.3032209082e-02
-1.5299687997e-01
-7.9380433747e-02
8.4152674461e-02
6.9406173345e-02
1.8971121335e-01
1.1165744800e-01
-1.2110938004e-01
1.3119183192e-01
1.5572582023e-01
-7.3420902568e-02
-1.2505868110e-01
-7.5233747545e-02
-1.3354654086e-01
7.3873708907e-02
-6.6131790617e-02
1.2017140927e-01
8.4036563031e-02
-1.0245298247e-01
1.9029421995e-01
-1.6955833934e-01
-1.4054010284e-01
-6.6546755899e-02
-7.1874491019e-02
6.8731174874e-02
-2.6452579859e-01
-1.7808418883e-01
6.1409480512e-02
-6.1011030144e-02
-2.1674618106e-01
-1.2322954890e-01
-7.3134711037e-02
8.7927945827e-02
-1.1939587426e-01
1.7884560665e-01
6.4695015178e-02
-9.9326083183e-02
1.2956039930e-01
1.0842215119e-01
8.8675199386e-02
-1.5274896684e-01
6.7941469752e-02
-6.1678159660e-02
6.5304083433e-02
-1.7128461929e-01
1.9430681894e-01
-1.4081695106e-01
-8.4266109142e-02
1.9367926366e-01
-8.3354249973e-02
6.5680657195e-02
1.3294271893e-01
9.8014007253e-02
6.3358080643e-02
7.6881038896e-02
2.0249412825e-01
7.6565525105e-02
-1.1223748305e-01
1.1201018729e-01
1.0257993079e-01
1.5769420906e-01
-1.0825632066e-01
7.0816373287e-02
-1.0382085112e-01
1.2052317444e-01
-1.5711339750e-01
-1.1113974627e-01
-1.1801622009e-01
-9.3724810102e-02
1.3199540222e-01
-1.3716562993e-01
1.7817480884e-01
-9.6817505386e-02
1.1934624594e-01
1.7699932067e-01
7.1932566647e-02
-2.0984491126e-01
1.1796739516e-01
-9.5173088156e-02
-1.4837903851e-01
-5.7115817033e-02
-1.2536836461e-01
-1.3737302752e-01
-7.5723599795e-02
1.3888624680e-01
7.0743245896e-02
-2.4254195209e-01
-1.1895033081e-01
-2.0699520029e-01
2.3634407396e-01
1.8112195067e-01
1.2483997958e-01
1.2704298539e-01
-8.1591456493e-02
7.9472794882e-02
5.9658002029e-02
-8.2242103026e-02
-9.0243550533e-02
-1.0496847825e-01
2.2199278005e-01
5.5498067884e-02
8.1171559538e-02
6.2255451299e-02
-2.0591788138e-01
-6.7830692111e-02
1.6574610336e-01
-1.4300691380e-01
-9.4539977835e-02
1.9990157742e-01
-1.4204853339e-01
1.2757247468e-01
1.4029499176e-01
-1.6657920076e-01
-1.1125196471e-01
-6.8205756474e-02
