-7.0374612907e-01
-1.1464020623e-01
2.7656412981e-01
-2.8725179075e-01
7.0762117089e-01
-6.1569901722e-01
5.2850451233e-01
-8.2866170495e-01
1.0028112598e+00
1.4024683876e+00
-3.9000730019e-01
1.5478693148e+00
-5.3027168554e-01
-1.5022450790e+00
1.9138304300e-01
7.3422798483e-01
8.2659676926e-01
2.5810201778e-01
-1.0445013406e+00
-5.9840858110e-01
-3.1435795763e-01
-4.4391571051e-01
-1.0965515736e+00
1.0834530462e+00
2.1493852324e-01
-4.7127058371e-01
1.5251087055e+00
9.8764779810e-01
-3.0967741294e-01
4.7082573681e-01
-4.1302723408e-01
-9.4287003934e-01
-2.2257592325e-01
6.0627882353e-01
1.0575214591e+00
1.7250142074e-01
1.0896033143e+00
-7.5092348406e-01
-1.5688102492e+00
8.3871588042e-02
-8.5800910215e-01
3.1291726470e-01
-5.7552073771e-02
1.6998433110e+00
-6.7203969544e-01
-5.9443635753e-01
-1.5876226740e+00
4.4974031533e-02
8.1090909765e-02
-1.7649157697e+00
3.1348275929e+00
2.2337096842e-01
-1.1817845157e+00
1.7467060013e+00
1.3202872866e+00
-7.6129184068e-02
-1.3322928753e+00
-3.8090486479e-02
-1.0036227807e+00
-4.8574236519e-01
-2.2399434819e+00
-2.9528573275e-01
-1.8499441305e+00
6.3325479729e-01
1.9590876908e-01
-1.2327796033e+00
5.8529218244e-01
-3.8819913733e-01
-7.7767699220e-01
3.2965242777e-01
-6.5127855566e-01
-1.1011666742e+00
-3.7576671371e-01
-1.1666387934e+00
-3.4787903252e-01
-4.3910518617e-01
-1.6963361154e+00
1.3728471618e+00
-6.9272568259e-01
-5.5368126142e-01
2.9081740957e-01
5.0883933458e-01
7.8194655056e-01
-1.4421866402e+00
-1.1501853639e+00
-7.8591847576e-01
-1.0600267931e+00
8.7456899306e-01
-7.3162103337e-02
-2.5418844430e-01
-1.6732996574e+00
-2.4308504826e+00
8.5417422654e-03
7.5339357669e-01
1.1162910738e+00
-1.3338138339e+00
3.6860206662e-01
4.8704805130e-01
-3.0650932167e-01
-1.0507663785e+00
4.7243905228e-01
-1.2087178900e-01
1.0914620702e+00
-1.9973122680e-01
1.2920804108e+00
-2.4506926272e-01
4.4856091291e-01
1.8030820954e+00
-9.6911496728e-02
-1.5524293424e+00
-1.5025320643e-01
-3.3006617078e-01
9.2716487429e-01
-1.4262344290e+00
1.5052110982e+00
2.2817712419e+00
7.7691224044e-01
7.3849244218e-01
7.4983112362e-01
-1.1297771955e-02
1.2517184498e+00
-1.8734999320e+00
-7.6449435930e-01
3.1264894174e-01
-1.0094123990e+00
-1.0967710824e+00
-7.5661809662e-01
1.0160163504e+00
-1.0758587315e+00
1.0427417156e+00
-2.4930978323e-01
-2.8530231519e-01
-1.4295387367e-01
3.2518772996e-01
-1.5232636294e+00
-3.0116948133e-01
-4.6513377353e-01
-4.6391137089e-01
7.8518484630e-01
7.1536282372e-01
6.5599628323e-02
6.1973023882e-01
-4.4237678197e-01
4.9899915187e-01
7.3795593154e-01
-1.2288836520e+00
7.0831192941e-01
-1.1977095566e+00
-6.9175971347e-01
2.5201077093e+00
-5.9757570923e-01
-8.4539435540e-01
1.3682549617e+00
-1.3276471890e+00
-2.6057561688e-01
7.8310392459e-01
-9.3570276772e-01
-1.1070618716e+00
3.3780247292e-01
1.0492844532e+00
8.1117739249e-01
5.4735803267e-01
-1.2005983154e-01
6.7601606852e-01
-4.1980381363e-02
7.5115841861e-01
-5.3348531922e-01
6.6797562192e-01
1.2793206163e-02
7.6817534800e-01
4.5827231616e-01
-8.0697027152e-01
-1.1595765672e+00
1.7799188167e+00
1.1870569413e-01
3.0971340602e-01
-1.3324036096e+00
-6.1902356317e-02
-1.5259354040e-01
6.6768593178e-01
-3.2389644331e-01
6.2423381357e-01
9.0263301915e-01
6.2187241581e-01
2.9140617786e-01
1.2117591823e+00
-1.5656752162e+00
1.1351231133e+00
3.6983328722e-01
7.3530615557e-01
5.3893506840e-02
-2.1897191249e-01
-1.1326345946e-01
-8.3739093864e-01
6.7427069508e-01
3.8797301942e-01
4.7350940630e-02
-5.8721249447e-01
-1.2677301221e+00
-6.2341875435e-01
-4.8732012437e-01
-1.7271496400e+00
7.9408053006e-01
-1.5666331075e+00
-1.3625005986e-01
6.0685598954e-01
1.3030132274e+00
9.7271352545e-01
-1.1065026981e-01
9.1352691116e-01
-6.5797097459e-01
1.1344818523e+00
8.1483834558e-01
-1.1603274117e+00
-1.0774771034e+00
8.8573162337e-01
2.9647377823e-01
1.4626221802e+00
-8.2585077204e-01
-1.3619022362e+00
2.0326284395e+00
-9.8374662346e-01
-1.2705049148e+00
-5.6631077056e-01
-5.5875354590e-01
-1.4178882359e+00
8.6924653441e-01
4.2013677666e-01
1.2084211815e-01
9.4771795153e-01
-2.5855860797e-01
-2.1155491147e+00
-3.2676386310e-01
3.8057340192e-01
-1.9806149225e-02
-8.5384760710e-02
4.7913551062e-01
6.1623336403e-01
-1.7423550885e-01
-8.6180702477e-01
9.2567999120e-01
-1.4603410784e+00
-1.4242101327e+00
-1.0079458946e+00
-2.5807554169e-01
1.7630767998e-01
1.0324582670e+00
6.2787063631e-02
-6.4440149963e-02
-1.0716218572e+00
-5.1528456276e-02
-8.3013337680e-01
