-1.4938173432e+00
-1.7756536334e+00
6.2218363361e-01
-1.6987636407e+00
-1.3914054301e+00
1.3800751406e+00
-2.3926955909e-02
-3.5791981158e-01
-2.0767254583e+00
-1.2621693748e+00
-3.7849961614e-01
-1.3988168546e+00
-2.8450265346e-01
-2.0552876465e-01
2.4836632607e-02
-2.0319085630e+00
2.0817726715e-01
2.1163683386e+00
-1.5183147238e-01
-6.5832723130e-01
-4.8398866268e-01
-8.3948754212e-01
1.1178950270e+00
-2.9437114710e-01
1.1619477498e+00
1.6498370058e+00
2.0540126776e+00
-2.3853446740e+00
9.0823292062e-01
5.3924103375e-01
-8.0205334602e-01
1.4432125282e+00
2.1522689282e+00
2.0953062728e+00
1.7047759163e+00
2.3055603171e+00
-7.2182113207e-01
1.0369340997e+00
-3.3462874186e-01
3.6353945317e-01
1.1202835069e+00
-9.6230231642e-01
-1.3441931101e+00
-8.9652341664e-01
1.6935520843e+00
7.6038572356e-01
6.6447215345e-03
-8.7297790444e-01
1.1028988965e+00
-1.3204843708e-01
-1.5923294211e+00
-6.5326865985e-01
-2.8334338696e-03
6.8622707224e-01
-1.3082117399e-01
-8.9224081017e-01
-1.5413821115e+00
-3.4068036618e-01
-1.3731259208e-02
1.5041066664e+00
1.6327818904e+00
4.4910113336e-01
1.8016391466e-02
8.4516410987e-01
-1.0407595101e+00
1.1728548839e-01
-9.2905408960e-01
-1.2787820318e+00
-7.1077631085e-01
6.3831765990e-01
-1.7235743953e+00
8.3873882019e-01
5.0024151454e-01
-2.1518281083e+00
-1.1600588994e+00
4.3335091552e-01
5.3700069592e-01
-1.4297853333e+00
6.2279404743e-01
1.4829147293e+00
5.5373627767e-03
-1.4178481850e+00
-2.8052139499e-01
7.3825500696e-01
1.2072759073e+00
-5.1078405185e-01
9.4349948393e-02
-1.0631760781e+00
2.7520421131e-01
1.4230538200e-02
-3.1085395310e-01
-5.2809709006e-01
9.9355824614e-01
-1.5635608848e+00
9.1494411967e-01
5.5732848501e-01
-2.3650291445e-01
-1.3383860925e-01
-1.9996570203e+00
-1.7818087249e+00
-7.2112013282e-01
-9.9084644289e-02
3.1437298039e-01
-4.4121610615e-01
-7.4726157159e-01
-1.0569877192e+00
1.1605641494e+00
7.7693138249e-01
1.5074495706e+00
4.4838981067e-01
6.7364839296e-01
3.7898872592e-01
4.0540020853e-01
1.2178063121e-01
-5.2527084868e-02
-1.7308610420e-01
-1.6038068050e+00
5.0738885607e-01
3.1481694791e-01
1.9719521226e+00
1.2606196294e+00
1.5964335270e+00
-4.7830791623e-01
-2.1815160626e+00
1.0712691498e-02
1.2022414745e+00
-9.8809564883e-01
2.8098382456e-01
-4.6615510554e-01
2.5484469982e+00
5.7553415850e-01
8.7276761121e-01
4.4292462088e-01
2.2515268827e+00
-1.6017969028e+00
8.1860198504e-01
-5.0218661007e-01
2.6349168625e-01
-1.2819503796e+00
1.0625625062e-01
2.8400663364e-01
5.0311486133e-01
6.4844001413e-01
9.6098408271e-01
1.2501003489e+00
-6.0080248039e-01
-1.6973297858e+00
7.6803659425e-01
-7.3584038339e-01
6.9423862689e-01
7.4453727667e-01
-1.4476358981e+00
1.0822232706e-01
8.7849970123e-01
1.0009947441e+00
2.3018616876e+00
-1.0482079965e+00
9.2657359285e-01
-1.1217366532e+00
-4.5672043627e-01
-7.4309522682e-01
-7.7557383907e-01
2.2231017796e+00
-1.7257295352e+00
-6.1236977252e-01
4.1552082885e-01
-2.3352715296e-01
-8.5391308418e-02
-8.0212598764e-01
-3.1204030103e-01
-4.1442329558e-01
-1.6639651956e-01
5.0799018005e-01
1.1490256627e-01
-2.3823714109e+00
7.9073449919e-01
1.5885459942e+00
-1.5813940558e+00
-1.6926793778e+00
1.0238287707e+00
-1.8491823884e-01
7.8987290285e-01
-8.0040444919e-01
-1.9027887285e-01
-3.0704426296e-01
-7.5679138241e-01
1.7442305694e-01
1.5382073745e+00
-6.0868490326e-01
-9.9131438122e-01
6.9911471461e-01
-1.7102716241e+00
-1.1912330628e+00
-3.4237073428e-01
1.2532553750e-01
-1.1052451038e-01
-1.0453155402e+00
-3.5084195218e-01
-2.2236113218e+00
1.5464080548e+00
-2.2123109451e+00
-1.5165129742e+00
2.0574023767e+00
-1.2116770185e-01
-7.8166371858e-01
2.8457237019e+00
-6.5454764360e-01
1.0436608955e+00
-1.1133015715e+00
4.3458783817e-02
1.3458111672e+00
-1.4364294539e+00
3.3799378596e-01
-1.2457630848e+00
-7.0765838280e-01
-1.1512421787e+00
4.2124278280e-01
-3.3404917674e-01
-1.7759359542e+00
9.3144743247e-01
3.4605014178e-01
5.4574121682e-01
1.4467689286e+00
-4.7068102760e-01
1.2526851387e+00
-4.3390687650e-01
2.0873697148e-01
6.6478396060e-01
-8.5325798411e-01
4.3171034953e-01
5.0336853674e-01
7.1207285882e-02
-4.6291039239e-01
2.0149476638e+00
1.8432632945e+00
-4.2420176195e-01
-2.1433529253e+00
7.9885478975e-01
6.2701302921e-01
1.3528800806e+00
-1.7089571035e+00
4.8685897995e-01
-9.4274650262e-01
-1.8850312734e+00
-8.2123764164e-01
8.2861679404e-01
-1.8282800473e+00
1.0035080129e+00
1.4530538120e+00
1.6070076763e-01
5.9631865013e-01
2.3690621489e-01
-2.7969730582e-01
2.4804426808e-01
2.5418729218e-01
-1.6596732189e+00
4.5937658934e-01
1.0560484347e+00
1.0163815065e+00
4.5818202140e-01
9.6884821133e-01
1.0487635663e+00
1.6506310677e-01
3.8311500970e-02
7.8937986273e-01
8.9937964430e-01
-1.3038303648e+00
8.2725462104e-01
-1.5068117821e-01
7.6871397571e-01
-2.5111042979e-01
8.1354243622e-01
-3.1784104451e-01
5.1613758491e-01
9.1900910548e-02
-1.9279551916e-01
-2.7136056478e-01
-1.0673189469e+00
-7.5809498551e-01
2.1079665770e+00
-8.7234692978e-01
3.6408899803e-01
-1.7998342456e+00
1.3631327292e+00
-1.1169512870e+00
8.9379237833e-01
-1.9988852070e+00
-5.2059178538e-01
-7.6446849264e-01
8.3001112819e-01
1.9208785758e-01
-1.1050704599e-02
9.2558657000e-01
4.0828359631e-01
9.4320898387e-01
-2.6681263417e-02
-1.9220768125e-01
1.3450999287e+00
2.8051735090e-01
1.4563870238e+00
-1.5532676940e+00
-1.2317607894e+00
4.1525996535e-01
-3.8789450197e-01
-8.1942279802e-01
-1.7304021674e-01
-7.7394032539e-02
-1.4095779249e+00
4.0925288136e-01
3.4442430910e-02
7.7301283157e-01
2.6642036132e-01
2.1885507021e-01
3.9730816859e-01
8.9473015013e-01
-8.7167974428e-01
-1.4063588454e+00
1.8276276820e-01
1.3103036359e+00
-1.2407115576e+00
3.7813599005e-01
-4.4445467050e-01
-1.2450799656e+00
-2.7964235614e-01
1.8046234142e-01
-1.6928331822e+00
-8.5726156626e-01
-1.3130464948e+00
-6.6838739265e-01
1.5197600296e-01
-1.3731119564e-01
-7.7821023097e-01
-6.0927280260e-02
