7.7256195344e-01
-6.4328983234e-01
-3.7801855655e-02
-1.2567184829e+00
-2.2445268244e-01
7.9431849634e-01
-6.2938535121e-01
-1.5937873338e+00
7.3879061899e-01
3.2931214933e-02
-1.2041677186e+00
4.8969025913e-01
8.0335066082e-01
-9.3893655131e-01
1.0977945870e+00
9.1786170441e-01
4.9022114077e-01
-2.0591484970e+00
1.9958802945e-01
2.9849922110e-01
-1.2969041871e+00
8.9519077073e-01
1.2515934641e-01
1.0614375455e+00
-2.6669584274e-01
-5.1206396813e-01
-7.4928103934e-01
-2.0126380608e+00
-4.9917882562e-01
1.7750427371e+00
-8.1716249741e-01
5.1732492612e-01
4.8676117824e-01
-1.1423534238e+00
1.8911522142e+00
-1.8295218132e-01
1.2007361247e-01
-1.9273599924e+00
-7.5875297495e-01
-5.6563098279e-01
4.3308709518e-01
-4.7515620209e-01
-6.0605101388e-01
2.1413566715e-01
-3.2705981915e-02
-1.1160272033e+00
-9.6183707429e-02
3.9898723210e-01
-3.9864238999e-01
1.9801108899e+00
-3.0544650665e-01
-1.0014171701e+00
-6.0649664626e-01
-1.7141567244e+00
-7.6310890937e-01
9.4773265189e-01
2.5919337478e-01
1.1050333108e+00
6.6840968743e-01
-6.2721302697e-01
-1.3849408188e-01
-4.6861699087e-02
-4.4094985219e-01
2.3433523075e-01
-3.2270066981e-01
-8.9329965751e-01
-1.1765634719e+00
4.5786215251e-01
-5.6396761224e-01
-5.5262202926e-01
8.1721225702e-01
-6.9770310085e-01
7.4546889898e-01
4.4266363338e-01
6.3565748672e-01
-5.9681797886e-01
-6.4536196936e-02
-7.6374818950e-01
-1.4844225379e+00
1.4404177557e+00
-7.1667241999e-01
8.1803068822e-01
4.2842323435e-01
-9.6692329998e-01
5.5361848444e-01
-1.5154438063e+00
-2.6050368423e-01
1.4774478902e-01
-1.6396981708e-01
6.6799489434e-01
-4.9408638298e-01
3.9422259359e-01
1.1012314108e+00
-8.2399474832e-01
7.8968076775e-01
-1.2909519459e+00
5.6700359603e-01
3.1762938671e-01
1.2562616718e+00
5.6375942188e-01
4.9998578624e-01
-1.7998129606e+00
-7.1710647646e-01
6.1524226195e-01
-8.4490119290e-01
-1.1717614398e+00
8.1894445327e-01
-4.6083706636e-01
7.5112506889e-01
-8.2645458302e-01
-4.2868304892e-01
1.8370149826e+00
1.0416851570e+00
3.9359502478e-01
-2.3958633485e-01
-6.4670924249e-01
-7.8835786292e-01
-1.2185684601e+00
-1.7540581632e+00
-7.5685499213e-01
1.1527658938e+00
2.0428171637e+00
4.4010475457e-03
-6.4261223147e-01
-1.6632178815e+00
-4.4777883565e-02
9.9532329506e-01
1.5779584258e+00
-8.8533726321e-01
7.1329662078e-01
-5.9083851297e-01
-1.6309354499e+00
-2.2833131872e-01
5.6949289110e-01
-1.1255857455e+00
-1.0206416796e+00
-2.2385232734e+00
-8.3428822014e-01
-1.3569991713e+00
-6.6048288230e-01
-4.9219768428e-01
-1.0417301354e+00
-1.0054261204e-01
-2.6949975536e-01
6.9886403739e-01
-8.2748802975e-01
-2.7961172888e-01
1.2778931121e+00
-7.8103711487e-01
6.2026320925e-01
-1.9431259046e+00
7.2965252283e-01
1.3726740253e+00
7.9112004891e-01
-2.5175802373e-01
-1.8975622947e+00
4.6615607971e-01
-8.6138166991e-01
-1.4488881752e+00
-3.0237052932e-01
3.0205668974e-02
5.7802332052e-01
2.6593770465e-01
8.2338242928e-01
-1.9697996129e-01
-6.9019042480e-01
2.6485505269e-01
5.9086777258e-01
4.0073502480e-01
5.4112431486e-02
9.4692422289e-01
-6.1924380527e-01
3.7147884188e-01
1.6899678933e+00
2.6779349790e-01
3.4481754941e-02
9.0493182755e-01
-1.6121159834e+00
-4.9310311960e-01
4.5358908712e-01
3.6157758136e-01
-6.9552736592e-01
-1.9901200501e+00
-4.2259158945e-01
-9.5444523693e-02
-1.9518746657e+00
1.0099569627e-01
-1.8047988960e-01
5.9920601225e-01
-3.2176652413e-01
-1.1874398548e+00
-5.5861042533e-02
-6.0330937701e-01
-1.0661614046e+00
-4.5176700217e-01
1.0463208148e+00
9.1371465332e-01
-3.9011387913e-01
7.3492645412e-01
-9.2552589037e-01
-8.1033565010e-01
6.5709511620e-01
2.2376281991e+00
-1.3214803416e+00
2.8004477858e-01
-6.8939206345e-01
-5.7179150941e-01
-2.4752897026e-01
7.8274594621e-01
-9.6418112016e-01
8.1612018265e-01
-1.7671847284e-01
1.2530976225e+00
-1.0720728855e-01
3.5359162639e+00
1.3486647879e+00
1.0347720575e+00
-9.2996038332e-01
-1.3408911106e-01
-1.9051127533e+00
9.4505411846e-01
-3.7617783328e-01
6.4741898157e-01
-1.5598397903e+00
-8.0456814758e-01
-9.7394485992e-01
8.3276853143e-01
1.5294208000e+00
-1.4036461211e+00
3.5407375433e-01
6.7682740196e-01
-5.5950836201e-01
1.0960419396e+00
1.0577341042e+00
-2.1299117336e+00
-1.0638596571e+00
3.0119201421e-01
2.2766131983e+00
1.3266713956e+00
1.3381820516e-02
-1.0970581715e+00
-6.0952833934e-01
-3.9246155011e-01
1.0604236832e+00
-3.4319167575e-01
2.5767430884e-01
2.1077850696e+00
2.7631041402e+00
-1.0389601713e+00
-2.5111065851e+00
1.2993147062e-02
-2.5760499355e-01
