-1.4862153510e+00
-1.1836603741e+00
1.6676980673e+00
-1.6721488601e+00
-1.4678579362e-01
-1.7889350154e+00
-1.3427753710e+00
-1.0641495920e+00
-1.6435270688e-01
9.5173166155e-01
-2.5991934395e-01
4.7780603650e-01
-2.3454218618e+00
2.5553088236e-01
3.5505194969e-01
-5.0397926689e-01
-1.4435365219e+00
4.1731621223e-01
-1.0736047605e+00
-2.6125671396e-01
-6.5329908139e-01
-3.2062195049e-01
2.6959934104e-01
3.0989526304e-01
-5.2547072310e-01
-7.1737428384e-01
1.2432881556e+00
5.3995039991e-01
-1.2973102779e-01
2.1291176944e+00
5.7128715006e-01
-7.2759557251e-02
8.2878571974e-01
-6.6731528872e-01
-6.1379294232e-01
-1.2414655363e-01
1.2600567828e+00
1.8722854612e+00
-4.3280617459e-01
-9.0790719955e-01
-1.3899926812e+00
-2.5741127136e-01
1.0826845656e+00
-1.8470819523e-01
3.8926374101e-01
1.8415289322e+00
1.0540601601e+00
-1.2448643224e-01
-9.0587643426e-02
6.2506970461e-01
-1.1907370479e+00
2.6888311162e-01
-1.0560578625e+00
-3.4770397747e-02
-1.5636987813e-01
3.4071830802e-01
4.4130773787e-02
-5.4070108134e-01
1.5609061142e-01
-4.4498849247e-01
5.5457005518e-03
1.8761416823e+00
-5.8278837192e-01
1.1925417405e+00
-1.2532503123e+00
2.9967328883e-01
-2.0485626410e-01
6.7732201821e-01
1.7324531874e+00
-2.3658932511e+00
-1.2241097319e+00
-4.4393587231e-01
-6.5422768303e-02
-7.5404975620e-01
-5.5432503307e-01
8.2407491397e-01
1.3153885743e+00
-6.1336038401e-01
-1.8429110252e-01
-6.1510056281e-01
-2.2182446334e-01
-1.2265767509e+00
-2.0907686391e+00
8.5969919070e-02
6.5577634406e-01
4.3490662602e-01
-1.3487570648e+00
2.9875706879e-01
-3.6749773773e-02
5.1690697410e-01
-1.6189171563e+00
1.3208509413e+00
-5.3768807637e-02
1.1960034838e+00
-2.5889447037e+00
1.0260531052e+00
2.9055684147e+00
7.5218667494e-01
2.0390215663e+00
-1.2337427374e+00
-1.5318658328e-01
1.0299333921e+00
1.7078517277e-01
-1.4055771977e+00
2.8058322220e-01
7.4519866732e-02
7.6100623609e-01
5.5387611747e-01
7.9462056919e-01
8.1347604205e-01
3.4586655558e-03
1.2188613575e+00
5.3259840337e-01
1.2349312998e+00
-1.3890428051e+00
1.0569248142e+00
-1.4491928394e+00
-9.3006610626e-02
-5.6923647754e-01
-1.9486668007e+00
3.7347577228e-01
1.4809194544e-01
-1.5277456777e+00
4.6346788950e-01
-1.0137105746e+00
7.3084672835e-02
-7.6730476396e-01
1.8639696451e-01
-4.7343462635e-01
-1.0312096439e+00
1.3165081461e-01
7.4408291748e-01
8.3736177751e-01
3.5754395824e-01
-9.5916582370e-01
-1.1768491490e-01
6.8204278813e-01
-6.6881031076e-01
-2.9311304461e-01
-1.7009517517e+00
7.3836793380e-01
-4.6897647778e-01
7.3704504057e-01
5.0915910972e-01
6.4724781752e-01
1.8048183019e+00
6.1061711832e-01
7.7797782891e-01
1.9168081286e+00
-3.0678340761e-03
-9.5918515655e-01
-1.1073335362e+00
9.6727392279e-01
5.7490720226e-01
1.0577923401e+00
-7.5134337609e-02
1.3624623089e+00
-1.0378016417e-01
-1.7203474541e+00
1.3061103343e+00
-1.2040409023e+00
7.2584831332e-01
1.0710835398e+00
7.1492507224e-01
-1.3424412864e+00
7.3908617264e-01
1.8519811354e-03
-1.2719561461e+00
8.0850730818e-01
-9.3779882130e-01
1.8469484148e+00
4.9438245905e-01
3.9257021159e-01
1.0328716110e+00
1.6282860719e+00
6.7400751016e-02
-5.3312926693e-02
-1.2724465441e+00
-5.0318448723e-01
-2.4515198551e-02
-2.2185267597e+00
-1.4061594211e+00
-7.5129454209e-01
-8.1694052637e-01
1.1413397254e+00
3.5104240865e-01
-5.9497509546e-01
7.8698715306e-01
-1.4976269738e-01
3.3675464954e-01
3.3660853416e-01
4.2380260831e-01
5.5060511460e-01
-2.7676294872e-01
1.4912191886e+00
1.3453936372e+00
1.6067904501e+00
-1.2125409790e+00
-1.1048855920e+00
2.7577582444e-01
9.4852689133e-01
-6.7778603798e-01
1.8133609519e-03
-3.6378980073e+00
-1.0172400005e+00
-3.6503598273e-01
7.6479715709e-01
9.4751347861e-01
2.1150933915e+00
3.7064576634e-02
-1.3295348806e+00
1.8264807507e-01
-5.9735993305e-01
1.0656615795e+00
-1.6616419885e+00
-1.3868053507e+00
1.1146170352e+00
-2.4767634132e-01
-7.4231480503e-01
-6.0352351969e-01
-9.9124717742e-02
6.1590802195e-01
3.6673081963e-01
-2.3694053336e+00
-1.0584551256e+00
-3.4598387371e-01
-4.5609452193e-01
-1.4183817957e+00
9.8647693746e-01
-1.2854528921e+00
-1.2604541593e+00
7.9257885353e-01
-2.2190007847e-01
-7.2314300606e-01
-2.5681901940e-01
1.5106859577e+00
1.3908963215e-01
-9.1286281826e-01
-9.7687542249e-02
-1.0741466663e+00
-9.3626142728e-01
-4.3579283707e-01
-6.8725920995e-01
1.0977474320e+00
-2.3417797094e-01
-8.9745148179e-01
7.4912246706e-01
1.4354447932e+00
1.3075035669e-01
-1.7942090360e-01
1.0590408579e-01
-1.1595010401e+00
-1.6810553968e+00
-4.7569333118e-02
1.2400195494e+00
-6.8609196842e-01
-1.4615713356e+00
1.2215962235e+00
8.8912231673e-01
-7.3941302218e-01
-7.6968762394e-01
4.6552523256e-01
-1.4242518632e-01
-1.3578367308e+00
-1.0853970912e+00
-1.4439306495e-02
3.5385973345e-01
-7.0937065224e-01
-1.5845523572e-01
8.1667397413e-01
5.4485346638e-01
4.7167837458e-01
-6.8415854093e-02
2.9395720757e-01
8.8946475467e-01
-5.0485531247e-01
1.4960772646e+00
8.4332552200e-02
-1.1491874045e+00
1.3110041644e+00
-6.5206138155e-01
-1.9003898358e+00
2.7819312160e-01
-2.7151087273e-01
3.1012468525e-02
-2.2933696200e-01
1.6037843683e+00
-3.1917932656e-01
-2.6689734977e-01
-4.8139177089e-01
5.7202167106e-01
8.9868676582e-01
-7.8579286660e-02
-1.4081024815e+00
-2.2927246507e-01
3.9785771258e-01
-9.2056236503e-01
4.4153651871e-01
-1.6673366827e+00
1.0919031658e+00
-6.7995520325e-01
-3.4069735575e-02
-1.4433611831e+00
-1.0251729649e+00
3.6588697468e-01
7.4255562234e-01
5.6288682627e-01
1.4405055097e+00
1.5499771471e-01
-3.8460919248e-01
-1.4016666572e+00
1.1092592779e+00
-8.5300975451e-02
1.3807362712e-01
-2.7068051090e-01
1.1600073902e+00
-1.5410349234e+00
6.7831745563e-02
2.0421992822e-01
2.1335728993e-02
4.6462348065e-01
-8.0088382865e-01
4.4652454448e-01
-6.6726096220e-01
-1.5119377781e+00
-5.9715965222e-01
-2.2677557522e+00
-1.1254164295e-02
-1.2013181237e+00
1.7498966101e+00
-1.0160582795e+00
6.7959566805e-02
-1.7915132188e+00
