1.6116185430e+00
-1.6376265903e-01
1.9190462165e-01
-3.5695726325e-01
9.8077501220e-01
8.3905111880e-01
-6.5915548449e-02
3.4075102578e-01
3.8131513579e-01
-8.6964438549e-01
1.0414041343e+00
-4.2424007533e-01
-8.2938502909e-01
1.4443295010e+00
-7.0098228656e-01
2.2973238770e-01
9.9224560298e-01
-2.4942342812e-01
3.5045872871e-01
6.7349444930e-02
-1.3247586082e+00
-4.0977483869e-01
-6.9080410824e-01
4.7424814339e-01
-1.3117212611e+00
2.8689513053e+00
-9.6995791820e-02
-1.4582972294e+00
1.0912651102e-01
9.2288155685e-01
6.1740747381e-01
4.8423779509e-01
1.5601395430e+00
-8.3419296697e-01
-1.2230693856e+00
1.0219875672e+00
4.0455097543e-01
4.0923578263e-01
-3.1821829652e-01
-1.8984676608e+00
2.6175344432e-01
4.8874250907e-01
5.0442695363e-01
-9.5609818041e-02
-3.4079168894e-01
1.0170657576e+00
1.1352950448e+00
-7.0705879455e-01
8.7283995633e-01
5.0918057134e-01
-1.1960576099e+00
1.2684033546e-02
8.7247765164e-01
-2.5804456600e+00
-1.1029023079e-01
-1.9391006903e-01
-1.3813947665e-01
3.7409321363e-01
9.7786601898e-01
-2.2658221311e+00
-1.6660846843e+00
2.2046701420e+00
9.5174865392e-01
1.3975127798e+00
1.0369630932e+00
-5.5409788076e-01
-1.0409229500e+00
2.6994298292e-01
-1.1213640804e+00
-8.0930849765e-01
-1.6392202460e+00
-1.0005507828e+00
-4.9772244937e-01
6.1507450263e-01
-3.1000356440e-01
1.0367328110e+00
-1.2477461080e+00
-9.4655147720e-01
-1.5849946098e+00
-7.6822466930e-01
3.5342825912e+00
2.5753127033e-01
-6.6256373826e-02
2.5893649704e-01
-9.8166411230e-01
8.4438435874e-01
4.5170507907e-01
2.9383724022e-01
-9.8739501490e-01
1.2108192832e+00
-3.0217877962e-01
7.4256235755e-01
-8.6774462821e-01
9.5729134054e-01
1.1944354539e+00
1.7822862641e-01
3.2472958295e-01
8.4799901318e-01
1.7272356005e-01
-7.7440459335e-01
-5.4541383157e-01
-4.4423138006e-01
3.9145203118e-01
-7.0942009276e-01
4.8272161419e-01
-1.0398420307e+00
-5.4930888687e-01
-3.5280101524e-01
-4.6447154229e-01
1.1085647136e+00
1.7861200136e+00
5.3032368284e-01
-1.2466105728e+00
-4.3354728652e-02
-1.2290397596e+00
1.1927107153e+00
9.8438284952e-02
-6.2550325897e-01
-5.3892676163e-01
1.4573970445e-01
-1.2444067043e+00
-9.1654696607e-02
1.6364754677e+00
-3.1421677509e+00
1.4667257226e-01
-9.4462871850e-01
-8.4768938831e-01
3.4244596431e-02
6.4963983518e-01
-6.1061009728e-01
7.3040631238e-01
-5.1505934716e-01
-7.3592044184e-01
7.7235114528e-01
6.2246887336e-01
6.1168899616e-01
1.8036151140e+00
-2.8028145649e-01
-1.1510080354e+00
1.2449325588e+00
-6.0141359383e-02
-3.4081548787e-01
6.8358763664e-01
6.6247782683e-01
-8.3281466943e-01
-2.8702847087e-01
6.4004462097e-01
-6.3426564043e-01
1.3083723694e-01
-8.2202124856e-01
8.6775382823e-01
-1.1986046891e+00
-3.6300650377e-01
-4.2846000706e-01
5.5636392527e-01
-1.0116022184e+00
8.6230441114e-01
-1.6914571511e+00
1.0331223692e+00
3.3312853094e-01
-5.3804722215e-01
-1.1977409186e-01
-1.2925310712e-01
-1.7447543641e+00
3.6199580579e-01
1.8739512456e+00
2.9778467817e-01
3.6335944857e-01
5.3054610657e-01
9.0776096700e-03
-1.4579573981e-01
