-6.7191406095e-01
-1.9305011017e+00
3.3581830089e-01
-6.9560241045e-01
8.2299394875e-02
5.1193959812e-01
1.3050812651e+00
4.6128951123e-01
-1.4880757857e-01
4.8496382775e-01
-8.6542147898e-02
-1.9473397687e+00
5.7783251903e-01
2.8275231070e-01
-5.0494124481e-01
2.8720513392e-02
-3.8752476851e-01
-1.3319506158e+00
1.1542557740e+00
-3.0390619316e-01
5.6986806750e-01
7.4372354813e-01
6.7994848650e-01
1.4556229870e-01
7.5303108699e-01
4.8740925246e-01
1.2947868519e-01
1.6777298436e+00
-4.6706051321e-01
-3.1700532896e-01
8.1661620693e-01
-9.0521826472e-01
5.9530286687e-01
-6.2996993836e-01
-3.5987039262e-02
9.0826622960e-04
6.7671654070e-01
1.9407602779e+00
1.0207276320e+00
-6.6183891547e-01
6.1925337627e-01
3.2046148706e-03
9.9985985525e-01
4.0978574662e-01
-1.7721276271e-01
2.1026328260e+00
7.4598469113e-01
-1.8910851545e+00
-4.5728263650e-01
8.1569550916e-01
-1.8024316804e-01
5.8125159437e-01
8.6643708891e-01
2.0963987677e-01
7.5099240360e-01
1.3156903275e+00
2.3298434443e-01
8.1476015933e-01
-8.0142361170e-01
-1.8942428288e-01
9.3316326531e-01
-1.2815235993e+00
-5.7164607330e-01
-7.4318613655e-01
-6.1603800822e-02
1.1366707969e+00
-1.4532071333e+00
1.9189155969e+00
-2.0419153839e-01
1.9086840741e+00
2.0302464748e+00
1.2026208890e+00
1.1059421471e+00
-1.9662786552e-01
1.0443086295e+00
5.4701411386e-01
2.9120256215e-01
2.2686198337e-01
-1.6087276469e-01
7.6554066741e-01
4.8524448911e-01
9.3892936588e-01
-6.4722962808e-01
6.0279395299e-01
-7.8262322753e-01
4.9639161883e-01
6.1069927521e-03
5.6325067900e-01
-7.3784325597e-01
-9.3009187140e-01
4.1700788583e+00
1.2661823759e-01
-1.4239978656e+00
-2.4469913278e+00
5.3969712261e-01
-3.9574613465e-01
-4.5788970776e-01
-3.7294700343e-01
-1.2392853121e+00
1.9570525170e+00
4.2508401801e-01
2.8221001598e-01
1.7318124304e-01
1.3914683099e-01
-4.3922230688e-01
1.0793438149e+00
2.0492337408e+00
-3.6597605360e-01
-2.5115069166e+00
-9.4778617390e-02
-2.1755490624e-01
-2.3752603944e-02
8.9191399175e-01
-7.8252688061e-02
-1.5093279535e+00
1.6884725880e+00
-1.5484888575e+00
2.7387992438e+00
-4.3514081434e-01
-1.0489741391e+00
1.5416539675e+00
-1.5727884024e-01
2.9744876319e-01
5.2050461700e-01
8.8501667681e-01
7.6169084139e-01
-1.2979153177e+00
-1.6042137943e-01
-1.0675429986e+00
-4.9506345617e-01
1.0078890153e+00
2.4349865489e+00
2.6187306559e-01
1.7645509991e-01
1.0101409041e+00
4.7946072725e-01
-1.4391753717e+00
5.7626314532e-01
-1.2667897552e+00
-1.9391876276e+00
1.1649591067e-01
-4.6905621191e-01
-1.9435017595e+00
-5.3909447129e-01
1.7958884361e-02
-7.4287398503e-01
2.2253917223e+00
-3.8647002703e-01
4.1527363259e-01
1.1582653017e+00
-1.1109429250e+00
5.6135851285e-01
-8.3187457790e-01
-1.2803411202e+00
6.3105362227e-01
-1.9256568683e+00
-4.8868881878e-01
-1.2502636581e+00
3.8892615084e-01
1.0242759680e+00
-9.1249196925e-01
4.9907615890e-01
-9.2360312442e-01
2.9077426102e-01
1.2144354903e+00
-4.8685098235e-01
-1.5276093282e+00
-6.4269591954e-01
-1.1044158287e+00
3.5594832764e-01
-6.5007277903e-01
-3.4501576435e-01
-4.3529486706e-01
-2.3752398236e-01
5.5218769215e-01
-2.8652323109e-01
7.6196517716e-01
-1.2792478140e+00
-1.2300135616e+00
-2.3015271592e-01
7.7196740572e-01
4.3631489206e-01
8.0438178012e-01
5.9145241992e-01
-1.2093583792e+00
4.6679373790e-02
9.9028962229e-01
3.1190427138e-01
1.4152047210e+00
-3.0396049931e-01
6.8396399836e-01
-3.9252153976e-01
-7.2202803032e-01
-5.4422626992e-01
1.3143437824e+00
8.3047382540e-01
-6.8225243931e-02
1.5988401594e+00
1.8794656039e+00
1.2463483328e+00
-8.2976144189e-01
5.6925395645e-01
-1.4782660197e+00
-2.5444157573e+00
4.9939846016e-01
1.6094771280e+00
4.9119274027e-02
-7.9631914378e-01
-7.5148380441e-01
-4.9277797950e-01
9.5974485353e-01
-1.2511232590e+00
8.6030834391e-01
3.8366399247e-01
-1.4560016827e+00
1.8041642226e+00
4.8274455004e-01
8.1993306631e-01
-5.2321141627e-02
8.1207967010e-01
-9.5522168679e-01
8.5827414093e-01
9.4298574944e-01
-6.4160233828e-01
-3.6597993265e-02
8.5996682564e-01
-1.1346461879e+00
-9.2204524269e-02
-1.8333355750e+00
1.3330134220e+00
2.2123048989e+00
-3.6003175353e-01
2.4646893939e-01
-6.7310644901e-01
8.2984369320e-01
-1.1100830950e-01
-6.1271620844e-01
-9.4822731516e-01
2.1552585621e+00
-1.1316581855e+00
-5.1347113369e-01
1.4797076368e-01
9.9599696027e-01
7.6160429544e-02
4.8015214566e-01
1.7334046042e+00
-2.9907270297e-01
1.0479808829e+00
8.1533865113e-01
1.1768262106e+00
-8.1226794336e-01
-1.4857198309e+00
-5.5997077808e-01
-7.1980910631e-01
2.6824529476e-01
1.7952664594e+00
-6.5879981375e-01
3.9776333236e-01
-6.2690053878e-02
-1.7049897888e+00
1.2372802115e+00
3.3506733551e-01
1.2208364798e-01
6.1769631399e-02
1.0385400393e+00
1.1286262508e+00
1.7733911836e+00
5.7146408490e-01
9.6396036672e-01
-8.1200678104e-02
-9.8975319326e-01
-3.3861338840e-01
7.4585441911e-01
-9.9153396704e-02
1.8069792913e+00
1.8289828712e-02
5.2809178008e-01
-2.1383660629e-01
-8.4469929641e-01
1.1209525042e+00
5.6270504265e-01
-5.6718540078e-01
-3.9066661240e-01
7.3519055318e-01
-1.5305689810e+00
6.3326911659e-01
-9.1942894328e-01
8.1459595687e-01
5.2766821659e-01
-7.0589676832e-01
5.0507558823e-02
-9.1080466142e-01
4.9889982982e-01
-7.0205223586e-01
8.7579882972e-01
-1.2002617451e-01
8.9626458369e-01
-1.9207754846e-01
-3.8480397738e-01
-9.2712089006e-01
-2.8218844344e-01
-5.0042849682e-01
5.1499361780e-01
9.3373528524e-01
1.3226179287e-01
1.5072779990e+00
-1.6574511113e+00
3.2583703177e-01
6.5967374629e-01
-5.1639211388e-01
5.2772894091e-02
9.1199076082e-01
-1.0958548652e+00
-1.4860398299e+00
-4.4855845155e-01
-1.3883296456e+00
7.6266456687e-01
-1.4024838656e+00
6.2569813440e-01
-6.7534583184e-01
2.3134593397e-01
-3.7408092087e-01
-7.7200891947e-01
-9.4426045335e-01
-1.7524831248e+00
4.3905330837e-01
-2.5558852415e+00
9.0773334967e-01
5.3434243534e-01
-6.0813774952e-01
-7.3149880385e-01
5.1939939509e-01
4.8196943449e-02
-6.0180836961e-01
-4.1805707197e-01
1.2877598766e+00
-3.5385854176e-01
1.5369964839e+00
-5.2557391802e-01
2.3311010829e-01
-8.8776205284e-01
-1.3981143111e+00
1.5768042687e-01
-4.6994046889e-01
8.6415895069e-01
-4.6272740800e-01
-1.2781452749e+00
-2.3426506308e+00
-1.3758232927e-01
9.7963751548e-01
-4.8167995379e-01
1.1451385421e+00
-2.0869563917e+00
-9.8292686792e-01
5.6791708352e-01
1.8110634896e+00
-3.4065114925e-01
-1.4872724934e+00
-6.7448715934e-01
2.1504759930e+00
6.2345187718e-02
-1.3590513347e+00
1.0026283133e+00
-4.9358739000e-01
5.3182595930e-02
-3.2409848160e+00
-8.9356174333e-01
4.8212176930e-01
1.5477866070e+00
5.1757637619e-01
-8.5403976351e-01
-9.9898081794e-01
-1.2667118225e+00
1.2543066364e+00
2.7560723134e-01
-1.5210807706e-01
2.7126987114e-01
2.1119891434e+00
-9.9033586504e-02
1.9970817179e-02
-9.1013075511e-01
2.7939678076e-01
2.8571043489e-02
3.9539773948e-01
3.7931819786e-01
2.3618501708e+00
4.7454157376e-01
7.0834162976e-02
-1.0745774217e+00
-6.8443182978e-02
1.2830641512e+00
9.2582930071e-01
-5.8940773905e-03
-4.7761860464e-01
-4.5387186843e-01
5.0333928655e-01
1.8624932458e-01
9.1778243768e-01
-2.0693556597e-01
2.5738707528e+00
