3.9439610295e-02
6.9857764617e-01
8.8680842321e-01
4.7628792713e-01
-2.9095866745e-02
-2.3393699316e+00
2.1352685815e-01
-7.4765058030e-01
4.6866344530e-01
4.0616149058e-01
1.0310666159e+00
-4.2775370796e-02
2.7908763912e-01
-2.4892767097e-01
3.5170840191e-01
1.2518307144e+00
-1.0840803682e+00
-1.6164371338e-02
-1.5789602858e+00
-8.2290483646e-01
4.6201376073e-01
1.4470683718e+00
-2.0754295277e+00
-8.0171219806e-01
-4.2590871952e-01
1.3101974310e-02
-1.6194816946e+00
1.4295081385e+00
1.9212375016e+00
1.2754872430e+00
3.8722211806e-01
9.9421481618e-01
2.9294877802e-01
-1.6131449909e+00
-1.5857297622e+00
-4.3395656613e-01
-7.3215966742e-01
-4.6639204604e-01
4.5778344712e-01
5.9422649614e-01
1.2737822336e+00
-4.4053860865e-01
1.0816091474e+00
-3.3522586210e-01
7.2462722085e-01
-7.1724687128e-01
-1.3223844292e-01
3.6831220681e-01
3.2419604259e-01
-7.3884540754e-01
-5.1596355792e-01
2.0547461041e+00
1.1531897075e+00
-5.8200884853e-01
4.9035372032e-01
-1.2318554160e+00
9.5934138140e-02
-2.4517646681e+00
2.3191528183e+00
7.8036521877e-03
3.2143779468e-01
-6.5889249328e-01
-1.2969058065e+00
2.7284410635e-01
-1.1595881259e-02
-1.0107420645e+00
-4.4271275694e-01
-1.3395439620e+00
-5.2037190340e-01
5.4698943919e-02
-2.1454693098e+00
2.0391104270e-01
2.0747031224e+00
1.4682215157e+00
-7.3429462247e-01
9.2883219509e-01
6.8097181783e-02
-1.2576484304e+00
2.8340750321e-01
-5.0924016207e-01
-1.4074824975e+00
-1.4405067624e+00
-8.5476270356e-01
3.1462015628e-01
8.0017863275e-01
-4.8128818315e-02
-1.6271113211e+00
7.1409811558e-01
1.7548909979e-01
-1.2518655010e+00
1.2555547109e+00
-1.2088328416e+00
-4.0192331208e-01
-1.2288069823e+00
-1.1917298270e+00
-2.9356608070e+00
-9.4188886670e-01
-5.5329003543e-02
4.9331619030e-01
1.5415775700e+00
6.0812391629e-01
6.8700678643e-01
1.3241028616e+00
-4.2137040354e-01
-1.1118080343e-01
4.5906332403e-01
-2.5111944842e-02
4.3561492968e-01
-1.2224602142e+00
-2.3554484287e-01
-2.3726232818e+00
8.5736710515e-01
-6.0168400057e-01
2.0859568074e+00
-6.1538883709e-01
-3.2039290447e-01
-1.4620004685e+00
1.1954625889e+00
-6.2168992627e-01
5.2162305289e-02
-6.4254930645e-01
-7.6396286380e-01
-2.3653394015e-01
-1.7017523107e+00
-7.3763341879e-01
-1.0891295904e+00
-3.5784677056e-01
8.9800886670e-01
1.2774051191e+00
-1.1620468891e+00
-1.1606539994e+00
7.7797574451e-02
-1.4280787930e+00
-4.1388919753e-02
-1.2988919066e+00
7.9252109894e-01
9.9918243904e-02
-3.8894253733e-01
1.5849827381e+00
8.1598472434e-01
-4.1752534384e-01
-3.4570430988e-01
1.0248475424e+00
2.5118245066e-01
1.8801852249e+00
9.8159741622e-02
1.4474547738e-01
-1.5546900121e+00
4.2154674339e-01
-4.4341298858e-01
-1.3951965938e-01
9.9522269672e-01
2.3268440480e-01
-1.2118604199e+00
-1.8503402734e+00
9.1192501048e-01
-6.8761842314e-01
-1.5781597870e-01
-3.7943077387e-01
-7.8150135350e-01
5.7274565921e-01
-1.2415159306e+00
2.4324368953e-01
2.4101531100e-01
4.0575309098e-02
3.7681156234e-01
6.5100922516e-01
1.0077538091e+00
-1.2674951225e+00
2.6765934884e-01
-8.0350528786e-02
-1.4714484491e+00
5.4407503716e-01
3.7640322566e-02
1.9520306329e+00
-4.6227623061e-01
1.2702495224e-01
-7.9394921678e-01
-1.8510279198e-01
-4.6729087549e-01
-2.6424583684e+00
5.8363572956e-01
-2.3634056485e-01
-1.8789378604e-02
7.1119290819e-01
-1.2143640362e+00
1.5408634220e+00
1.2661846756e+00
-3.4238768646e+00
1.9891587204e+00
-4.5256832818e-01
-2.8453445779e-01
5.8950382647e-01
2.5209457485e-01
2.2010606853e-01
-1.1436710199e+00
-2.7475326768e-01
-3.1842683864e-01
-9.0535506839e-02
-2.0933682007e-02
1.6824295719e+00
6.1847993967e-01
-5.6940182774e-01
-2.0748113083e-01
-4.9616463744e-02
-4.8737883529e-01
6.4218094130e-01
7.4372564503e-01
4.6683408695e-01
-8.6689070221e-01
-2.0789529020e+00
2.0305131059e-01
-1.4196004856e+00
3.5842379514e-01
1.6553452274e-01
-1.0386697466e+00
1.0986609908e+00
-7.5003449533e-01
4.5012032182e-01
1.1206548270e+00
-5.0818387521e-02
-4.6490899870e-01
3.8052022576e-01
-1.5525745492e-02
-5.5642650593e-01
-1.4842714845e-01
9.8734181652e-01
4.0823892830e-01
-5.7334864360e-01
-7.8561545925e-01
-9.4664565959e-01
1.8114475357e+00
-1.1764143953e+00
-1.9777572404e-01
4.5817150761e-01
-1.0749986448e+00
-4.8750819473e-01
-5.0183360594e-01
3.0481614816e-01
-1.0277469875e-01
-2.2035944497e-01
-1.3540514129e+00
-2.1661437175e+00
-5.6369902657e-01
1.5055838616e+00
-9.7288372645e-01
8.0293825923e-02
-1.8323322376e+00
-1.6845279360e-01
-1.6781697223e-01
1.2231263357e+00
-8.5973158160e-01
