-8.5496740675e-02
-2.8700497090e-02
-1.9761364508e-02
4.0973742139e-02
8.5599925676e-02
3.1192319262e-02
5.9182239217e-02
-4.6408955183e-02
-3.0030128786e-02
-9.4587999888e-03
5.9176346147e-02
3.3607215867e-02
-3.7625579518e-02
-3.9717931512e-02
1.3658037845e-01
-1.8721154125e-02
2.8895218634e-02
-3.8916979891e-02
-4.8044526044e-02
-5.1959628121e-02
7.0301382524e-02
-2.5203619971e-03
7.1435741929e-02
5.2881513697e-02
1.1694303476e-01
7.2482037099e-02
6.4830507857e-02
-2.1256112125e-02
3.1535356882e-02
-1.0934781661e-02
6.9500141955e-02
6.3388449551e-02
4.5204709778e-02
4.0199179761e-03
-1.2316699281e-01
-2.6865173639e-02
-9.8019192674e-03
8.5016216020e-02
3.8531071401e-02
-8.6579049169e-03
-4.2415000278e-02
-6.0260747701e-02
1.2204776001e-02
3.6775311293e-02
-1.2595833596e-01
-5.2724167980e-02
-2.6748631629e-02
-1.2422470235e-01
-1.1296701131e-02
7.4507608525e-02
-4.4460165922e-02
-6.1524011339e-03
-2.3550804684e-02
-5.5046925060e-02
-1.3223515234e-02
-1.6970669647e-02
-2.6392095990e-02
-2.3699737243e-02
1.0819338810e-02
-6.2390142282e-02
7.6068156073e-02
4.5719627625e-02
3.8567636004e-02
-3.3956059177e-02
7.1972607798e-02
1.8263312182e-02
3.5660940398e-02
-2.3583256727e-02
-7.4765293441e-03
-2.0331069297e-02
2.0224577252e-02
-1.9379159470e-02
-5.5927661357e-02
4.3002602179e-02
-4.4551239918e-03
-7.4177429147e-02
-5.4138111937e-02
8.1040272698e-02
-7.1581625530e-02
4.6070663364e-02
3.9697290474e-02
-8.2518880971e-02
-1.9771989062e-02
5.1628487336e-02
-1.1597553146e-01
4.4237418624e-02
-1.0568591311e-01
-8.4942156810e-02
-1.1536428534e-01
-3.1241511258e-02
-7.2144813957e-02
1.4851271090e-02
1.1336487488e-01
-2.9288743318e-02
4.2980867223e-02
4.3975484010e-02
-8.8066380079e-02
-3.6461721549e-02
-5.1143416391e-02
-2.4050008139e-02
8.0303901916e-02
-2.9065912632e-02
5.8882071927e-02
-3.3149239272e-02
5.2911421487e-02
3.3756438982e-02
-8.3694659046e-02
-5.7937538278e-02
-2.8048788004e-02
-1.0335784869e-01
1.4836785866e-02
5.5951411937e-02
-3.1072700423e-02
6.0819836295e-02
-2.3525488616e-02
-3.0582301982e-02
-4.1455580790e-02
1.0080033298e-01
-1.5837468683e-02
4.6775481409e-02
3.3277624966e-02
5.7964949778e-02
8.3099654301e-03
-1.6498109018e-02
-1.5687237582e-02
3.1858221915e-02
3.2199093446e-02
1.1257533160e-02
-4.2969521583e-02
4.7274329314e-02
6.4538207679e-02
-2.8724837952e-02
-6.1166943229e-02
7.1237470724e-02
6.8668421234e-02
-3.5049973878e-02
3.9312071875e-02
-5.7860871735e-02
2.8438844616e-02
5.8134547242e-03
9.0400330898e-02
-1.3241931257e-02
-2.9214982295e-02
-3.8278921550e-02
-1.0060653184e-01
-3.9410200112e-02
-3.4052592454e-02
7.7764382514e-02
2.4969538700e-02
-8.7487266888e-02
-1.8181839176e-02
-4.2350149389e-02
3.4723469248e-02
5.4744587423e-02
1.8893118182e-02
1.0585884228e-01
-3.8400792658e-02
8.9685734093e-02
2.0339159351e-02
-5.3091265507e-02
3.7754941284e-04
5.2985354566e-02
3.7769546208e-02
8.5155650538e-02
3.4577521584e-02
-5.7196022012e-02
8.4394989277e-03
-3.2096882663e-02
-1.6032420328e-02
-1.0194377028e-02
5.0719841530e-02
6.9640579108e-03
1.5245633928e-02
5.0856685017e-02
9.2349691159e-03
3.8209207530e-02
-1.8278672334e-02
-5.2599023398e-02
1.2158005180e-02
1.0536880268e-02
3.1018069618e-02
-4.2672762279e-02
-4.4218708803e-02
-2.5540017270e-02
-1.8280483245e-02
1.6808830200e-02
-6.5032313678e-02
-4.6644096502e-02
-1.3804594323e-02
-4.4865042459e-02
-1.3985327846e-02
-2.7007516841e-03
2.8222003953e-02
9.9482497336e-02
-5.9004224749e-02
3.9386675099e-02
-1.1407788391e-02
1.2485843979e-01
-2.7118711152e-02
4.7033934908e-02
1.0884784954e-01
-5.0150032787e-03
6.0278625794e-02
6.8184743511e-02
-6.8899843664e-02
3.8106568278e-02
-1.9371846073e-02
-2.0139685232e-02
6.4278616487e-02
-2.2626087517e-02
5.0822753532e-02
-4.9912986198e-02
-9.2468702624e-02
-5.9354299770e-03
-4.6609480354e-02
5.8610516343e-02
1.5629071355e-01
2.3147312560e-02
-2.5648266865e-02
9.2078962452e-02
-5.7727220003e-02
-2.2728678368e-02
-1.5270279570e-02
3.9074075302e-03
5.0928884403e-02
-4.3293578862e-02
6.1627296993e-02
1.2206313973e-02
-7.3359431670e-02
-8.5350353717e-02
7.8217197388e-02
-7.0310071948e-02
-8.5820664761e-03
-4.4929446577e-02
-5.6674189303e-02
-4.2036295920e-02
-7.4435459720e-02
9.5784312732e-02
1.5105899669e-02
2.3101661703e-02
-3.2944033040e-02
7.2127669152e-02
-3.0666198314e-02
1.3519864545e-02
-1.0317812735e-01
1.1820722765e-02
2.3814327215e-02
-6.3502221106e-02
-4.0338106916e-02
5.2565401169e-02
1.2867732912e-01
2.0880151219e-02
-5.5077958786e-02
-6.6996176539e-02
9.9554853304e-02
1.0169948826e-02
6.7239515146e-02
6.8119801094e-02
1.4719376815e-02
6.5782901175e-02
2.6661016653e-02
4.5648511500e-02
-7.4624061794e-02
-4.2952987176e-02
-1.2993833207e-02
-7.2314676468e-03
-3.4111896341e-02
7.0131115507e-02
-1.3329503818e-02
-1.7221277387e-02
-5.4861331422e-02
-1.3518864619e-02
-1.6053563617e-02
2.3637334174e-02
7.1450534865e-02
-3.9882666291e-02
-4.2055982973e-02
9.7751243799e-02
3.8194982093e-02
7.9124407083e-02
-1.4399601715e-02
2.9047836065e-02
-1.2538908589e-02
1.1810601091e-02
3.5776238291e-02
-3.7677354279e-02
-2.0743665217e-02
4.4770862091e-02
1.6720113836e-02
-3.6859464559e-02
5.1362008888e-03
-5.5383823296e-02
-4.3928208502e-02
3.3549391264e-02
9.5988784761e-02
2.8478602613e-02
2.9779942971e-02
-1.3059631484e-01
-8.3888333099e-02
-1.2188201393e-01
-7.3026726699e-02
-1.0094613712e-01
-2.5077960842e-02
-9.8318842040e-02
3.0006598333e-02
3.1728934219e-02
-2.4983129340e-02
6.7165012007e-02
-3.6375603730e-02
6.0807135735e-02
-3.5525632779e-02
-1.1982812523e-02
6.4155317986e-02
-2.2062646691e-02
2.1383602687e-02
3.1519426046e-02
-3.0353657787e-02
4.2588340773e-02
8.7336910831e-02
1.1225434574e-02
-7.6672785607e-02
4.6885368585e-02
-3.0001641995e-02
-2.6332589157e-02
9.2834865907e-02
2.4666399889e-02
-6.0166972145e-02
3.8892193684e-02
-6.9673913421e-03
-5.4967028667e-02
6.4060184531e-02
-1.1906278752e-02
-2.2669814361e-02
8.2716450272e-02
1.8078251186e-02
6.1033234001e-02
-2.5058625473e-02
9.3995571771e-02
-3.3717105286e-02
2.3364725817e-02
-6.1961280435e-02
-4.3194674277e-02
1.3470671974e-02
5.5968759529e-02
2.5961953051e-02
-1.9791476243e-02
6.9362555870e-02
-2.3271606677e-02
6.0959454516e-02
5.2990877402e-03
-3.4501399894e-02
-2.5250606843e-02
3.2510437021e-02
-4.5445472056e-02
-1.8919871567e-02
-1.2816588570e-02
-5.0950742114e-02
-3.1819329013e-02
-4.6428896434e-02
5.7998903455e-02
3.1853543428e-02
-2.6541644360e-02
-7.1770536684e-02
1.2414302428e-01
4.0811708641e-02
-1.3114624574e-02
1.1181425706e-02
-2.4559014878e-02
-1.8434800124e-02
-1.6819562287e-02
-1.0904716257e-01
2.7605520488e-02
6.1566627389e-03
5.6700656758e-02
8.8269056994e-02
4.6858900647e-02
-2.7342972106e-02
2.5364938104e-02
3.2196601134e-02
2.6853869512e-02
-1.0522298574e-01
2.1465391842e-02
3.9973452622e-02
1.9010938550e-02
-6.8222211061e-02
1.3291324699e-02
-1.0060334512e-01
-4.2056192033e-02
1.7841579170e-02
4.6952296759e-02
-9.2928633911e-02
-2.1816847562e-02
7.7445077559e-02
-8.1319883015e-02
1.9545645380e-02
-6.1976944274e-02
-1.6297169449e-02
5.6480091320e-02
-5.7607444398e-02
6.6069998111e-02
