2.8037697983e-01
4.6797513093e-01
-1.8402096090e-01
-4.4909735711e-01
-1.7859062258e+00
3.4171232510e-01
3.6653793958e-01
-2.1172740349e-02
2.3461685403e+00
-4.6275711830e-01
1.1903000628e+00
-6.9953070147e-01
2.4290386899e-01
6.8259281384e-01
-6.2654700502e-01
-5.8508026979e-01
1.8748183461e+00
1.5920375845e+00
-3.7079238335e-01
1.7644412705e+00
4.4012836932e-01
-1.1837705780e-01
9.5163235412e-01
-2.3721143604e+00
6.6670583201e-01
-6.2042693110e-01
-2.4992559803e-01
-3.9395206548e-01
-7.8847911287e-01
4.2945907660e-01
-7.9074173395e-01
1.2812107618e+00
5.3904354413e-01
1.8149402201e+00
-8.1673274280e-01
-8.2556234989e-01
5.0950165300e-01
5.0440836835e-01
-4.6378002126e-01
1.5583552744e+00
-7.3918578979e-01
-2.1214569507e+00
-1.2299704181e+00
-6.5817008940e-01
-5.7121072312e-01
-1.0077096398e+00
-4.4676005784e-01
-6.4205742915e-01
4.9208322674e-01
-4.0274905381e-01
-2.1270587664e+00
-1.9162730200e-01
7.8351502276e-01
-1.9097546028e+00
-5.0795931752e-01
-3.4364821847e-01
4.8135693421e-01
-2.6162572026e+00
-1.0405903670e+00
4.7884875056e-01
-1.1065391241e-01
2.0850610337e-01
1.0607495056e+00
1.0377189581e+00
1.0086516382e+00
-9.8945223018e-01
4.9089658615e-02
2.0257960411e+00
2.8587909200e-02
-1.1017706032e-01
-1.5076127757e+00
5.8490487408e-01
2.0088147617e-01
-1.8533368855e+00
-6.1007302198e-02
-1.6814738925e+00
-8.4014321672e-01
7.0836428661e-01
-1.5182599303e-01
9.8755423685e-02
6.8408945217e-01
3.0430635248e-01
5.5808139473e-01
-7.6272237768e-01
-1.8913819327e+00
5.5121318916e-01
1.0021490271e+00
-3.0812348450e-01
1.9256722963e+00
5.2693837921e-02
1.5395143992e-01
1.8661336101e+00
-9.6482988228e-02
-4.5517243065e-01
8.7960778821e-02
8.7156625671e-01
6.7538718414e-01
2.0864725459e-01
2.8002827846e-01
-1.3379966134e+00
1.2440888356e+00
-4.9212722491e-01
7.7781330089e-01
1.1214135151e+00
-8.2268328323e-02
7.7586451947e-01
5.2986055303e-01
4.8069738602e-01
-4.1645919086e-01
9.4275977726e-01
6.6153899589e-01
1.9465023473e+00
-7.3586302817e-01
-4.9181893379e-01
-8.9274642811e-01
-3.4815948469e-01
5.9612007240e-01
-3.4371358693e-01
-1.5986185882e+00
6.0789897915e-01
-6.1939022075e-01
5.2025733907e-01
3.1759836715e-01
-2.1350786126e+00
2.4701493805e-01
-3.9894444920e-01
-6.6634124085e-01
1.4367345539e+00
1.6523161050e-01
1.2031336694e+00
-1.3187686571e+00
2.0762966567e-01
-1.1178301588e+00
5.2518661397e-01
1.1722306380e-02
-2.7021474184e-01
-7.7628973057e-01
-5.8186618718e-01
1.1083600256e+00
1.1849227852e-02
4.8344225957e-01
1.1687693905e+00
-2.2437101293e-01
-1.0366787068e+00
-7.7491495214e-01
5.0380039218e-01
-2.3869222364e-01
1.5975812745e-01
-1.2350142553e+00
-8.8248317145e-02
-2.7502179250e-01
-7.6561043772e-01
2.2472606779e-02
-6.4580809172e-01
-7.0146989679e-01
-4.5725954690e-02
-4.0431366803e-01
-9.0529058062e-01
9.5186229049e-01
-1.6516333567e+00
4.3754419925e-01
-1.0517311959e+00
1.6211731692e+00
4.3727127156e-01
-1.5459592338e+00
2.3855056939e-01
-1.0105937295e+00
-9.8604992224e-01
1.0996053593e+00
8.9216620474e-01
4.1302601917e-02
1.6839028078e+00
-1.4347590815e-01
-3.6764763685e-01
-5.1856936266e-01
-1.1112384631e+00
1.3752425574e+00
-1.0137400913e+00
-1.0557549095e+00
9.0232941609e-01
1.6823545411e-01
-9.0220535634e-02
2.9506314012e-01
-4.5715911566e-01
1.4362366542e+00
1.8238097224e+00
3.2883882416e-01
-3.1771725421e-01
-8.3654882786e-01
-1.4279991317e+00
-1.3972840038e+00
4.5386063877e-01
-9.4759893664e-01
-1.1246151616e+00
1.9801255538e+00
5.3841871600e-01
1.2490459480e+00
-4.3185281731e-01
6.4412721326e-01
-1.8072746912e+00
-7.6948961767e-01
9.5998941837e-01
-2.9535478167e-01
1.2419369925e+00
-1.0279768644e-01
-2.4372281869e-01
-9.9721645533e-01
-1.1983942238e+00
9.2169286030e-01
1.6516619116e+00
-1.1328015716e+00
-9.3674206463e-01
-6.7282395085e-01
-2.5362861339e+00
-7.2563127416e-01
3.7748996470e-01
-2.2165495653e+00
-8.3301041865e-01
9.6043629413e-01
1.9547705981e-01
-6.7567596579e-01
1.4105721775e+00
5.7858313725e-01
2.1835095869e-01
-5.7007632600e-01
-4.0485778955e-01
7.1995615241e-01
-4.1628992578e-01
-5.5435566101e-01
5.8207165912e-01
-2.3497069365e-01
-1.0800423954e-01
2.4085056780e-01
-2.0331353833e-01
1.5942599424e+00
-1.3823333504e+00
-1.6756500416e-01
-6.5364961369e-01
2.5115801330e-01
4.8858864967e-01
5.6509710999e-01
6.3258443488e-01
9.6406031890e-01
-1.2283639437e-01
1.4854301290e+00
1.1123869433e+00
2.2993781085e-01
1.8932263282e-01
-8.6663722582e-01
4.7651342648e-01
4.2243814503e-01
-1.5509361666e+00
-8.0155548328e-01
5.8091215232e-01
-8.5500324797e-01
-3.7840999798e-01
-5.1622137232e-01
-1.4110930529e-01
-1.2529511734e+00
4.5580292506e-02
-8.6782644301e-01
-8.3677511500e-01
2.6018015919e+00
-1.9303871757e+00
1.4338141727e+00
1.8198043136e+00
2.9329025179e-01
-5.3937835408e-02
-2.0708731750e-01
5.0356031020e-01
-1.0618817029e+00
-1.5991208185e+00
3.4606297584e-01
-1.7647157415e+00
-1.5005348104e+00
-4.6837514357e-01
-2.4732577987e-01
8.4825556708e-01
-4.9080782241e-01
-2.2869676866e-01
1.1780842299e+00
1.2583294295e+00
2.6329277101e-03
3.4864396103e-01
3.3727552460e-01
-1.0590227652e-01
-2.0704417319e+00
1.2033698938e+00
6.4928989533e-02
-1.4807477513e-01
-1.1087958792e+00
-1.3601544761e+00
1.7701326442e-01
-1.5645406403e+00
-3.0222507426e-01
-6.8781816675e-01
9.3494947642e-02
2.1930350984e-01
5.3399674163e-01
1.3628659845e+00
-8.0546944131e-01
6.2030274723e-01
-4.0207063310e-01
-2.3947394546e-01
-8.7698085684e-01
-2.2697061570e-02
1.8393659278e+00
-5.0790672429e-01
7.7511326791e-02
-1.1357398520e+00
1.4135347820e+00
3.9380967802e-01
5.7905121286e-01
-1.0187913936e+00
-1.7987020725e-01
9.4192810625e-01
-1.4846477620e+00
1.8569610730e-01
-9.0635177352e-01
-6.4264594237e-01
-3.0541784245e-02
8.8273641442e-01
-9.1328477731e-01
1.8868675687e+00
1.0929763996e-01
-1.2661742029e+00
9.7937868555e-01
9.6016718173e-01
-2.0259367321e+00
-2.4548296765e-01
-1.0508280518e+00
9.5103415830e-01
-3.4500907976e-01
1.8373607984e+00
-3.4119899658e-01
-1.8796300240e+00
4.5958512170e-01
5.8058767774e-01
-4.9906702483e-01
5.9279161075e-02
6.9451185646e-01
-8.2926383012e-01
3.0153778898e-01
-7.3958871485e-01
-1.3175426006e+00
-6.6511116759e-01
-5.4337955769e-01
1.7774876393e-01
-8.1053152190e-01
1.0259885181e-01
-1.8520915479e+00
1.9816481122e+00
-7.2467325263e-01
2.7320630715e-01
-4.4727221894e-01
-9.9006377462e-01
-4.1582363159e-01
1.7198946008e+00
-8.6301160469e-01
5.5853229326e-01
-6.1795082882e-01
4.4457854191e-01
1.8576494847e+00
-1.1831318882e+00
5.3437076305e-01
-1.1904936135e+00
8.9799521502e-01
1.1266927315e+00
-3.0487741186e-01
3.2042465479e-01
-1.8801812755e-01
-4.7283138018e-01
-1.0997517985e-01
8.2188025761e-01
-1.0580588907e+00
-6.4761041991e-01
2.6245065672e-01
-1.3128517043e+00
9.8704443404e-01
-1.7308267414e+00
-1.2593772576e+00
9.5559053348e-01
5.2475346670e-02
4.9289212510e-01
3.2006342469e-01
-1.8575323642e+00
1.3262055782e+00
5.2643429158e-01
2.2564821122e-01
3.0492633466e-02
-3.6616554411e-01
7.4632585790e-01
-8.7594920832e-01
-4.9289793034e-01
-6.9457291819e-01
7.4360229162e-01
-1.3398151759e+00
3.5121727814e-01
-4.9588132117e-01
-4.2886319925e-02
