-1.2964358628e+00
7.5592540202e-01
1.1379626912e+00
-9.7863480482e-01
-5.6974463054e-01
6.5026225474e-01
7.6288660687e-01
-6.0641419578e-01
8.2635099940e-02
3.7437982792e-01
-6.7463798655e-01
-1.3661342907e+00
1.9337640432e-01
2.5088384078e-01
6.6651363097e-02
7.3318904220e-01
1.2220130132e+00
-1.8857474612e+00
6.7218467043e-01
-6.5497436667e-01
-1.7536573507e+00
3.8474727978e-01
8.8837892907e-01
-1.4055208216e+00
4.7931880913e-01
-1.3081484616e+00
-2.5728428041e-01
1.8889997484e+00
-1.9476842663e+00
1.4333369113e-01
3.2716907715e-02
-1.0438749358e-01
-8.0275659897e-01
-2.3150296907e-01
4.7480263976e-01
2.0901327294e-01
1.6025267135e+00
-6.2584886820e-02
4.0547781326e-01
-5.4868905116e-01
-5.5557158172e-01
-2.9957354230e-01
1.5439418357e+00
7.8814653152e-01
-1.2400214831e+00
-1.2846156595e-01
-1.0643427239e+00
-2.3504191913e-01
-2.3001818921e+00
7.2061577055e-01
2.6126478701e-01
3.7358310883e-01
-1.0460946463e-01
1.3179002233e+00
1.7888625127e+00
-3.6305666922e-01
-1.7805045618e+00
-7.8024848837e-01
-1.9984123282e+00
-2.0347854699e-01
8.1848271510e-01
-6.5488104602e-02
-2.4201539513e+00
2.1517109904e-01
3.6452917212e-02
-1.0571377717e+00
-1.7093979918e+00
-1.2509094136e+00
-1.2131773796e+00
-2.1735940679e-02
-5.5818158958e-01
1.5622176918e+00
-7.8684478480e-01
1.1720940979e+00
9.9418788876e-01
-7.3611360199e-01
-6.5495987606e-01
-4.6100666662e-01
-7.1048677824e-02
-2.7367937486e-01
-2.1165477421e-01
1.1081542381e-02
-1.5293123061e+00
-3.2894308647e+00
-1.3468606484e-01
3.4003925313e-01
7.1349791681e-02
-1.3271851233e+00
6.8286815981e-01
-1.1207967265e+00
1.0907347688e+00
-6.6412577817e-01
1.6095057547e+00
-5.0598148025e-01
1.8132250523e-02
-1.0876842819e+00
-1.3995257415e+00
-2.5808136308e-01
-1.4393439379e+00
-2.9287560650e-01
9.5295001389e-01
-6.6706539695e-01
7.9003273552e-01
-1.5523351890e+00
7.9384585858e-01
-2.4112554153e-01
1.6419775000e-01
5.2876920138e-01
-1.4486078841e+00
-9.8446554647e-01
4.4689032921e-02
-7.7006138815e-01
-1.8015879699e+00
7.3289500259e-02
2.8591743258e-01
-1.7456246620e+00
5.6791779751e-01
8.6517630219e-01
4.1294839130e-01
9.9395673729e-01
-6.0038967871e-01
-1.4226828695e+00
8.5918051065e-01
8.0995015870e-01
-6.2950043581e-01
1.6404377615e+00
-6.7243709813e-01
2.6754939786e-01
7.5436087877e-03
-4.4368454577e-02
-2.1668420952e-01
3.2862524241e-01
-1.6118919399e+00
1.5602336104e+00
-8.5258582930e-02
5.8905999214e-01
1.0633546910e+00
6.1149181745e-01
-1.6253897806e+00
-1.3825402439e+00
2.2429454236e+00
-3.9375362087e-01
-5.8360835234e-01
7.7925188186e-01
1.5151800229e-01
2.0112731563e-01
-7.7631321784e-01
-9.0237229405e-01
1.4019592730e+00
4.9362946927e-01
-9.4809051128e-01
-6.0453352131e-01
8.3649360632e-01
-4.8177490065e-02
2.4767112922e+00
7.8820469748e-02
1.2569683342e+00
1.4620119267e-01
-2.2516538994e-01
-2.1545008560e+00
-5.9029638048e-01
9.7749755763e-01
-2.4490305263e-01
-2.2435843465e+00
1.4606791709e+00
-4.1482352002e-01
8.7665637146e-01
-4.2657919892e-01
-6.5907801511e-01
2.2770551368e-01
-3.3214824027e-03
-1.0948938314e+00
1.3376491016e+00
6.4215044892e-02
1.0656970406e+00
7.7441174095e-01
-9.2203899159e-01
6.5397205188e-01
1.6302945074e+00
4.2505442158e-01
-1.5152374542e+00
-1.9112914130e+00
-8.3054323696e-01
-6.1512862431e-02
-6.1077880200e-02
-4.3524005949e-01
6.8800853667e-01
-1.0433008905e+00
-5.0746637532e-01
-4.2357402782e-01
-9.1714135706e-01
4.2415993790e-01
5.1983611474e-01
6.8166138518e-01
2.7364811749e-01
-2.0570181847e-01
1.9020339560e+00
2.9880214778e-01
-1.7464722197e-03
4.2976588153e-01
-1.6722045212e-01
1.1512577161e+00
-1.5865220460e+00
-2.4578362595e-01
1.5648963243e+00
1.6639426350e-01
1.9179470290e+00
-2.9406294511e+00
-9.7378775840e-01
-1.1317375951e+00
-1.5148340868e+00
-2.7508383450e-01
2.1485037919e-01
-5.9204938775e-01
-5.3238837577e-01
1.3267856961e+00
-3.4115888219e-01
-2.1011229931e-01
1.6225188388e+00
-1.2505619675e+00
-8.7441441360e-01
1.9714721955e-01
1.3990435301e+00
8.3187103727e-01
8.8638496720e-01
1.7892654392e+00
3.6010410774e-01
5.8405713226e-01
1.1570769479e-01
3.9964309275e-01
1.0655627951e+00
2.1543485335e-01
2.5827738624e-01
8.3176124599e-01
-1.3228587206e-01
4.7495829065e-01
6.6950557105e-02
1.6837635675e-01
-5.2634246753e-01
-1.5109377452e-01
-2.3622555210e-01
1.0606402138e+00
-1.3293160160e+00
9.1029463923e-01
-1.3942783689e+00
-1.5412151354e+00
-1.8730290722e-02
-7.7919911767e-01
1.9260187347e-01
-4.3156400183e-01
-9.2939453504e-01
1.4842122355e-01
