-6.6515148429e-01
3.4863088487e-01
-1.2485614772e+00
-1.1894862575e+00
-3.7813361599e-01
3.3926465659e-01
4.4944623967e-01
-7.2543034666e-02
-2.0283325102e-01
-1.6922042103e+00
4.9947410088e-01
1.1731345290e+00
4.3714318680e-01
-2.0147248011e-01
-2.9716941675e+00
-1.4879647070e+00
1.4251662144e+00
2.0304501422e-01
-2.9656943757e+00
1.2566244226e+00
4.3673398206e-01
1.1745048626e+00
-5.0368388090e-01
-9.1379273138e-01
-1.2277206344e+00
-3.5685340492e-01
-2.7410123807e-01
-2.3672430742e+00
-4.7625135551e-01
-4.2270429567e-01
-1.1898699870e+00
1.0338553613e-01
7.1097620853e-01
4.5067716241e-01
1.2151149002e+00
-5.5477566025e-01
-5.8522342232e-01
-7.0190742556e-01
-2.8524692399e-02
-1.0801101399e+00
3.8091218568e-01
4.7359303199e-01
-4.9552391433e-01
1.5268274476e+00
-1.8925602407e+00
1.7282654560e-01
-7.2812692126e-01
-8.1165664380e-02
-5.0209389469e-01
5.5627112166e-01
1.2202419748e+00
4.8183151450e-01
3.2107383036e-01
7.7881994425e-01
1.9256452829e+00
1.3054062407e+00
2.0494742587e+00
-9.8315620359e-02
-6.2784790407e-01
-9.4375631013e-01
-5.2391412851e-01
1.0487470093e+00
-2.6831362104e+00
-1.6395402217e-01
1.3572389169e+00
-6.4216403114e-01
-8.3648352591e-01
1.5610113775e+00
1.8600334007e+00
-5.7998159513e-01
9.7217768417e-02
-5.6174021922e-01
3.4918835833e-02
1.2466980316e+00
2.1524264620e+00
-2.9898399889e-02
9.4976803341e-01
6.4182001314e-01
-4.7422761775e-01
-1.0099609352e+00
-6.9490035727e-01
1.6765076058e+00
-6.0357450953e-01
3.8363642987e-03
-9.9944989862e-02
-1.1516178506e+00
-1.7240654627e-01
-2.1091474975e+00
6.9354921466e-01
-1.1080125828e+00
5.4255728015e-01
1.2026049558e-01
9.0863440671e-03
-8.0663214310e-03
7.0374332005e-01
9.6894728597e-01
3.3093497625e-01
-1.7476971519e+00
1.4643558911e+00
9.2746785516e-02
-9.3936273905e-02
4.4597191127e-01
6.0069462643e-01
3.5790899564e-01
2.0118683906e-01
1.1092806996e+00
1.3176832173e+00
1.0591372272e+00
-6.3180442233e-01
1.9193176026e+00
-9.4943697796e-01
5.3762046464e-01
-1.2610444856e-01
2.9365462216e-01
1.2997135212e-01
-1.0367734869e+00
-7.8719855972e-03
-9.2936825222e-01
-3.0306119714e-02
3.9768035490e-01
7.1266163365e-02
6.1348232107e-01
1.1596914961e+00
-2.2924288334e-01
9.0877415192e-01
-2.6092868472e-01
-1.0908753497e+00
-4.6657487543e-02
-2.5149953457e-01
-9.5183977573e-01
-1.3438158682e+00
-1.2004690551e+00
-6.9484302012e-01
9.3748829654e-01
-4.9807589711e-01
-2.3407123563e+00
1.1834965151e+00
-7.1606353050e-01
-9.6966843648e-01
1.5610413871e+00
-5.6094124555e-01
7.6517492767e-01
1.4450571632e-02
6.2757971919e-01
-1.4824736072e-01
-2.4159263677e+00
1.2971689214e+00
3.1887716757e-01
-1.9578925636e+00
9.9228443970e-02
-1.1513570374e+00
2.7999997061e-01
-1.4010418023e-01
-6.6071966266e-01
-1.0755180992e+00
8.8414605922e-01
1.1317919548e+00
-8.5086910253e-01
1.6809482706e-01
1.4356383017e+00
1.5393644260e+00
-1.2418794690e+00
-9.4008605913e-01
-2.9439638616e-01
5.3765414415e-02
-2.5370327991e-01
-7.9470362440e-01
-9.7295184945e-01
5.0172736891e-01
-1.6428822837e+00
1.6875832722e-01
-1.0535967397e+00
-1.8723234003e+00
2.1762199855e+00
4.9267217966e-01
4.6812267647e-01
2.4425214647e-01
-3.1622162133e+00
5.9228011606e-01
-6.5895560494e-01
6.5832055056e-01
5.6323810439e-01
-3.5338455616e-01
-8.6625119214e-01
-6.4045000734e-01
1.1689753939e+00
-3.9911026741e-01
7.1749499122e-03
2.3600408849e-02
5.6374685844e-01
1.2850094672e+00
7.9994402909e-01
-1.8252927275e+00
-6.4773081747e-01
1.2009204396e+00
1.6332367569e-01
-1.7002552547e+00
5.3171182607e-01
7.0690975355e-02
-2.9982133596e-01
-2.1272231747e+00
-1.1951794646e+00
1.6772042373e+00
-1.7222112982e+00
2.9475912820e-01
7.1720726907e-02
9.2895989188e-02
-6.4325552172e-03
-1.5378789869e+00
-9.5712175006e-03
-1.3506611128e+00
-2.8079320891e-01
-4.0030085909e-01
4.7085859317e-01
1.6222004395e+00
9.5646045068e-01
-1.7296547755e+00
1.1705901724e+00
-7.2911816536e-01
1.0270776171e+00
1.1357367246e-01
-6.5545110766e-01
1.5500016462e-01
-1.3012882524e+00
1.8079415248e+00
-1.3402021828e+00
1.0442263845e+00
7.7331380436e-01
1.5796368498e+00
2.0922775493e+00
-1.8517077655e+00
8.2236387555e-01
-1.8932343045e-01
1.2056698312e+00
-8.6724011077e-01
-7.8213108996e-01
-5.1937299991e-01
-3.2682291261e-01
2.7580068916e-02
1.4957639923e-01
-1.9796096654e+00
-1.6874037137e-02
9.2330815819e-03
1.4415883954e+00
2.2868146227e-01
1.1907755451e+00
5.3568616766e-01
7.0037536659e-01
1.0045639595e+00
1.0185693298e+00
-3.0583801967e-01
1.2758110125e+00
