-1.2232150148e+00
3.8101491577e-01
-1.5358337999e+00
5.3431429179e-02
-9.2811549527e-01
-5.7570085292e-01
9.2718698770e-01
-8.4842520949e-01
-1.0432744122e+00
-3.6361371107e-01
4.3932968185e-01
-2.7941917125e-01
1.2857801144e+00
1.1031122846e+00
1.7262287706e-01
-4.0117852239e-01
-6.9437915221e-03
-1.2131299750e+00
-4.9748210849e-01
-6.9513654416e-01
9.9421543356e-01
8.6954975813e-01
4.0397875594e-01
6.8497845344e-01
8.7627016100e-01
-1.0384081153e+00
-2.6465783264e-01
-1.9289972478e-01
1.2033627528e-01
-1.0354708380e-01
-9.7826649202e-01
-2.2736518721e+00
8.3846733663e-01
-1.8536268217e+00
-9.8815805318e-01
-8.6975774168e-01
-1.9959186156e+00
-9.8333300389e-01
4.0962394091e-01
-2.2795579628e-01
2.3329981848e-01
4.9340993011e-01
1.2886408180e+00
-6.1383866061e-01
2.4460729166e+00
1.0960490495e+00
-3.9048911283e-01
1.4915617950e+00
-1.3262627178e+00
-1.7107107572e-01
-7.3946691295e-01
-4.4100149078e-01
-2.2108487511e-01
1.1589902220e-01
1.3187998209e+00
-2.0527941038e-01
-9.8121772509e-01
1.0108735903e+00
5.0429858562e-01
-1.2969708134e+00
-1.0375714440e+00
4.0703694974e-01
-9.9757265488e-02
3.6333509854e-01
-4.1466426411e-01
1.3584344448e-01
6.9049316230e-01
6.6799238211e-01
-1.3954194910e+00
-2.5171019727e-01
-1.8975368021e+00
8.5345307705e-01
-5.7951471003e-01
2.0299682052e-01
3.1477728053e-01
5.0914970393e-01
9.2877987000e-01
-8.8085134315e-02
4.1889241708e-01
-1.3183726235e-01
1.0451800874e-01
4.3997397079e-01
-6.9715846733e-01
-1.1248188413e+00
-2.9738094739e-01
-2.1285582032e+00
-1.2436078998e-01
6.0390913194e-01
-1.1205296206e+00
-7.6306145357e-01
1.5784013535e+00
9.2227274330e-01
9.8199435711e-02
-9.6340277412e-02
1.1535530139e+00
1.3758567859e-01
-2.6291570831e-01
6.2478603710e-02
9.9667704121e-02
1.4663194405e+00
-1.7441772632e+00
-2.8183702083e-01
-7.5943489071e-01
8.2139096948e-01
5.7900249863e-01
-1.2474880643e-01
1.0409504425e+00
-2.6740264964e+00
1.3231671410e+00
1.6707769390e-01
-1.7161743893e+00
2.2181364721e-01
-4.9363708981e-01
1.0013261069e+00
-1.9397512018e-01
-1.2020695892e+00
2.6848106123e+00
9.9642336233e-01
-3.1051520629e-01
2.5106735163e+00
1.1366550952e+00
-1.1647634908e+00
-1.2747336663e+00
4.9270862357e-01
6.8248987843e-01
-7.7787183840e-01
5.6794609412e-01
-7.8530481927e-01
9.4612108386e-01
-5.9167954304e-01
1.7437735227e-01
-5.0864862369e-01
-1.2110424013e+00
4.2193918033e-01
1.4542747630e+00
1.2753959867e+00
-1.2520002603e+00
-9.1802219242e-02
-2.4289609144e-02
-7.6205797786e-01
-1.0795504686e+00
4.6738198752e-01
1.0291610156e+00
-1.0770918056e+00
-6.1354852099e-01
-2.0279094837e-01
2.5136430441e+00
-1.9402694235e+00
-3.9427453324e-01
4.8354133192e-01
-8.6521415299e-01
5.9100774475e-02
-1.4971264765e+00
2.2802927955e-01
5.3171676457e-02
9.2812269484e-01
1.0267146860e-01
-2.7506403535e-01
-1.5233248999e-01
-9.7366192797e-01
-1.2786788111e+00
5.0116325624e-01
-3.7308225246e-01
1.7091387139e+00
2.9600812540e-02
4.0170655383e-01
1.5774874026e+00
4.5971712031e-01
1.5558261486e-01
1.9051379869e-01
-6.4505386573e-01
