# loss | a0 ... a6
6.095693e+02	7.466667e-01	2.666667e-01	4.433333e-02	6.733333e-01	1.080000e+00	-7.833333e-01
5.301616e+02	7.543662e-01	2.743662e-01	5.203291e-02	6.810329e-01	1.072300e+00	-7.910329e-01
5.095736e+02	7.578065e-01	2.775669e-01	5.548721e-02	6.766155e-01	1.065001e+00	-7.947811e-01
5.095736e+02	7.578065e-01	2.775669e-01	5.548721e-02	6.766155e-01	1.065001e+00	-7.947811e-01
5.026579e+02	7.593431e-01	2.788494e-01	5.730681e-02	6.688051e-01	1.057707e+00	-7.968238e-01
4.967459e+02	7.632954e-01	2.825831e-01	6.106893e-02	6.690026e-01	1.054984e+00	-8.007103e-01
4.967459e+02	7.632954e-01	2.825831e-01	6.106893e-02	6.690026e-01	1.054984e+00	-8.007103e-01
4.955425e+02	7.624914e-01	2.815685e-01	6.071867e-02	6.595857e-01	1.047142e+00	-8.010700e-01
4.952841e+02	7.635045e-01	2.825154e-01	6.194811e-02	6.574549e-01	1.045538e+00	-8.022301e-01
4.952841e+02	7.635045e-01	2.825154e-01	6.194811e-02	6.574549e-01	1.045538e+00	-8.022301e-01
4.977508e+02	7.609133e-01	2.806772e-01	5.890319e-02	6.667630e-01	1.051159e+00	-8.007069e-01
4.959196e+02	7.645161e-01	2.833533e-01	6.342492e-02	6.553941e-01	1.040872e+00	-8.045275e-01
4.959196e+02	7.645161e-01	2.833533e-01	6.342492e-02	6.553941e-01	1.040872e+00	-8.045275e-01
4.958130e+02	7.644763e-01	2.833557e-01	6.331069e-02	6.553794e-01	1.040023e+00	-8.054380e-01
4.946521e+02	7.614836e-01	2.802792e-01	6.150493e-02	6.485190e-01	1.035087e+00	-8.033501e-01
4.946521e+02	7.614836e-01	2.802792e-01	6.150493e-02	6.485190e-01	1.035087e+00	-8.033501e-01
4.944664e+02	7.619126e-01	2.808956e-01	6.163501e-02	6.515436e-01	1.036790e+00	-8.040733e-01
4.940906e+02	7.634955e-01	2.820112e-01	6.374344e-02	6.454684e-01	1.030953e+00	-8.064013e-01
4.940906e+02	7.634955e-01	2.820112e-01	6.374344e-02	6.454684e-01	1.030953e+00	-8.064013e-01
4.974499e+02	7.598986e-01	2.791538e-01	5.968836e-02	6.524742e-01	1.039219e+00	-8.031378e-01
4.975108e+02	7.654627e-01	2.838889e-01	6.583699e-02	6.440119e-01	1.029569e+00	-8.092872e-01
4.975108e+02	7.654627e-01	2.838889e-01	6.583699e-02	6.440119e-01	1.029569e+00	-8.092872e-01
4.941037e+02	7.633821e-01	2.822837e-01	6.389232e-02	6.451076e-01	1.028156e+00	-8.086054e-01
4.939172e+02	7.613081e-01	2.798535e-01	6.279062e-02	6.399799e-01	1.027276e+00	-8.070073e-01
4.939172e+02	7.613081e-01	2.798535e-01	6.279062e-02	6.399799e-01	1.027276e+00	-8.070073e-01
4.936403e+02	7.627951e-01	2.813266e-01	6.498308e-02	6.353865e-01	1.021666e+00	-8.097142e-01
4.936274e+02	7.615678e-01	2.800583e-01	6.328172e-02	6.385538e-01	1.026220e+00	-8.083136e-01
4.936274e+02	7.615678e-01	2.800583e-01	6.328172e-02	6.385538e-01	1.026220e+00	-8.083136e-01
4.940379e+02	7.615780e-01	2.806393e-01	6.209393e-02	6.460860e-01	1.032851e+00	-8.085321e-01
4.939717e+02	7.632971e-01	2.816501e-01	6.502996e-02	6.378394e-01	1.024887e+00	-8.110709e-01
4.939717e+02	7.632971e-01	2.816501e-01	6.502996e-02	6.378394e-01	1.024887e+00	-8.110709e-01
4.933676e+02	7.619783e-01	2.803692e-01	6.421616e-02	6.358320e-01	1.023566e+00	-8.112012e-01
4.933868e+02	7.618580e-01	2.802802e-01	6.407515e-02	6.363551e-01	1.024189e+00	-8.110354e-01
4.933868e+02	7.618580e-01	2.802802e-01	6.407515e-02	6.363551e-01	1.024189e+00	-8.110354e-01
4.943672e+02	7.634028e-01	2.822638e-01	6.465114e-02	6.422469e-01	1.029599e+00	-8.124592e-01
4.944419e+02	7.602552e-01	2.787469e-01	6.305449e-02	6.347031e-01	1.022984e+00	-8.110202e-01
4.944419e+02	7.602552e-01	2.787469e-01	6.305449e-02	6.347031e-01	1.022984e+00	-8.110202e-01
4.959753e+02	7.640766e-01	2.819195e-01	6.768440e-02	6.280071e-01	1.015804e+00	-8.158630e-01
4.961074e+02	7.591127e-01	2.778308e-01	6.229114e-02	6.346260e-01	1.023658e+00	-8.111174e-01
4.961074e+02	7.591127e-01	2.778308e-01	6.229114e-02	6.346260e-01	1.023658e+00	-8.111174e-01
4.933967e+02	7.616356e-01	2.793977e-01	6.494168e-02	6.300876e-01	1.019436e+00	-8.144770e-01
4.945069e+02	7.633601e-01	2.819942e-01	6.574974e-02	6.362889e-01	1.024211e+00	-8.157994e-01
4.945069e+02	7.633601e-01	2.819942e-01	6.574974e-02	6.362889e-01	1.024211e+00	-8.157994e-01
4.941644e+02	7.628697e-01	2.811287e-01	6.651351e-02	6.303305e-01	1.020003e+00	-8.161153e-01
4.958037e+02	7.590555e-01	2.780137e-01	6.236751e-02	6.351023e-01	1.024587e+00	-8.133285e-01
4.958037e+02	7.590555e-01	2.780137e-01	6.236751e-02	6.351023e-01	1.024587e+00	-8.133285e-01
4.955636e+02	7.595455e-01	2.792297e-01	6.118594e-02	6.440078e-01	1.033193e+00	-8.131100e-01
5.007276e+02	7.656097e-01	2.843587e-01	6.801106e-02	6.360501e-01	1.023920e+00	-8.202373e-01
5.007276e+02	7.656097e-01	2.843587e-01	6.801106e-02	6.360501e-01	1.023920e+00	-8.202373e-01
4.935505e+02	7.615492e-01	2.817142e-01	6.342095e-02	6.431846e-01	1.029398e+00	-8.174632e-01
4.951982e+02	7.590358e-01	2.782069e-01	6.288232e-02	6.346578e-01	1.024331e+00	-8.159539e-01
4.951982e+02	7.590358e-01	2.782069e-01	6.288232e-02	6.346578e-01	1.024331e+00	-8.159539e-01
4.933527e+02	7.614192e-01	2.807494e-01	6.413812e-02	6.381629e-01	1.026722e+00	-8.184582e-01
4.939519e+02	7.624046e-01	2.814184e-01	6.581266e-02	6.347912e-01	1.023847e+00	-8.200942e-01
4.939519e+02	7.624046e-01	2.814184e-01	6.581266e-02	6.347912e-01	1.023847e+00	-8.200942e-01
5.035517e+02	7.656310e-01	2.851396e-01	6.896553e-02	6.343549e-01	1.019723e+00	-8.249638e-01
5.183959e+02	7.527957e-01	2.725433e-01	5.822960e-02	6.318627e-01	1.024279e+00	-8.134180e-01
5.183959e+02	7.527957e-01	2.725433e-01	5.822960e-02	6.318627e-01	1.024279e+00	-8.134180e-01
4.981120e+02	7.638688e-01	2.835577e-01	6.795303e-02	6.348087e-01	1.023596e+00	-8.239782e-01
4.978511e+02	7.569710e-01	2.769588e-01	6.250291e-02	6.316889e-01	1.022994e+00	-8.188244e-01
4.978511e+02	7.569710e-01	2.769588e-01	6.250291e-02	6.316889e-01	1.022994e+00	-8.188244e-01
4.933548e+02	7.598182e-01	2.797128e-01	6.507313e-02	6.318280e-01	1.022531e+00	-8.216934e-01
4.944420e+02	7.619019e-01	2.817915e-01	6.681470e-02	6.330401e-01	1.023013e+00	-8.242648e-01
4.944420e+02	7.619019e-01	2.817915e-01	6.681470e-02	6.330401e-01	1.023013e+00	-8.242648e-01
4.934552e+02	7.609598e-01	2.810089e-01	6.550286e-02	6.358784e-01	1.027834e+00	-8.224851e-01
4.941576e+02	7.586465e-01	2.787186e-01	6.417579e-02	6.319243e-01	1.023307e+00	-8.226100e-01
4.941576e+02	7.586465e-01	2.787186e-01	6.417579e-02	6.319243e-01	1.023307e+00	-8.226100e-01
4.945908e+02	7.584624e-01	2.777330e-01	6.521082e-02	6.242064e-01	1.015540e+00	-8.239556e-01
4.969286e+02	7.630614e-01	2.831081e-01	6.772117e-02	6.343696e-01	1.024659e+00	-8.273753e-01
4.969286e+02	7.630614e-01	2.831081e-01	6.772117e-02	6.343696e-01	1.024659e+00	-8.273753e-01
5.049383e+02	7.546569e-01	2.762342e-01	5.911929e-02	6.397564e-01	1.028939e+00	-8.214032e-01
5.045107e+02	7.647056e-01	2.854439e-01	6.967640e-02	6.346526e-01	1.023104e+00	-8.310068e-01
5.045107e+02	7.647056e-01	2.854439e-01	6.967640e-02	6.346526e-01	1.023104e+00	-8.310068e-01
5.079971e+02	7.533288e-01	2.748477e-01	5.996366e-02	6.330900e-01	1.025560e+00	-8.216757e-01
5.031893e+02	7.639360e-01	2.851911e-01	6.972078e-02	6.342409e-01	1.023633e+00	-8.319057e-01
5.031893e+02	7.639360e-01	2.851911e-01	6.972078e-02	6.342409e-01	1.023633e+00	-8.319057e-01
4.933386e+02	7.585017e-01	2.801626e-01	6.482742e-02	6.341425e-01	1.024785e+00	-8.280198e-01
4.932906e+02	7.585578e-01	2.801241e-01	6.518451e-02	6.328668e-01	1.024169e+00	-8.282837e-01
4.932906e+02	7.585578e-01	2.801241e-01	6.518451e-02	6.328668e-01	1.024169e+00	-8.282837e-01
4.968092e+02	7.560718e-01	2.775279e-01	6.326333e-02	6.312995e-01	1.026367e+00	-8.256579e-01
5.010536e+02	7.631366e-01	2.847095e-01	6.930559e-02	6.343857e-01	1.024393e+00	-8.335063e-01
5.010536e+02	7.631366e-01	2.847095e-01	6.930559e-02	6.343857e-01	1.024393e+00	-8.335063e-01
4.957949e+02	7.564810e-01	2.791422e-01	6.217166e-02	6.416022e-01	1.032752e+00	-8.277014e-01
4.963944e+02	7.613417e-01	2.833490e-01	6.799592e-02	6.342901e-01	1.023997e+00	-8.336381e-01
4.963944e+02	7.613417e-01	2.833490e-01	6.799592e-02	6.342901e-01	1.023997e+00	-8.336381e-01
4.933439e+02	7.592107e-01	2.809722e-01	6.646178e-02	6.318870e-01	1.022393e+00	-8.324153e-01
4.938841e+02	7.572215e-01	2.794120e-01	6.449294e-02	6.333230e-01	1.024727e+00	-8.310089e-01
4.938841e+02	7.572215e-01	2.794120e-01	6.449294e-02	6.333230e-01	1.024727e+00	-8.310089e-01
4.931923e+02	7.585222e-01	2.802085e-01	6.589182e-02	6.312655e-01	1.023259e+00	-8.329974e-01
4.934699e+02	7.593148e-01	2.815534e-01	6.629516e-02	6.343604e-01	1.025373e+00	-8.339070e-01
4.934699e+02	7.593148e-01	2.815534e-01	6.629516e-02	6.343604e-01	1.025373e+00	-8.339070e-01
4.941505e+02	7.571597e-01	2.789868e-01	6.439381e-02	6.338154e-01	1.030200e+00	-8.307270e-01
4.940133e+02	7.597578e-01	2.820344e-01	6.692100e-02	6.337815e-01	1.025020e+00	-8.355130e-01
4.940133e+02	7.597578e-01	2.820344e-01	6.692100e-02	6.337815e-01	1.025020e+00	-8.355130e-01
4.955329e+02	7.558741e-01	2.785926e-01	6.321519e-02	6.348181e-01	1.025534e+00	-8.332938e-01
4.970276e+02	7.612537e-01	2.836042e-01	6.826063e-02	6.345260e-01	1.025747e+00	-8.379316e-01
4.970276e+02	7.612537e-01	2.836042e-01	6.826063e-02	6.345260e-01	1.025747e+00	-8.379316e-01
4.992882e+02	7.616875e-01	2.822053e-01	7.142912e-02	6.184854e-01	1.015077e+00	-8.393360e-01
5.076110e+02	7.520876e-01	2.750162e-01	6.037975e-02	6.337506e-01	1.028557e+00	-8.305936e-01
5.076110e+02	7.520876e-01	2.750162e-01	6.037975e-02	6.337506e-01	1.028557e+00	-8.305936e-01
4.950469e+02	7.599262e-01	2.838116e-01	6.582290e-02	6.437041e-01	1.035148e+00	-8.374921e-01
4.933346e+02	7.585462e-01	2.814495e-01	6.632404e-02	6.348414e-01	1.027727e+00	-8.377541e-01
4.933346e+02	7.585462e-01	2.814495e-01	6.632404e-02	6.348414e-01	1.027727e+00	-8.377541e-01
4.944613e+02	7.593071e-01	2.823906e-01	6.767266e-02	6.320948e-01	1.023290e+00	-8.398041e-01
4.959882e+02	7.551368e-01	2.781681e-01	6.351080e-02	6.338779e-01	1.028210e+00	-8.358159e-01
4.959882e+02	7.551368e-01	2.781681e-01	6.351080e-02	6.338779e-01	1.028210e+00	-8.358159e-01
4.932215e+02	7.575041e-01	2.801829e-01	6.533683e-02	6.346547e-01	1.030145e+00	-8.379413e-01
4.941036e+02	7.591768e-01	2.821983e-01	6.716044e-02	6.345343e-01	1.027818e+00	-8.406625e-01
4.941036e+02	7.591768e-01	2.821983e-01	6.716044e-02	6.345343e-01	1.027818e+00	-8.406625e-01
5.046238e+02	7.626684e-01	2.857428e-01	7.038618e-02	6.339981e-01	1.024815e+00	-8.448690e-01
5.156554e+02	7.499549e-01	2.733814e-01	5.948533e-02	6.316370e-01	1.028048e+00	-8.338712e-01
5.156554e+02	7.499549e-01	2.733814e-01	5.948533e-02	6.316370e-01	1.028048e+00	-8.338712e-01
4.956857e+02	7.593688e-01	2.831690e-01	6.847808e-02	6.340869e-01	1.029191e+00	-8.427694e-01
4.953097e+02	7.547727e-01	2.784764e-01	6.418250e-02	6.327335e-01	1.028288e+00	-8.395657e-01
4.953097e+02	7.547727e-01	2.784764e-01	6.418250e-02	6.327335e-01	1.028288e+00	-8.395657e-01
4.931231e+02	7.571841e-01	2.812182e-01	6.573091e-02	6.366990e-01	1.030999e+00	-8.423141e-01
4.933461e+02	7.577342e-01	2.814506e-01	6.697370e-02	6.329882e-01	1.027361e+00	-8.435826e-01
4.933461e+02	7.577342e-01	2.814506e-01	6.697370e-02	6.329882e-01	1.027361e+00	-8.435826e-01
4.932374e+02	7.565983e-01	2.796405e-01	6.700883e-02	6.272877e-01	1.023383e+00	-8.434085e-01
4.931762e+02	7.573968e-01	2.812310e-01	6.657131e-02	6.337553e-01	1.028677e+00	-8.442125e-01
4.931762e+02	7.573968e-01	2.812310e-01	6.657131e-02	6.337553e-01	1.028677e+00	-8.442125e-01
5.001397e+02	7.609763e-01	2.845298e-01	6.981184e-02	6.343042e-01	1.029765e+00	-8.476212e-01
5.065469e+02	7.510390e-01	2.750582e-01	6.128631e-02	6.312406e-01	1.028842e+00	-8.396867e-01
5.065469e+02	7.510390e-01	2.750582e-01	6.128631e-02	6.312406e-01	1.028842e+00	-8.396867e-01
4.935977e+02	7.576203e-01	2.826894e-01	6.549263e-02	6.420262e-01	1.035586e+00	-8.464414e-01
4.935725e+02	7.576359e-01	2.816301e-01	6.753571e-02	6.321943e-01	1.027362e+00	-8.472508e-01
4.935725e+02	7.576359e-01	2.816301e-01	6.753571e-02	6.321943e-01	1.027362e+00	-8.472508e-01
4.980004e+02	7.533907e-01	2.783474e-01	6.192843e-02	6.408273e-01	1.038203e+00	-8.425810e-01
5.005331e+02	7.604846e-01	2.847079e-01	7.021161e-02	6.333589e-01	1.027961e+00	-8.510079e-01
5.005331e+02	7.604846e-01	2.847079e-01	7.021161e-02	6.333589e-01	1.027961e+00	-8.510079e-01
5.061535e+02	7.505258e-01	2.749502e-01	6.194607e-02	6.288967e-01	1.026356e+00	-8.430774e-01
5.166375e+02	7.632313e-01	2.878174e-01	7.317265e-02	6.343764e-01	1.027595e+00	-8.553671e-01
5.166375e+02	7.632313e-01	2.878174e-01	7.317265e-02	6.343764e-01	1.027595e+00	-8.553671e-01
4.932278e+02	7.562477e-01	2.813310e-01	6.759042e-02	6.310152e-01	1.025576e+00	-8.496977e-01
4.953623e+02	7.534263e-01	2.784749e-01	6.464813e-02	6.320583e-01	1.028790e+00	-8.477115e-01
4.953623e+02	7.534263e-01	2.784749e-01	6.464813e-02	6.320583e-01	1.028790e+00	-8.477115e-01
4.932301e+02	7.551317e-01	2.806631e-01	6.541250e-02	6.370032e-01	1.031927e+00	-8.494140e-01
4.945065e+02	7.575568e-01	2.825579e-01	6.843037e-02	6.330183e-01	1.028680e+00	-8.525652e-01
4.945065e+02	7.575568e-01	2.825579e-01	6.843037e-02	6.330183e-01	1.028680e+00	-8.525652e-01
4.969467e+02	7.525794e-01	2.786920e-01	6.282094e-02	6.384748e-01	1.032944e+00	-8.491798e-01
4.975273e+02	7.588184e-01	2.839601e-01	6.958411e-02	6.337408e-01	1.029539e+00	-8.547664e-01
4.975273e+02	7.588184e-01	2.839601e-01	6.958411e-02	6.337408e-01	1.029539e+00	-8.547664e-01
4.954840e+02	7.532608e-01	2.776035e-01	6.585354e-02	6.251330e-01	1.023324e+00	-8.509046e-01
4.945182e+02	7.574399e-01	2.826909e-01	6.826898e-02	6.342007e-01	1.031047e+00	-8.543314e-01
4.945182e+02	7.574399e-01	2.826909e-01	6.826898e-02	6.342007e-01	1.031047e+00	-8.543314e-01
4.937462e+02	7.562500e-01	2.806188e-01	6.929769e-02	6.235356e-01	1.021104e+00	-8.552645e-01
4.943015e+02	7.537684e-01	2.792482e-01	6.489045e-02	6.341743e-01	1.032505e+00	-8.518340e-01
4.943015e+02	7.537684e-01	2.792482e-01	6.489045e-02	6.341743e-01	1.032505e+00	-8.518340e-01
5.022464e+02	7.600439e-01	2.856081e-01	7.028119e-02	6.376486e-01	1.034243e+00	-8.578341e-01
5.058266e+02	7.496975e-01	2.754588e-01	6.168097e-02	6.322832e-01	1.032243e+00	-8.495181e-01
5.058266e+02	7.496975e-01	2.754588e-01	6.168097e-02	6.322832e-01	1.032243e+00	-8.495181e-01
4.949603e+02	7.573861e-01	2.829600e-01	6.851876e-02	6.354920e-01	1.035233e+00	-8.564252e-01
4.930003e+02	7.549502e-01	2.808882e-01	6.652811e-02	6.344374e-01	1.033228e+00	-8.553712e-01
4.930003e+02	7.549502e-01	2.808882e-01	6.652811e-02	6.344374e-01	1.033228e+00	-8.553712e-01
4.932613e+02	7.543136e-01	2.799305e-01	6.612191e-02	6.325075e-01	1.031125e+00	-8.563789e-01
4.937033e+02	7.563092e-01	2.822246e-01	6.784419e-02	6.345357e-01	1.033339e+00	-8.576841e-01
4.937033e+02	7.563092e-01	2.822246e-01	6.784419e-02	6.345357e-01	1.033339e+00	-8.576841e-01
4.961466e+02	7.526891e-01	2.797699e-01	6.240610e-02	6.444532e-01	1.043408e+00	-8.539706e-01
4.973248e+02	7.579817e-01	2.840091e-01	6.967657e-02	6.343033e-01	1.032234e+00	-8.607239e-01
4.973248e+02	7.579817e-01	2.840091e-01	6.967657e-02	6.343033e-01	1.032234e+00	-8.607239e-01
4.947371e+02	7.526307e-01	2.787200e-01	6.540724e-02	6.315124e-01	1.033518e+00	-8.558843e-01
4.930208e+02	7.550153e-01	2.811850e-01	6.744305e-02	6.324732e-01	1.031620e+00	-8.593196e-01
4.930208e+02	7.550153e-01	2.811850e-01	6.744305e-02	6.324732e-01	1.031620e+00	-8.593196e-01
4.977701e+02	7.577675e-01	2.831037e-01	7.138832e-02	6.267479e-01	1.027966e+00	-8.620165e-01
4.993589e+02	7.505576e-01	2.770359e-01	6.356234e-02	6.320256e-01	1.032697e+00	-8.563861e-01
4.993589e+02	7.505576e-01	2.770359e-01	6.356234e-02	6.320256e-01	1.032697e+00	-8.563861e-01
4.971835e+02	7.513668e-01	2.787714e-01	6.282661e-02	6.387589e-01	1.036816e+00	-8.584588e-01
5.054492e+02	7.596138e-01	2.861507e-01	7.185108e-02	6.341121e-01	1.032211e+00	-8.659679e-01
5.054492e+02	7.596138e-01	2.861507e-01	7.185108e-02	6.341121e-01	1.032211e+00	-8.659679e-01
5.072523e+02	7.481861e-01	2.754090e-01	6.166999e-02	6.332758e-01	1.035230e+00	-8.554258e-01
4.976919e+02	7.570943e-01	2.841238e-01	7.052740e-02	6.320950e-01	1.031209e+00	-8.653967e-01
4.976919e+02	7.570943e-01	2.841238e-01	7.052740e-02	6.320950e-01	1.031209e+00	-8.653967e-01
4.991830e+02	7.497703e-01	2.769629e-01	6.437277e-02	6.283696e-01	1.029265e+00	-8.602487e-01
4.977515e+02	7.569020e-01	2.841985e-01	7.060312e-02	6.322697e-01	1.031371e+00	-8.665664e-01
4.977515e+02	7.569020e-01	2.841985e-01	7.060312e-02	6.322697e-01	1.031371e+00	-8.665664e-01
4.942250e+02	7.518859e-01	2.787140e-01	6.670394e-02	6.277127e-01	1.029489e+00	-8.631355e-01
4.930477e+02	7.540091e-01	2.814343e-01	6.817625e-02	6.314238e-01	1.031764e+00	-8.650554e-01
4.930477e+02	7.540091e-01	2.814343e-01	6.817625e-02	6.314238e-01	1.031764e+00	-8.650554e-01
4.967737e+02	7.564765e-01	2.836396e-01	7.051960e-02	6.312362e-01	1.031433e+00	-8.677005e-01
4.993511e+02	7.494253e-01	2.770589e-01	6.417216e-02	6.304158e-01	1.032576e+00	-8.618920e-01
4.993511e+02	7.494253e-01	2.770589e-01	6.417216e-02	6.304158e-01	1.032576e+00	-8.618920e-01
5.064910e+02	7.476009e-01	2.762164e-01	6.130115e-02	6.366613e-01	1.038085e+00	-8.604788e-01
5.210527e+02	7.609200e-01	2.888546e-01	7.482382e-02	6.337137e-01	1.032345e+00	-8.738714e-01
5.210527e+02	7.609200e-01	2.888546e-01	7.482382e-02	6.337137e-01	1.032345e+00	-8.738714e-01
4.943345e+02	7.507892e-01	2.794204e-01	6.621172e-02	6.304546e-01	1.031997e+00	-8.659099e-01
4.940373e+02	7.511489e-01	2.794440e-01	6.643866e-02	6.308479e-01	1.033441e+00	-8.659566e-01
4.940373e+02	7.511489e-01	2.794440e-01	6.643866e-02	6.308479e-01	1.033441e+00	-8.659566e-01
4.933617e+02	7.539047e-01	2.821448e-01	6.866322e-02	6.327539e-01	1.034270e+00	-8.689303e-01
4.929257e+02	7.524381e-01	2.807631e-01	6.760954e-02	6.313893e-01	1.033755e+00	-8.681795e-01
4.929257e+02	7.524381e-01	2.807631e-01	6.760954e-02	6.313893e-01	1.033755e+00	-8.681795e-01
5.023588e+02	7.571402e-01	2.853246e-01	7.260736e-02	6.292620e-01	1.029622e+00	-8.738286e-01
5.057887e+02	7.469456e-01	2.755833e-01	6.291970e-02	6.300552e-01	1.034637e+00	-8.643671e-01
5.057887e+02	7.469456e-01	2.755833e-01	6.291970e-02	6.300552e-01	1.034637e+00	-8.643671e-01
4.929375e+02	7.527223e-01	2.815606e-01	6.794899e-02	6.344532e-01	1.038724e+00	-8.689741e-01
4.937429e+02	7.538109e-01	2.825440e-01	6.923257e-02	6.322111e-01	1.034692e+00	-8.718093e-01
4.937429e+02	7.538109e-01	2.825440e-01	6.923257e-02	6.322111e-01	1.034692e+00	-8.718093e-01
4.983985e+02	7.487165e-01	2.779998e-01	6.403063e-02	6.339270e-01	1.036240e+00	-8.684389e-01
5.006241e+02	7.563984e-01	2.853679e-01	7.172057e-02	6.332972e-01	1.034925e+00	-8.754968e-01
5.006241e+02	7.563984e-01	2.853679e-01	7.172057e-02	6.332972e-01	1.034925e+00	-8.754968e-01
5.024836e+02	7.472713e-01	2.762867e-01	6.398007e-02	6.290191e-01	1.035069e+00	-8.671558e-01
4.959731e+02	7.544779e-01	2.838491e-01	7.068240e-02	6.317863e-01	1.033890e+00	-8.753041e-01
4.959731e+02	7.544779e-01	2.838491e-01	7.068240e-02	6.317863e-01	1.033890e+00	-8.753041e-01
4.934034e+02	7.512378e-01	2.817649e-01	6.575622e-02	6.424989e-01	1.046534e+00	-8.719440e-01
4.930564e+02	7.523930e-01	2.818244e-01	6.898749e-02	6.309200e-01	1.033640e+00	-8.746601e-01
4.930564e+02	7.523930e-01	2.818244e-01	6.898749e-02	6.309200e-01	1.033640e+00	-8.746601e-01
4.937301e+02	7.531124e-01	2.834351e-01	6.820790e-02	6.389282e-01	1.039315e+00	-8.757778e-01
4.944294e+02	7.497052e-01	2.791471e-01	6.674301e-02	6.296691e-01	1.033387e+00	-8.732960e-01
4.944294e+02	7.497052e-01	2.791471e-01	6.674301e-02	6.296691e-01	1.033387e+00	-8.732960e-01
4.948592e+02	7.495601e-01	2.786397e-01	6.674670e-02	6.287623e-01	1.034502e+00	-8.730412e-01
4.976846e+02	7.549277e-01	2.843891e-01	7.137723e-02	6.317534e-01	1.034290e+00	-8.789873e-01
4.976846e+02	7.549277e-01	2.843891e-01	7.137723e-02	6.317534e-01	1.034290e+00	-8.789873e-01
4.997113e+02	7.474334e-01	2.770772e-01	6.478003e-02	6.294023e-01	1.031818e+00	-8.735385e-01
5.002354e+02	7.554327e-01	2.853456e-01	7.199569e-02	6.329985e-01	1.034562e+00	-8.809637e-01
5.002354e+02	7.554327e-01	2.853456e-01	7.199569e-02	6.329985e-01	1.034562e+00	-8.809637e-01
4.928965e+02	7.513928e-01	2.806020e-01	6.926326e-02	6.272380e-01	1.032759e+00	-8.777592e-01
4.930692e+02	7.504853e-01	2.805919e-01	6.748413e-02	6.324954e-01	1.036663e+00	-8.772203e-01
4.930692e+02	7.504853e-01	2.805919e-01	6.748413e-02	6.324954e-01	1.036663e+00	-8.772203e-01
4.938716e+02	7.527426e-01	2.825644e-01	7.007344e-02	6.304562e-01	1.033774e+00	-8.800276e-01
4.940115e+02	7.495340e-01	2.796993e-01	6.662340e-02	6.325772e-01	1.037740e+00	-8.772257e-01
4.940115e+02	7.495340e-01	2.796993e-01	6.662340e-02	6.325772e-01	1.037740e+00	-8.772257e-01
4.936635e+02	7.526085e-01	2.828426e-01	6.922457e-02	6.346029e-01	1.039335e+00	-8.802616e-01
4.934357e+02	7.499271e-01	2.800901e-01	6.712130e-02	6.322048e-01	1.037255e+00	-8.787216e-01
4.934357e+02	7.499271e-01	2.800901e-01	6.712130e-02	6.322048e-01	1.037255e+00	-8.787216e-01
4.945739e+02	7.530692e-01	2.830396e-01	7.047305e-02	6.312465e-01	1.036302e+00	-8.819672e-01
4.946752e+02	7.489264e-01	2.792347e-01	6.632803e-02	6.320929e-01	1.037868e+00	-8.788572e-01
4.946752e+02	7.489264e-01	2.792347e-01	6.632803e-02	6.320929e-01	1.037868e+00	-8.788572e-01
4.942106e+02	7.525453e-01	2.836457e-01	6.935295e-02	6.359440e-01	1.038976e+00	-8.833034e-01
4.935086e+02	7.496748e-01	2.799535e-01	6.714494e-02	6.317800e-01	1.037832e+00	-8.806190e-01
4.935086e+02	7.496748e-01	2.799535e-01	6.714494e-02	6.317800e-01	1.037832e+00	-8.806190e-01
4.929183e+02	7.514310e-01	2.823260e-01	6.808286e-02	6.355349e-01	1.038682e+00	-8.832552e-01
4.927893e+02	7.507942e-01	2.810322e-01	6.824799e-02	6.317726e-01	1.037870e+00	-8.826505e-01
4.927893e+02	7.507942e-01	2.810322e-01	6.824799e-02	6.317726e-01	1.037870e+00	-8.826505e-01
4.933550e+02	7.501641e-01	2.810719e-01	6.620476e-02	6.397643e-01	1.046054e+00	-8.817011e-01
4.934579e+02	7.521429e-01	2.823162e-01	6.963568e-02	6.315214e-01	1.037509e+00	-8.849613e-01
4.934579e+02	7.521429e-01	2.823162e-01	6.963568e-02	6.315214e-01	1.037509e+00	-8.849613e-01
4.954411e+02	7.483258e-01	2.789416e-01	6.566484e-02	6.329582e-01	1.037748e+00	-8.830543e-01
4.973364e+02	7.540617e-01	2.842691e-01	7.138986e-02	6.323204e-01	1.038447e+00	-8.876548e-01
4.973364e+02	7.540617e-01	2.842691e-01	7.138986e-02	6.323204e-01	1.038447e+00	-8.876548e-01
4.936845e+02	7.494174e-01	2.801781e-01	6.640389e-02	6.352956e-01	1.042237e+00	-8.835821e-01
4.929231e+02	7.512842e-01	2.815606e-01	6.924820e-02	6.303155e-01	1.037466e+00	-8.864639e-01
4.929231e+02	7.512842e-01	2.815606e-01	6.924820e-02	6.303155e-01	1.037466e+00	-8.864639e-01
4.937299e+02	7.519475e-01	2.821607e-01	7.055616e-02	6.281075e-01	1.035614e+00	-8.875331e-01
4.944883e+02	7.485939e-01	2.789544e-01	6.686127e-02	6.298144e-01	1.038546e+00	-8.848851e-01
4.944883e+02	7.485939e-01	2.789544e-01	6.686127e-02	6.298144e-01	1.038546e+00	-8.848851e-01
4.935178e+02	7.518959e-01	2.822728e-01	6.989709e-02	6.313342e-01	1.040323e+00	-8.879432e-01
4.940497e+02	7.487700e-01	2.791676e-01	6.721447e-02	6.292801e-01	1.038030e+00	-8.862291e-01
4.940497e+02	7.487700e-01	2.791676e-01	6.721447e-02	6.292801e-01	1.038030e+00	-8.862291e-01
4.935845e+02	7.491731e-01	2.791745e-01	6.798988e-02	6.271963e-01	1.038371e+00	-8.864344e-01
4.955468e+02	7.530428e-01	2.834532e-01	7.096737e-02	6.311437e-01	1.039011e+00	-8.910626e-01
4.955468e+02	7.530428e-01	2.834532e-01	7.096737e-02	6.311437e-01	1.039011e+00	-8.910626e-01
4.943914e+02	7.524901e-01	2.827090e-01	7.056117e-02	6.303624e-01	1.041130e+00	-8.908552e-01
4.975303e+02	7.470082e-01	2.775448e-01	6.571461e-02	6.290803e-01	1.039344e+00	-8.866605e-01
4.975303e+02	7.470082e-01	2.775448e-01	6.571461e-02	6.290803e-01	1.039344e+00	-8.866605e-01
4.970676e+02	7.535344e-01	2.845873e-01	7.064358e-02	6.362962e-01	1.046387e+00	-8.921536e-01
4.973680e+02	7.468787e-01	2.775712e-01	6.589172e-02	6.286310e-01	1.038609e+00	-8.880481e-01
4.973680e+02	7.468787e-01	2.775712e-01	6.589172e-02	6.286310e-01	1.038609e+00	-8.880481e-01
5.004248e+02	7.541984e-01	2.854309e-01	7.224908e-02	6.329514e-01	1.036969e+00	-8.963191e-01
4.987089e+02	7.462538e-01	2.771169e-01	6.555763e-02	6.283024e-01	1.039071e+00	-8.887815e-01
4.987089e+02	7.462538e-01	2.771169e-01	6.555763e-02	6.283024e-01	1.039071e+00	-8.887815e-01
4.950778e+02	7.520817e-01	2.844464e-01	6.875083e-02	6.431570e-01	1.051435e+00	-8.934408e-01
4.933560e+02	7.487313e-01	2.795098e-01	6.808590e-02	6.285362e-01	1.038613e+00	-8.921211e-01
4.933560e+02	7.487313e-01	2.795098e-01	6.808590e-02	6.285362e-01	1.038613e+00	-8.921211e-01
4.935114e+02	7.486565e-01	2.794745e-01	6.768725e-02	6.302661e-01	1.041334e+00	-8.916623e-01
4.950581e+02	7.522507e-01	2.829818e-01	7.126712e-02	6.297444e-01	1.039252e+00	-8.962870e-01
4.950581e+02	7.522507e-01	2.829818e-01	7.126712e-02	6.297444e-01	1.039252e+00	-8.962870e-01
4.960753e+02	7.528526e-01	2.836203e-01	7.124900e-02	6.316906e-01	1.041911e+00	-8.970019e-01
5.010823e+02	7.453106e-01	2.762521e-01	6.513941e-02	6.275408e-01	1.039631e+00	-8.910472e-01
5.010823e+02	7.453106e-01	2.762521e-01	6.513941e-02	6.275408e-01	1.039631e+00	-8.910472e-01
4.948786e+02	7.519256e-01	2.834280e-01	7.057710e-02	6.333009e-01	1.042165e+00	-8.979296e-01
4.952643e+02	7.471749e-01	2.781862e-01	6.714750e-02	6.275349e-01	1.039549e+00	-8.939924e-01
4.952643e+02	7.471749e-01	2.781862e-01	6.714750e-02	6.275349e-01	1.039549e+00	-8.939924e-01
4.930063e+02	7.492279e-01	2.808676e-01	6.717766e-02	6.362802e-01	1.047838e+00	-8.959009e-01
4.937568e+02	7.511619e-01	2.820958e-01	7.084795e-02	6.285506e-01	1.039499e+00	-8.987317e-01
4.937568e+02	7.511619e-01	2.820958e-01	7.084795e-02	6.285506e-01	1.039499e+00	-8.987317e-01
4.962984e+02	7.467285e-01	2.783673e-01	6.571164e-02	6.333296e-01	1.045472e+00	-8.947526e-01
4.993404e+02	7.533806e-01	2.845157e-01	7.283843e-02	6.301652e-01	1.040766e+00	-9.018622e-01
4.993404e+02	7.533806e-01	2.845157e-01	7.283843e-02	6.301652e-01	1.040766e+00	-9.018622e-01
4.942507e+02	7.473115e-01	2.789666e-01	6.748173e-02	6.285061e-01	1.039933e+00	-8.975238e-01
4.933611e+02	7.506016e-01	2.819434e-01	7.047682e-02	6.294784e-01	1.041517e+00	-9.004074e-01
4.933611e+02	7.506016e-01	2.819434e-01	7.047682e-02	6.294784e-01	1.041517e+00	-9.004074e-01
5.006706e+02	7.451425e-01	2.768857e-01	6.438231e-02	6.332035e-01	1.046497e+00	-8.957578e-01
5.038910e+02	7.541973e-01	2.857141e-01	7.394914e-02	6.308220e-01	1.042475e+00	-9.047935e-01
5.038910e+02	7.541973e-01	2.857141e-01	7.394914e-02	6.308220e-01	1.042475e+00	-9.047935e-01
4.926907e+02	7.491466e-01	2.812312e-01	6.864609e-02	6.334597e-01	1.045474e+00	-9.005609e-01
4.936957e+02	7.474418e-01	2.792259e-01	6.798475e-02	6.289527e-01	1.043243e+00	-8.996651e-01
4.936957e+02	7.474418e-01	2.792259e-01	6.798475e-02	6.289527e-01	1.043243e+00	-8.996651e-01
4.946018e+02	7.469977e-01	2.787293e-01	6.717732e-02	6.316633e-01	1.046950e+00	-8.989155e-01
4.982386e+02	7.525412e-01	2.842164e-01	7.272160e-02	6.300732e-01	1.043197e+00	-9.053940e-01
4.982386e+02	7.525412e-01	2.842164e-01	7.272160e-02	6.300732e-01	1.043197e+00	-9.053940e-01
4.942124e+02	7.506620e-01	2.830376e-01	7.075879e-02	6.311403e-01	1.040876e+00	-9.054770e-01
4.990125e+02	7.449197e-01	2.768387e-01	6.596812e-02	6.277931e-01	1.043904e+00	-8.994692e-01
4.990125e+02	7.449197e-01	2.768387e-01	6.596812e-02	6.277931e-01	1.043904e+00	-8.994692e-01
4.931834e+02	7.498526e-01	2.825488e-01	6.913373e-02	6.361956e-01	1.049154e+00	-9.042939e-01
4.926761e+02	7.490374e-01	2.808606e-01	6.989687e-02	6.284244e-01	1.043506e+00	-9.044312e-01
4.926761e+02	7.490374e-01	2.808606e-01	6.989687e-02	6.284244e-01	1.043506e+00	-9.044312e-01
4.963192e+02	7.514814e-01	2.839413e-01	7.180602e-02	6.317724e-01	1.044623e+00	-9.075355e-01
4.991397e+02	7.446648e-01	2.766651e-01	6.615674e-02	6.266964e-01	1.043211e+00	-9.017100e-01
4.991397e+02	7.446648e-01	2.766651e-01	6.615674e-02	6.266964e-01	1.043211e+00	-9.017100e-01
4.942221e+02	7.469103e-01	2.798999e-01	6.627429e-02	6.366064e-01	1.050810e+00	-9.042267e-01
4.991709e+02	7.524351e-01	2.843020e-01	7.334401e-02	6.287092e-01	1.043110e+00	-9.099010e-01
4.991709e+02	7.524351e-01	2.843020e-01	7.334401e-02	6.287092e-01	1.043110e+00	-9.099010e-01
5.029043e+02	7.531688e-01	2.844736e-01	7.530949e-02	6.226730e-01	1.036263e+00	-9.120702e-01
5.200667e+02	7.399926e-01	2.725588e-01	6.228893e-02	6.263620e-01	1.045458e+00	-8.995934e-01
5.200667e+02	7.399926e-01	2.725588e-01	6.228893e-02	6.263620e-01	1.045458e+00	-8.995934e-01
