-1.9387978797e-01
6.4281590613e-01
1.1281969554e+00
8.8617328032e-01
-3.9961769766e-01
2.4422882156e-01
4.4422222257e-01
-3.7290412802e-01
-5.8153585325e-01
-4.7662792325e-02
6.7530300760e-01
-3.2985907501e-01
-7.3601907551e-01
5.8696078086e-01
8.1890597266e-01
-6.6755161029e-01
-7.0248785242e-01
-1.3218371021e+00
1.4365764797e-01
-2.7595632760e-01
1.1714812926e+00
-3.5614912600e-01
-2.4404544288e-01
-8.6953750289e-01
-1.0544685127e+00
-5.4892918079e-01
1.3523879890e+00
1.1199438228e+00
-3.3585953469e-01
5.1472775607e-01
1.1625470322e+00
-7.1740636255e-02
-6.9066737022e-01
1.1715431696e+00
5.0610488435e-01
2.5812508566e-01
4.2983629328e-01
6.4375413569e-01
-7.6345358156e-01
4.4671918040e-01
1.4339703758e+00
-5.6088193197e-02
6.7766266801e-01
-2.3695390971e-01
-5.9203047421e-01
-2.1081233923e+00
2.1167850694e+00
-4.1947545674e-01
6.8030317758e-01
5.3502433460e-01
-4.2481810029e-01
-9.7713968355e-01
-6.6123753312e-01
5.1922152312e-01
-3.2283697919e-01
7.7022818976e-01
5.8610350282e-01
1.6119640921e-01
-6.6900822268e-02
2.0767058929e+00
2.6507696900e+00
-1.7433756694e+00
-6.8642449771e-01
2.2717995030e-01
6.3285876676e-01
1.2121221413e+00
-3.6124518694e-02
1.8641871452e+00
-2.0373229262e-01
1.2068354647e+00
-6.7676037790e-01
1.1591150961e-03
-1.6326585366e+00
1.6784024977e+00
1.5269266693e+00
-1.5360866687e+00
1.2847934388e+00
-6.6507641493e-01
-6.1039842047e-01
-2.1524242284e+00
-7.7907167126e-01
1.6215407309e+00
-9.9860632372e-01
9.8251470151e-01
-1.4865884134e+00
-3.3107264873e-01
-1.5737165865e+00
1.6796987065e-01
9.3202440564e-01
3.1628958582e-01
-1.0173562112e-02
8.9362924526e-01
2.5491166076e+00
1.2498928290e+00
2.1226988450e+00
-1.2467838835e+00
-5.3389907413e-01
4.6488114445e-01
6.9667563647e-02
-5.9479588763e-01
