-8.5768007105e-01
1.6450839332e-01
6.9352853528e-01
1.3712749034e+00
-6.6706577252e-01
-7.4662555552e-01
8.6933345324e-01
-2.2043431202e+00
-1.6670849754e+00
4.5147607537e-01
1.9852126045e+00
-1.0035833470e+00
-3.3122688978e-01
7.9355972436e-01
-2.3169562677e-01
1.2385364920e+00
-1.8392777281e-02
1.3514121985e+00
8.7887025450e-01
1.4438211252e+00
3.3158278391e-01
6.9952677348e-01
1.4532947958e+00
6.7206755518e-02
-2.4527681251e+00
1.5507850201e-01
6.2989097814e-01
1.2485971169e+00
3.2429673070e-01
-3.5214734849e-01
8.1107641493e-01
6.0081364062e-01
-1.4394022568e+00
1.5281827324e+00
2.0232329436e+00
-6.4558174921e-01
-1.4211802640e+00
3.6717644709e-01
-1.0184346556e+00
-6.5650057748e-01
-9.1774213202e-01
1.2066241241e+00
-1.0711236670e+00
2.3819605040e-01
-7.2296779300e-01
-6.0845475931e-01
6.5891798606e-01
3.6084002355e-01
-2.3274860016e-01
-5.3753402336e-01
1.7329723582e+00
-1.8491679752e-01
1.0697891041e+00
7.4208203253e-02
-3.4525021759e-01
1.9401752874e+00
-2.2023284670e-01
1.9125722402e+00
-4.1053118505e-01
8.9064513208e-01
-6.1458524692e-01
-7.5543219007e-01
-1.5488679480e+00
1.6268773915e+00
-1.5356456650e-01
2.5778889138e-01
1.4339047712e-01
-5.3218819321e-01
-4.7902272976e-01
-1.5472008073e+00
6.1319180563e-01
4.7177835953e-01
3.0399533944e-01
8.5911603576e-01
2.1150896540e-01
2.1569208164e-01
-1.9225947409e+00
6.5158846540e-01
-1.6013968173e+00
-6.6950155161e-01
4.9076268353e-01
-1.5992847895e+00
-9.3801552465e-02
-1.0990400476e-01
1.1132135073e+00
1.0768062580e+00
-1.9074241207e+00
-7.1272889697e-01
1.1772804307e-01
-1.4671135869e+00
3.5304631421e-02
9.0928303368e-01
1.1940700119e+00
-5.0242024031e-01
-7.3504706510e-01
2.5277451555e-01
2.3889404845e-01
2.3421448102e-01
-1.3913052244e+00
-7.1105090685e-01
5.5126576638e-02
-1.2490512467e+00
2.0673227658e-01
-1.2096610915e-01
8.0950928639e-01
-4.9642116125e-01
-8.7845216731e-01
-7.9206659174e-01
-7.3431171436e-01
1.3110382304e+00
6.8936791445e-01
-7.4609334421e-01
5.3109553003e-01
2.8175077692e-01
5.0612184350e-01
2.9773637438e-01
-1.0848523453e+00
-1.6691423999e-01
-6.3490871372e-01
-7.0725548233e-01
3.8155056527e-01
1.4468180998e+00
2.4529942820e-01
-1.2092566580e+00
2.0552567536e+00
-3.6225671647e-01
-9.1212413524e-01
-6.4151934085e-01
-1.0952713997e+00
1.7728731575e-01
-8.8954162511e-01
1.2103139559e-01
7.3234449068e-01
1.5067807743e+00
-2.2542999790e+00
-3.1601714743e-01
6.9457019507e-01
1.3512081798e+00
-2.3084198537e+00
2.5337061984e-01
1.9892561522e-01
-2.3459615111e-01
-1.9704596285e-01
-1.1180761659e+00
-1.5206714372e-01
-1.8236082743e-01
-2.5499416281e+00
-2.2194624031e+00
5.6801434114e-01
3.7674984112e-01
