# loss | a0 ... a3
6.506124e+02	-4.007407e-01	-2.133333e+00	3.536111e-02
4.842389e+02	-5.672407e-01	-1.966833e+00	2.018611e-01
3.800229e+02	-7.235893e-01	-1.744948e+00	4.188012e-01
2.714429e+02	-6.277255e-01	-1.488663e+00	6.308417e-01
2.389848e+02	-5.594647e-01	-1.214333e+00	8.575824e-01
2.435497e+02	-6.022044e-01	-1.008107e+00	1.021056e+00
2.897989e+02	-6.793406e-01	-8.456759e-01	1.120637e+00
3.573666e+02	-7.391030e-01	-7.106608e-01	1.180954e+00
3.137158e+02	-6.798569e-01	-5.407505e-01	1.129277e+00
2.925414e+02	-6.122277e-01	-3.908060e-01	1.054542e+00
3.006815e+02	-5.780958e-01	-2.698888e-01	9.786713e-01
3.138606e+02	-5.597356e-01	-1.851518e-01	9.054633e-01
3.324699e+02	-5.152970e-01	-1.411509e-01	8.162096e-01
3.389454e+02	-5.006094e-01	-1.364337e-01	7.541647e-01
3.398293e+02	-4.952396e-01	-1.418713e-01	6.897847e-01
3.299421e+02	-4.950232e-01	-1.767474e-01	6.260137e-01
2.992294e+02	-5.206932e-01	-2.337958e-01	5.808092e-01
2.575930e+02	-5.668818e-01	-3.052951e-01	5.404814e-01
2.167982e+02	-6.231223e-01	-3.980634e-01	5.139762e-01
1.877584e+02	-6.764964e-01	-4.964339e-01	4.781982e-01
1.710943e+02	-7.193217e-01	-5.916308e-01	4.384466e-01
1.687201e+02	-7.649589e-01	-6.762776e-01	4.020341e-01
1.686179e+02	-7.966682e-01	-7.672070e-01	3.483074e-01
1.480886e+02	-7.966294e-01	-7.958400e-01	2.566298e-01
1.322339e+02	-7.997513e-01	-8.279649e-01	1.678942e-01
1.197397e+02	-8.028564e-01	-8.658011e-01	7.795349e-02
1.076657e+02	-8.045466e-01	-8.875257e-01	-8.960930e-03
9.006251e+01	-8.018482e-01	-8.837981e-01	-1.051147e-01
7.000929e+01	-7.875518e-01	-8.621181e-01	-2.086569e-01
5.427721e+01	-7.756168e-01	-8.272432e-01	-3.124726e-01
4.520227e+01	-7.675053e-01	-7.856725e-01	-4.138043e-01
4.436194e+01	-7.593108e-01	-7.525535e-01	-5.093613e-01
4.564878e+01	-7.619317e-01	-7.239871e-01	-5.917662e-01
4.716037e+01	-7.700434e-01	-7.048416e-01	-6.641252e-01
5.063352e+01	-7.788894e-01	-6.848014e-01	-7.270855e-01
4.778218e+01	-7.960578e-01	-6.822495e-01	-7.764371e-01
3.775339e+01	-8.216250e-01	-6.982677e-01	-8.138563e-01
2.556714e+01	-8.509907e-01	-7.260373e-01	-8.391639e-01
1.715556e+01	-8.776503e-01	-7.535170e-01	-8.606342e-01
1.215749e+01	-9.033697e-01	-7.793171e-01	-8.809469e-01
9.797298e+00	-9.319281e-01	-8.026830e-01	-8.932178e-01
1.072571e+01	-9.572573e-01	-8.234426e-01	-9.050445e-01
1.331571e+01	-9.791496e-01	-8.385121e-01	-9.181589e-01
1.443745e+01	-1.001079e+00	-8.374613e-01	-9.225746e-01
1.514279e+01	-1.018708e+00	-8.327208e-01	-9.303246e-01
1.319112e+01	-1.031702e+00	-8.125585e-01	-9.380808e-01
1.206300e+01	-1.043160e+00	-7.901705e-01	-9.469495e-01
1.175591e+01	-1.049518e+00	-7.666725e-01	-9.561845e-01
1.225101e+01	-1.052472e+00	-7.527779e-01	-9.652456e-01
1.275856e+01	-1.051038e+00	-7.406255e-01	-9.711294e-01
1.306241e+01	-1.047253e+00	-7.332093e-01	-9.770616e-01
1.291575e+01	-1.042433e+00	-7.314920e-01	-9.844304e-01
1.224400e+01	-1.038599e+00	-7.358759e-01	-9.895969e-01
1.148902e+01	-1.035820e+00	-7.426870e-01	-9.935810e-01
1.052490e+01	-1.033969e+00	-7.545322e-01	-9.918249e-01
9.795739e+00	-1.029265e+00	-7.664588e-01	-9.913665e-01
9.404351e+00	-1.022783e+00	-7.806349e-01	-9.900373e-01
9.297717e+00	-1.015651e+00	-7.900587e-01	-9.870988e-01
9.178837e+00	-1.008103e+00	-7.944908e-01	-9.860818e-01
9.192976e+00	-9.994265e-01	-7.989625e-01	-9.860398e-01
9.112076e+00	-9.927531e-01	-8.004221e-01	-9.819868e-01
9.216150e+00	-9.856067e-01	-8.036251e-01	-9.774026e-01
8.530480e+00	-9.816301e-01	-7.953139e-01	-9.671749e-01
8.102824e+00	-9.778516e-01	-7.883848e-01	-9.572934e-01
7.880704e+00	-9.739337e-01	-7.821417e-01	-9.493414e-01
7.745588e+00	-9.711123e-01	-7.807828e-01	-9.400751e-01
7.621328e+00	-9.687920e-01	-7.784337e-01	-9.311507e-01
7.537760e+00	-9.663803e-01	-7.773564e-01	-9.224908e-01
7.425803e+00	-9.654251e-01	-7.712809e-01	-9.122749e-01
7.336903e+00	-9.647833e-01	-7.689558e-01	-9.018114e-01
7.294951e+00	-9.639693e-01	-7.668348e-01	-8.921486e-01
7.267273e+00	-9.647206e-01	-7.637183e-01	-8.806477e-01
7.276298e+00	-9.654573e-01	-7.619385e-01	-8.715534e-01
7.282420e+00	-9.666573e-01	-7.620478e-01	-8.632558e-01
7.307130e+00	-9.682670e-01	-7.637702e-01	-8.559691e-01
7.360989e+00	-9.683947e-01	-7.655161e-01	-8.497403e-01
7.435781e+00	-9.689144e-01	-7.664066e-01	-8.446000e-01
7.473882e+00	-9.682346e-01	-7.669524e-01	-8.415001e-01
7.494083e+00	-9.678432e-01	-7.654414e-01	-8.397504e-01
7.517523e+00	-9.674384e-01	-7.657148e-01	-8.379244e-01
7.509680e+00	-9.670819e-01	-7.653709e-01	-8.380790e-01
