# loss | a0 ... a3
1.131245e+03	-3.000000e+00	-2.626667e+00	-2.061216e+00
5.547601e+03	-3.000000e+00	-1.320000e+00	-1.544773e+00
6.835862e+03	-3.000000e+00	-1.160000e+00	-8.315897e-01
4.090430e+03	-3.000000e+00	-4.133333e-01	-9.053672e-01
2.624976e+03	-3.000000e+00	-2.266667e-01	-2.036624e+00
1.086802e+03	-2.976667e+00	-2.893333e+00	-2.798992e+00
1.121884e+04	-2.976667e+00	-1.826667e+00	6.193696e-01
4.443095e+03	-2.976667e+00	-1.266667e+00	-1.790698e+00
4.001997e+03	-2.976667e+00	-1.240000e+00	-1.913661e+00
7.759203e+03	-2.976667e+00	-1.466667e-01	1.275190e-01
1.586573e+03	-2.953333e+00	-2.493333e+00	-1.864476e+00
3.821433e+03	-2.953333e+00	-2.333333e+00	-1.200478e+00
1.090952e+04	-2.953333e+00	-1.346667e+00	1.767041e-01
1.786767e+03	-2.953333e+00	-9.733333e-01	-2.848177e+00
4.370629e+03	-2.953333e+00	-4.933333e-01	-7.578121e-01
2.405323e+03	-2.930000e+00	-2.893333e+00	-6.922124e-02
7.649617e+03	-2.930000e+00	-1.640000e+00	-1.298848e+00
8.429119e+03	-2.930000e+00	-8.400000e-01	-4.462871e-02
3.040195e+03	-2.930000e+00	-7.333333e-01	-1.348033e+00
3.778819e+03	-2.930000e+00	3.866667e-01	-1.839883e+00
5.138056e+03	-2.906667e+00	-2.440000e+00	-4.462871e-02
3.467856e+03	-2.906667e+00	-2.120000e+00	-2.946547e+00
5.259828e+03	-2.906667e+00	-4.666667e-01	-4.381092e-01
3.799582e+03	-2.906667e+00	-4.400000e-01	-8.807747e-01
9.578753e+03	-2.906667e+00	-2.533333e-01	4.964069e-01
1.887168e+03	-2.883333e+00	-2.653333e+00	-1.003737e+00
1.530083e+03	-2.883333e+00	-5.466667e-01	-2.897362e+00
4.001759e+03	-2.883333e+00	5.466667e-01	-1.692328e+00
4.312584e+03	-2.883333e+00	5.733333e-01	-1.446403e+00
8.414343e+03	-2.883333e+00	6.800000e-01	5.947771e-01
3.149485e+03	-2.860000e+00	-2.440000e+00	-9.791448e-01
9.471113e+03	-2.860000e+00	-1.933333e+00	5.455920e-01
5.730365e+03	-2.860000e+00	-1.880000e+00	-2.602252e+00
9.792922e+03	-2.860000e+00	-1.186667e+00	1.521115e-01
1.854207e+03	-2.860000e+00	-2.800000e-01	-2.774400e+00
6.618785e+03	-2.836667e+00	-1.906667e+00	-1.569366e+00
4.928607e+03	-2.836667e+00	-1.640000e+00	-2.528474e+00
6.334700e+03	-2.836667e+00	-1.586667e+00	-1.618551e+00
1.879119e+03	-2.836667e+00	-8.400000e-01	-2.110401e+00
2.750645e+03	-2.836667e+00	1.333333e-02	-2.085809e+00
1.173443e+03	-2.813333e+00	-2.546667e+00	-2.184179e+00
7.760406e+03	-2.813333e+00	-1.666667e+00	-7.824046e-01
1.992478e+03	-2.813333e+00	-6.000000e-01	-1.790698e+00
3.250237e+03	-2.813333e+00	-1.733333e-01	-1.126700e+00
8.072653e+03	-2.813333e+00	7.866667e-01	6.439621e-01
1.084693e+03	-2.790000e+00	-2.973333e+00	-2.356327e+00
1.110559e+03	-2.790000e+00	-2.440000e+00	-2.872770e+00
2.961024e+03	-2.790000e+00	-1.373333e+00	-2.725214e+00
8.262445e+03	-2.790000e+00	-5.466667e-01	2.996667e-01
5.410031e+03	-2.790000e+00	5.200000e-01	-3.397391e-01
1.210083e+03	-2.766667e+00	-2.653333e+00	-1.692328e+00
5.823838e+03	-2.766667e+00	-1.933333e+00	-1.962846e+00
2.479863e+03	-2.766667e+00	1.333333e-02	-2.307141e+00
4.687277e+03	-2.766667e+00	1.733333e-01	-4.627017e-01
3.030882e+03	-2.766667e+00	8.133333e-01	-2.503882e+00
1.162029e+03	-2.743333e+00	-2.973333e+00	-8.561822e-01
5.122200e+03	-2.743333e+00	-2.493333e+00	3.980368e-01
6.013233e+03	-2.743333e+00	-1.373333e+00	-1.003737e+00
7.365768e+03	-2.743333e+00	-6.266667e-01	1.521115e-01
2.367939e+03	-2.743333e+00	2.000000e-01	-2.921955e+00
2.048148e+03	-2.720000e+00	-9.466667e-01	-1.889068e+00
3.047195e+03	-2.720000e+00	-1.200000e-01	-1.151293e+00
3.836330e+03	-2.720000e+00	2.533333e-01	-1.077515e+00
3.487667e+03	-2.720000e+00	2.800000e-01	-1.495588e+00
2.567775e+03	-2.720000e+00	8.933333e-01	-2.995732e+00
3.352060e+03	-2.696667e+00	-2.600000e+00	-9.381377e-02
1.325266e+03	-2.696667e+00	-2.386667e+00	-2.577659e+00
9.548146e+03	-2.696667e+00	-1.613333e+00	6.439621e-01
2.221768e+03	-2.696667e+00	-7.066667e-01	-1.397218e+00
4.047150e+03	-2.696667e+00	8.133333e-01	-1.397218e+00
1.296324e+03	-2.673333e+00	-2.813333e+00	-1.003737e+00
6.528941e+03	-2.673333e+00	-2.173333e+00	3.734443e-01
4.416220e+03	-2.673333e+00	4.000000e-02	-3.397391e-01
3.410564e+03	-2.673333e+00	5.200000e-01	-1.815291e+00
4.193970e+03	-2.673333e+00	6.800000e-01	-1.151293e+00
2.953523e+03	-2.650000e+00	-2.866667e+00	4.226294e-01
3.707083e+03	-2.650000e+00	-2.386667e+00	-5.610718e-01
5.677571e+03	-2.650000e+00	-1.960000e+00	-1.348033e+00
3.040247e+03	-2.650000e+00	-1.373333e+00	-2.356327e+00
2.624248e+03	-2.650000e+00	2.533333e-01	-2.405512e+00
7.826595e+03	-2.626667e+00	-1.533333e+00	5.374141e-02
5.334448e+03	-2.626667e+00	-1.266667e+00	-8.069971e-01
5.533721e+03	-2.626667e+00	-3.333333e-01	5.374141e-02
2.495721e+03	-2.626667e+00	4.000000e-02	-1.987439e+00
4.417650e+03	-2.626667e+00	3.866667e-01	-4.872942e-01
6.467641e+03	-2.603333e+00	-1.800000e+00	-6.594420e-01
7.407908e+03	-2.603333e+00	-1.746667e+00	1.029265e-01
2.008638e+03	-2.603333e+00	-9.733333e-01	-1.741513e+00
1.709330e+03	-2.603333e+00	-1.466667e-01	-2.921955e+00
2.529957e+03	-2.603333e+00	3.066667e-01	-2.553067e+00
1.421317e+03	-2.580000e+00	-2.386667e+00	-2.380919e+00
7.671144e+03	-2.580000e+00	-1.266667e+00	1.767041e-01
4.771546e+03	-2.580000e+00	-6.000000e-01	-1.921839e-01
5.005898e+03	-2.580000e+00	4.400000e-01	-2.003618e-02
4.627449e+03	-2.580000e+00	8.933333e-01	-6.348494e-01
3.160822e+03	-2.556667e+00	-1.426667e+00	-2.282549e+00
3.457273e+03	-2.556667e+00	-7.600000e-01	-6.594420e-01
5.864201e+03	-2.556667e+00	-4.000000e-02	3.242592e-01
3.798512e+03	-2.556667e+00	9.333333e-02	-4.627017e-01
4.255167e+03	-2.556667e+00	3.333333e-01	-3.643316e-01
6.519252e+03	-2.533333e+00	-1.506667e+00	-3.151465e-01
1.377948e+03	-2.533333e+00	-4.133333e-01	-2.405512e+00
6.106517e+03	-2.533333e+00	-1.200000e-01	3.980368e-01
1.758443e+03	-2.533333e+00	-9.333333e-02	-2.798992e+00
4.756440e+03	-2.533333e+00	6.533333e-01	-1.921839e-01
1.345340e+03	-2.510000e+00	-2.866667e+00	-6.840345e-01
1.631756e+03	-2.510000e+00	-1.160000e+00	-2.651437e+00
2.047927e+03	-2.510000e+00	-8.133333e-01	-1.274255e+00
1.090513e+03	-2.510000e+00	-7.333333e-01	-2.503882e+00
5.141364e+03	-2.510000e+00	-3.866667e-01	1.029265e-01
4.618484e+03	-2.486667e+00	-1.186667e+00	-6.594420e-01
2.852188e+03	-2.486667e+00	2.266667e-01	-1.544773e+00
3.842998e+03	-2.486667e+00	3.866667e-01	-5.856644e-01
4.027481e+03	-2.486667e+00	4.666667e-01	-5.118868e-01
2.949449e+03	-2.486667e+00	7.866667e-01	-2.110401e+00
4.036739e+03	-2.463333e+00	-1.213333e+00	-9.053672e-01
1.526361e+03	-2.463333e+00	-9.733333e-01	-1.913661e+00
1.049684e+03	-2.463333e+00	-8.133333e-01	-2.503882e+00
1.473992e+03	-2.463333e+00	-2.533333e-01	-2.651437e+00
4.546413e+03	-2.463333e+00	8.133333e-01	-2.905540e-01
1.062945e+03	-2.440000e+00	-2.920000e+00	-1.766106e+00
1.122465e+03	-2.440000e+00	-2.733333e+00	-1.544773e+00
4.449365e+03	-2.440000e+00	-2.253333e+00	2.914888e-02
5.879714e+03	-2.440000e+00	-7.066667e-01	2.504816e-01
3.093334e+03	-2.440000e+00	3.066667e-01	-1.225070e+00
1.304431e+03	-2.416667e+00	-2.626667e+00	-1.446403e+00
4.068200e+03	-2.416667e+00	-8.933333e-01	-3.643316e-01
1.398337e+03	-2.416667e+00	-3.333333e-01	-2.208771e+00
1.919195e+03	-2.416667e+00	1.333333e-02	-2.454697e+00
2.224390e+03	-2.416667e+00	6.666667e-02	-1.938253e+00
1.387254e+03	-2.393333e+00	-2.840000e+00	-6.102569e-01
1.162464e+03	-2.393333e+00	-2.760000e+00	-1.298848e+00
2.620601e+03	-2.393333e+00	1.200000e-01	-1.274255e+00
2.825276e+03	-2.393333e+00	3.333333e-01	-1.569366e+00
3.543097e+03	-2.393333e+00	5.733333e-01	-9.545523e-01
6.005885e+03	-2.370000e+00	-1.800000e+00	3.242592e-01
2.569384e+03	-2.370000e+00	-1.240000e+00	-1.593958e+00
3.519918e+03	-2.370000e+00	-3.600000e-01	-1.675914e-01
2.781611e+03	-2.370000e+00	3.066667e-01	-1.495588e+00
2.738209e+03	-2.370000e+00	6.533333e-01	-2.110401e+00
4.722384e+03	-2.346667e+00	-1.720000e+00	-1.372625e+00
3.580112e+03	-2.346667e+00	-1.533333e+00	-1.889068e+00
1.458688e+03	-2.346667e+00	-9.466667e-01	-1.643143e+00
2.853444e+03	-2.346667e+00	2.800000e-01	-1.200478e+00
3.600565e+03	-2.346667e+00	9.733333e-01	-1.077515e+00
3.730255e+03	-2.323333e+00	-2.013333e+00	-2.184179e+00
4.471520e+03	-2.323333e+00	-1.933333e+00	-1.274255e+00
1.344783e+03	-2.323333e+00	-9.733333e-01	-1.790698e+00
2.732095e+03	-2.323333e+00	3.333333e-01	-1.495588e+00
2.931323e+03	-2.323333e+00	3.333333e-01	-1.126700e+00
4.582835e+03	-2.300000e+00	-2.173333e+00	4.226294e-01
3.676234e+03	-2.300000e+00	-2.066667e+00	-1.618551e+00
2.396905e+03	-2.300000e+00	-1.293333e+00	-1.766106e+00
2.982778e+03	-2.300000e+00	7.866667e-01	-1.667736e+00
2.965505e+03	-2.300000e+00	9.733333e-01	-1.716921e+00
1.092330e+03	-2.276667e+00	-2.546667e+00	-2.356327e+00
3.753368e+03	-2.276667e+00	-1.880000e+00	-2.651437e+00
4.909019e+03	-2.276667e+00	-1.560000e+00	-4.135167e-01
3.919711e+03	-2.276667e+00	2.533333e-01	1.521115e-01
3.568507e+03	-2.276667e+00	3.866667e-01	-1.675914e-01
3.652445e+03	-2.253333e+00	-2.066667e+00	-1.397218e+00
3.521919e+03	-2.253333e+00	-1.666667e+00	-2.233364e+00
9.681347e+02	-2.253333e+00	-5.733333e-01	-1.889068e+00
1.897582e+03	-2.253333e+00	6.666667e-02	-2.184179e+00
1.995027e+03	-2.253333e+00	2.266667e-01	-2.577659e+00
1.070469e+03	-2.230000e+00	-2.866667e+00	-1.298848e+00
3.556102e+03	-2.230000e+00	-1.773333e+00	-2.528474e+00
8.958208e+02	-2.230000e+00	-9.200000e-01	-2.257956e+00
1.327609e+03	-2.230000e+00	-2.533333e-01	-2.085809e+00
3.325665e+03	-2.230000e+00	7.600000e-01	-9.545523e-01
2.837967e+03	-2.206667e+00	-2.173333e+00	-1.643143e+00
3.407727e+03	-2.206667e+00	-1.586667e+00	-1.839883e+00
3.248612e+03	-2.206667e+00	-1.453333e+00	-1.421810e+00
3.473109e+03	-2.206667e+00	-1.266667e+00	-7.086270e-01
4.274953e+03	-2.206667e+00	6.266667e-01	4.226294e-01
1.842356e+03	-2.183333e+00	-2.760000e+00	4.556349e-03
2.856322e+03	-2.183333e+00	-1.480000e+00	-1.839883e+00
2.447421e+03	-2.183333e+00	-9.200000e-01	-6.348494e-01
3.006840e+03	-2.183333e+00	7.333333e-01	-1.274255e+00
2.435460e+03	-2.183333e+00	9.733333e-01	-2.233364e+00
1.720682e+03	-2.160000e+00	-1.240000e+00	-1.889068e+00
8.636946e+02	-2.160000e+00	-1.026667e+00	-2.995732e+00
2.651729e+03	-2.160000e+00	-6.266667e-01	-2.659615e-01
1.302940e+03	-2.160000e+00	-2.000000e-01	-2.331734e+00
1.940973e+03	-2.160000e+00	1.733333e-01	-2.208771e+00
1.078574e+03	-2.136667e+00	-2.573333e+00	-2.995732e+00
3.757390e+03	-2.136667e+00	-1.960000e+00	-1.077515e+00
2.844182e+03	-2.136667e+00	9.333333e-02	-1.184063e-01
2.026764e+03	-2.136667e+00	5.466667e-01	-2.823585e+00
2.161683e+03	-2.136667e+00	7.066667e-01	-2.626844e+00
2.219690e+03	-2.113333e+00	-2.653333e+00	2.750742e-01
7.936424e+02	-2.113333e+00	-9.466667e-01	-2.208771e+00
2.662932e+03	-2.113333e+00	-4.666667e-01	-1.184063e-01
2.074257e+03	-2.113333e+00	9.333333e-02	-1.102107e+00
3.199054e+03	-2.113333e+00	7.066667e-01	-5.856644e-01
2.161293e+03	-2.090000e+00	-2.706667e+00	4.226294e-01
2.319664e+03	-2.090000e+00	-2.653333e+00	4.472219e-01
2.207887e+03	-2.090000e+00	-2.200000e+00	-2.085809e+00
5.113629e+03	-2.090000e+00	-1.000000e+00	6.439621e-01
3.982535e+03	-2.090000e+00	2.533333e-01	5.701845e-01
3.534310e+03	-2.066667e+00	-2.093333e+00	1.521115e-01
1.980842e+03	-2.066667e+00	-1.346667e+00	-1.815291e+00
2.142270e+03	-2.066667e+00	2.000000e-01	-1.225070e+00
2.395093e+03	-2.066667e+00	3.600000e-01	-1.249663e+00
2.029430e+03	-2.066667e+00	5.733333e-01	-2.676029e+00
1.854484e+03	-2.043333e+00	-2.333333e+00	-1.593958e+00
1.222903e+03	-2.043333e+00	-2.306667e+00	-2.971140e+00
1.959610e+03	-2.043333e+00	-2.306667e+00	-1.593958e+00
4.650551e+03	-2.043333e+00	-1.400000e+00	5.209995e-01
2.420527e+03	-2.043333e+00	8.133333e-01	-1.938253e+00
1.086113e+03	-2.020000e+00	-2.760000e+00	-2.921955e+00
3.120640e+03	-2.020000e+00	-2.013333e+00	-1.618551e+00
3.173844e+03	-2.020000e+00	-1.826667e+00	-2.356327e+00
3.645851e+03	-2.020000e+00	-1.666667e+00	-5.118868e-01
2.522158e+03	-2.020000e+00	4.933333e-01	-1.151293e+00
3.968553e+03	-1.996667e+00	-1.613333e+00	2.258891e-01
2.866248e+03	-1.996667e+00	-1.586667e+00	-1.667736e+00
9.725094e+02	-1.996667e+00	-8.933333e-01	-1.274255e+00
1.948487e+03	-1.996667e+00	7.600000e-01	-2.823585e+00
3.077163e+03	-1.996667e+00	7.600000e-01	-2.905540e-01
1.112620e+03	-1.973333e+00	-2.866667e+00	-8.069971e-01
2.355298e+03	-1.973333e+00	-1.426667e+00	-1.446403e+00
3.523373e+03	-1.973333e+00	-1.346667e+00	-2.003618e-02
6.371816e+02	-1.973333e+00	-6.266667e-01	-2.626844e+00
1.767931e+03	-1.973333e+00	1.733333e-01	-2.012031e+00
2.701451e+03	-1.950000e+00	-1.986667e+00	-2.823585e+00
5.761267e+02	-1.950000e+00	-8.933333e-01	-2.134994e+00
6.762688e+02	-1.950000e+00	-7.333333e-01	-1.397218e+00
2.867977e+03	-1.950000e+00	3.333333e-01	2.504816e-01
2.417087e+03	-1.950000e+00	5.200000e-01	-1.175885e+00
2.129450e+03	-1.926667e+00	-2.466667e+00	7.833394e-02
3.613834e+03	-1.926667e+00	-1.693333e+00	2.996667e-01
3.861045e+03	-1.926667e+00	-1.453333e+00	4.472219e-01
6.747795e+02	-1.926667e+00	-4.933333e-01	-2.061216e+00
1.989483e+03	-1.926667e+00	8.666667e-01	-2.577659e+00
2.956771e+03	-1.903333e+00	-2.013333e+00	-1.675914e-01
3.216390e+03	-1.903333e+00	-1.933333e+00	2.750742e-01
3.109500e+03	-1.903333e+00	-1.853333e+00	-9.545523e-01
1.431870e+03	-1.903333e+00	-1.000000e+00	-8.315897e-01
1.507381e+03	-1.903333e+00	4.000000e-02	-1.790698e+00
1.153387e+03	-1.880000e+00	-4.666667e-01	-6.102569e-01
2.256969e+03	-1.880000e+00	1.200000e-01	5.374141e-02
1.933611e+03	-1.880000e+00	1.733333e-01	-5.118868e-01
3.316343e+03	-1.880000e+00	7.066667e-01	6.685547e-01
2.687042e+03	-1.880000e+00	9.200000e-01	-9.545523e-01
1.320907e+03	-1.856667e+00	-2.440000e+00	-1.766106e+00
2.572301e+03	-1.856667e+00	-2.146667e+00	-9.381377e-02
2.598941e+03	-1.856667e+00	-1.693333e+00	-2.061216e+00
1.901021e+03	-1.856667e+00	4.666667e-01	-2.257956e+00
2.012066e+03	-1.856667e+00	7.866667e-01	-2.331734e+00
1.144473e+03	-1.833333e+00	-2.973333e+00	5.374141e-02
1.649847e+03	-1.833333e+00	-1.480000e+00	-2.454697e+00
2.122636e+03	-1.833333e+00	-1.346667e+00	-8.561822e-01
2.087452e+03	-1.833333e+00	-1.333333e-02	1.029265e-01
1.856130e+03	-1.833333e+00	4.400000e-01	-2.257956e+00
1.064187e+03	-1.810000e+00	-2.893333e+00	-8.069971e-01
2.441059e+03	-1.810000e+00	-2.040000e+00	-2.085809e+00
1.377563e+03	-1.810000e+00	-1.160000e+00	-1.028330e+00
4.543072e+02	-1.810000e+00	-7.333333e-01	-1.520180e+00
5.686608e+02	-1.810000e+00	-5.200000e-01	-2.184179e+00
1.077980e+03	-1.786667e+00	-2.973333e+00	-1.962846e+00
2.649365e+03	-1.786667e+00	-1.400000e+00	-9.381377e-02
1.572103e+03	-1.786667e+00	-1.213333e+00	-9.053672e-01
1.201480e+03	-1.786667e+00	-3.866667e-01	-3.889241e-01
1.684926e+03	-1.786667e+00	2.000000e-01	-1.225070e+00
1.063845e+03	-1.763333e+00	-3.000000e+00	-1.593958e+00
1.252294e+03	-1.763333e+00	-1.200000e-01	-5.610718e-01
1.489082e+03	-1.763333e+00	-6.666667e-02	-2.659615e-01
2.042928e+03	-1.763333e+00	7.600000e-01	-1.962846e+00
2.513829e+03	-1.763333e+00	8.400000e-01	-6.348494e-01
1.479044e+03	-1.740000e+00	-2.573333e+00	-2.905540e-01
2.168396e+03	-1.740000e+00	-2.226667e+00	2.750742e-01
2.421932e+03	-1.740000e+00	-1.480000e+00	-2.905540e-01
6.501887e+02	-1.740000e+00	-1.080000e+00	-1.741513e+00
1.968596e+03	-1.740000e+00	4.933333e-01	-1.544773e+00
2.238975e+03	-1.716667e+00	-2.093333e+00	-5.856644e-01
2.711681e+03	-1.716667e+00	-1.586667e+00	3.488518e-01
1.534940e+03	-1.716667e+00	-9.200000e-01	-2.413689e-01
8.204385e+02	-1.716667e+00	-6.533333e-01	-6.102569e-01
6.516766e+02	-1.716667e+00	-4.666667e-01	-2.700622e+00
2.820032e+03	-1.693333e+00	-1.506667e+00	6.193696e-01
1.338153e+03	-1.693333e+00	-1.453333e+00	-2.528474e+00
1.129500e+03	-1.693333e+00	-1.240000e+00	-1.323440e+00
5.823879e+02	-1.693333e+00	-4.133333e-01	-1.200478e+00
2.642140e+03	-1.693333e+00	9.733333e-01	3.488518e-01
2.120367e+03	-1.670000e+00	-2.146667e+00	4.718144e-01
6.937950e+02	-1.670000e+00	-3.600000e-01	-2.331734e+00
6.872582e+02	-1.670000e+00	-3.066667e-01	-1.470995e+00
1.091139e+03	-1.670000e+00	-1.733333e-01	-4.135167e-01
2.452196e+03	-1.670000e+00	6.533333e-01	5.701845e-01
1.219488e+03	-1.646667e+00	-2.680000e+00	-4.627017e-01
1.182002e+03	-1.646667e+00	-2.573333e+00	-1.298848e+00
1.093490e+03	-1.646667e+00	-2.520000e+00	-2.134994e+00
7.442751e+02	-1.646667e+00	-8.400000e-01	-6.840345e-01
3.384348e+02	-1.646667e+00	-6.533333e-01	-1.987439e+00
2.166830e+03	-1.623333e+00	-1.720000e+00	-4.135167e-01
2.499028e+03	-1.623333e+00	-1.160000e+00	6.193696e-01
3.495841e+02	-1.623333e+00	-8.933333e-01	-1.421810e+00
8.920383e+02	-1.623333e+00	-2.000000e-01	-2.430104e+00
1.827913e+03	-1.623333e+00	4.133333e-01	-4.462871e-02
1.085097e+03	-1.600000e+00	-2.973333e+00	-2.282549e+00
1.416344e+03	-1.600000e+00	-2.493333e+00	-3.151465e-01
1.232121e+03	-1.600000e+00	-1.453333e+00	-2.454697e+00
2.098985e+03	-1.600000e+00	-1.346667e+00	2.258891e-01
1.781260e+03	-1.600000e+00	1.466667e-01	3.734443e-01
1.204639e+03	-1.576667e+00	-2.733333e+00	4.472219e-01
1.416326e+03	-1.576667e+00	-2.520000e+00	3.980368e-01
1.261396e+03	-1.576667e+00	-2.413333e+00	-1.716921e+00
2.088030e+03	-1.576667e+00	-1.960000e+00	-2.700622e+00
6.805809e+02	-1.576667e+00	-2.800000e-01	-1.790698e+00
1.912883e+03	-1.553333e+00	-1.746667e+00	-2.528474e+00
1.130417e+03	-1.553333e+00	-1.733333e-01	-2.003618e-02
1.041026e+03	-1.553333e+00	-6.666667e-02	-3.151465e-01
1.453110e+03	-1.553333e+00	2.800000e-01	-2.257956e+00
2.027176e+03	-1.553333e+00	8.933333e-01	-1.323440e+00
1.406572e+03	-1.530000e+00	-2.280000e+00	-1.987439e+00
1.615913e+03	-1.530000e+00	-2.253333e+00	-4.872942e-01
1.633088e+03	-1.530000e+00	-7.866667e-01	3.734443e-01
4.078381e+02	-1.530000e+00	-6.000000e-01	-2.405512e+00
1.669670e+03	-1.530000e+00	4.400000e-01	-1.348033e+00
1.785246e+03	-1.506667e+00	-1.986667e+00	5.701845e-01
1.257405e+03	-1.506667e+00	-1.533333e+00	-2.897362e+00
6.152359e+02	-1.506667e+00	-2.533333e-01	-9.299598e-01
1.642138e+03	-1.506667e+00	4.400000e-01	1.275190e-01
1.603408e+03	-1.506667e+00	9.200000e-01	-2.725214e+00
1.970254e+03	-1.483333e+00	-1.880000e+00	-2.528474e+00
1.825922e+03	-1.483333e+00	-1.506667e+00	4.226294e-01
6.437101e+02	-1.483333e+00	-1.213333e+00	-2.774400e+00
3.931041e+02	-1.483333e+00	-1.026667e+00	-2.479289e+00
5.122120e+02	-1.483333e+00	-3.333333e-01	-1.520180e+00
1.080768e+03	-1.460000e+00	-2.706667e+00	-2.602252e+00
1.083466e+03	-1.460000e+00	-2.680000e+00	-2.823585e+00
1.536368e+03	-1.460000e+00	-2.173333e+00	-2.167764e-01
1.727172e+03	-1.460000e+00	-2.093333e+00	-2.159586e+00
4.654191e+02	-1.460000e+00	-1.053333e+00	-2.798992e+00
7.764714e+02	-1.436667e+00	-2.800000e-01	-2.872770e+00
9.328555e+02	-1.436667e+00	-4.000000e-02	-1.618551e+00
1.046477e+03	-1.436667e+00	1.333333e-02	4.556349e-03
1.701913e+03	-1.436667e+00	4.933333e-01	5.947771e-01
1.802230e+03	-1.436667e+00	7.333333e-01	3.488518e-01
1.538959e+03	-1.413333e+00	-1.826667e+00	2.258891e-01
8.094919e+02	-1.413333e+00	-1.080000e+00	-3.889241e-01
4.981535e+02	-1.413333e+00	-5.200000e-01	-2.626844e+00
1.309150e+03	-1.413333e+00	-3.066667e-01	5.209995e-01
1.034844e+03	-1.413333e+00	-1.333333e-02	-2.553067e+00
1.398483e+03	-1.390000e+00	-2.226667e+00	-3.889241e-01
1.669820e+03	-1.390000e+00	-1.986667e+00	-9.791448e-01
1.516653e+03	-1.390000e+00	-1.800000e+00	5.455920e-01
1.586231e+03	-1.390000e+00	6.000000e-01	-2.012031e+00
1.713279e+03	-1.390000e+00	6.800000e-01	6.193696e-01
1.065134e+03	-1.366667e+00	-2.626667e+00	-2.184179e+00
7.349144e+02	-1.366667e+00	-1.320000e+00	-2.676029e+00
8.281516e+02	-1.366667e+00	-1.733333e-01	7.833394e-02
1.765270e+03	-1.366667e+00	8.666667e-01	-1.446403e+00
1.740398e+03	-1.366667e+00	9.200000e-01	-1.643143e+00
1.030000e+03	-1.343333e+00	-2.946667e+00	-1.102107e+00
1.445358e+03	-1.343333e+00	-1.640000e+00	6.685547e-01
2.225694e+02	-1.343333e+00	-8.933333e-01	-2.159586e+00
4.137982e+02	-1.343333e+00	-8.666667e-01	-4.627017e-01
1.573262e+03	-1.343333e+00	5.733333e-01	-8.561822e-01
1.071507e+03	-1.320000e+00	-2.626667e+00	-1.175885e+00
1.231366e+03	-1.320000e+00	-2.386667e+00	-1.249663e+00
9.830120e+02	-1.320000e+00	-1.320000e+00	-2.167764e-01
4.963879e+02	-1.320000e+00	-1.106667e+00	-7.332195e-01
4.561210e+02	-1.320000e+00	-3.066667e-01	-1.470995e+00
1.013871e+03	-1.296667e+00	-2.786667e+00	-7.578121e-01
1.186424e+03	-1.296667e+00	-1.106667e+00	5.455920e-01
1.031452e+03	-1.296667e+00	-1.200000e-01	5.209995e-01
1.642232e+03	-1.296667e+00	8.933333e-01	4.718144e-01
1.449789e+03	-1.296667e+00	9.200000e-01	-2.848177e+00
1.233305e+03	-1.273333e+00	-2.253333e+00	-2.430104e+00
1.341024e+03	-1.273333e+00	-2.146667e+00	-2.971140e+00
1.961491e+02	-1.273333e+00	-1.026667e+00	-1.569366e+00
7.051130e+02	-1.273333e+00	-2.266667e-01	-2.307141e+00
8.298892e+02	-1.273333e+00	9.333333e-02	-1.921839e-01
1.450520e+03	-1.250000e+00	-2.120000e+00	-2.134994e+00
1.150901e+03	-1.250000e+00	-1.800000e+00	-2.003618e-02
2.724907e+02	-1.250000e+00	-1.000000e+00	-7.578121e-01
1.096468e+03	-1.250000e+00	1.200000e-01	6.439621e-01
9.597350e+02	-1.250000e+00	2.266667e-01	1.029265e-01
7.700661e+02	-1.226667e+00	-2.946667e+00	5.209995e-01
1.087216e+03	-1.226667e+00	-2.920000e+00	-2.798992e+00
1.574604e+03	-1.226667e+00	-1.906667e+00	-2.848177e+00
3.986962e+02	-1.226667e+00	-9.200000e-01	-2.872770e+00
1.567716e+03	-1.226667e+00	7.600000e-01	-1.569366e+00
1.192258e+03	-1.203333e+00	-1.720000e+00	-8.561822e-01
1.031969e+02	-1.203333e+00	-9.200000e-01	-1.593958e+00
2.210607e+02	-1.203333e+00	-7.066667e-01	-2.110401e+00
1.219202e+03	-1.203333e+00	3.600000e-01	-1.077515e+00
1.461258e+03	-1.203333e+00	6.000000e-01	-1.151293e+00
1.056544e+03	-1.180000e+00	-2.600000e+00	-1.470995e+00
3.273323e+02	-1.180000e+00	-1.160000e+00	-1.864476e+00
5.410483e+02	-1.180000e+00	-1.133333e+00	-1.675914e-01
6.669031e+02	-1.180000e+00	-3.866667e-01	-2.995732e+00
1.615403e+03	-1.180000e+00	9.200000e-01	-1.225070e+00
9.853673e+02	-1.156667e+00	-2.946667e+00	-6.840345e-01
1.005703e+03	-1.156667e+00	-2.893333e+00	-8.807747e-01
1.466338e+03	-1.156667e+00	-1.853333e+00	-2.405512e+00
5.814178e+02	-1.156667e+00	-7.066667e-01	3.488518e-01
1.244323e+03	-1.156667e+00	6.000000e-01	-1.429988e-01
1.086062e+03	-1.133333e+00	-2.706667e+00	-2.946547e+00
9.482339e+02	-1.133333e+00	-2.626667e+00	-3.151465e-01
7.741826e+02	-1.133333e+00	-2.266667e-01	-2.872770e+00
7.162729e+02	-1.133333e+00	-4.000000e-02	-1.348033e+00
1.094832e+03	-1.133333e+00	2.000000e-01	-1.938253e+00
8.687482e+02	-1.110000e+00	-2.013333e+00	2.258891e-01
1.230368e+03	-1.110000e+00	-1.720000e+00	-2.848177e+00
7.632115e+02	-1.110000e+00	-1.506667e+00	2.996667e-01
1.674387e+02	-1.110000e+00	-9.466667e-01	-1.938253e+00
7.468381e+02	-1.110000e+00	-2.000000e-01	-2.553067e+00
1.085104e+03	-1.086667e+00	-2.760000e+00	-2.676029e+00
1.077404e+03	-1.086667e+00	-2.520000e+00	-2.921955e+00
1.379052e+03	-1.086667e+00	-2.040000e+00	-2.331734e+00
1.104477e+03	-1.086667e+00	-1.986667e+00	-7.086270e-01
7.825263e+02	-1.086667e+00	-1.746667e+00	5.455920e-01
5.464458e+02	-1.063333e+00	-9.733333e-01	4.718144e-01
5.896752e+02	-1.063333e+00	6.666667e-02	-1.675914e-01
1.026842e+03	-1.063333e+00	1.466667e-01	-2.110401e+00
1.058709e+03	-1.063333e+00	6.533333e-01	4.964069e-01
1.111199e+03	-1.063333e+00	6.800000e-01	2.750742e-01
9.032660e+02	-1.040000e+00	-1.693333e+00	-8.069971e-01
3.756481e+02	-1.040000e+00	-1.000000e+00	1.521115e-01
4.587437e+02	-1.040000e+00	-8.133333e-01	4.472219e-01
5.238476e+02	-1.040000e+00	-5.200000e-01	-2.749807e+00
4.372473e+02	-1.040000e+00	-1.466667e-01	2.012966e-01
7.238259e+02	-1.016667e+00	-2.946667e+00	3.980368e-01
1.067606e+03	-1.016667e+00	-2.466667e+00	-2.454697e+00
1.097762e+03	-1.016667e+00	-1.773333e+00	-1.397218e+00
4.723351e+02	-1.016667e+00	-4.933333e-01	5.701845e-01
9.210759e+02	-1.016667e+00	-4.000000e-02	-2.897362e+00
1.026943e+03	-9.933333e-01	-2.466667e+00	-9.791448e-01
5.165596e+02	-9.933333e-01	-1.426667e+00	7.833394e-02
5.342970e+02	-9.933333e-01	-1.240000e+00	-2.700622e+00
1.047146e+03	-9.933333e-01	2.266667e-01	-1.839883e+00
7.675984e+02	-9.933333e-01	2.533333e-01	-3.397391e-01
1.020572e+03	-9.700000e-01	-2.920000e+00	-1.003737e+00
8.097042e+02	-9.700000e-01	-2.306667e+00	-6.922124e-02
1.263502e+03	-9.700000e-01	-1.960000e+00	-2.012031e+00
1.251057e+03	-9.700000e-01	-1.853333e+00	-2.307141e+00
3.111203e+02	-9.700000e-01	-2.800000e-01	2.012966e-01
7.630397e+02	-9.466667e-01	-1.746667e+00	-5.364793e-01
4.344584e+02	-9.466667e-01	-6.666667e-02	3.734443e-01
9.518917e+02	-9.466667e-01	3.866667e-01	-6.102569e-01
1.214908e+03	-9.466667e-01	4.933333e-01	-2.725214e+00
1.265468e+03	-9.466667e-01	7.066667e-01	-2.774400e+00
1.163654e+03	-9.233333e-01	-2.173333e+00	-2.700622e+00
4.086058e+02	-9.233333e-01	-6.800000e-01	-2.553067e+00
1.779534e+02	-9.233333e-01	-5.733333e-01	1.275190e-01
1.200445e+03	-9.233333e-01	4.666667e-01	-2.012031e+00
1.251567e+03	-9.233333e-01	9.466667e-01	-4.462871e-02
1.065327e+03	-9.000000e-01	-2.440000e+00	-2.282549e+00
5.894276e+02	-9.000000e-01	-1.826667e+00	1.029265e-01
1.656686e+02	-9.000000e-01	-1.133333e+00	-9.053672e-01
4.731268e+02	-9.000000e-01	-8.666667e-01	-2.946547e+00
5.111953e+02	-9.000000e-01	-3.066667e-01	-1.913661e+00
3.615261e+02	-8.766667e-01	-1.373333e+00	-3.397391e-01
2.823723e+02	-8.766667e-01	-1.186667e+00	-1.643143e+00
8.921506e+02	-8.766667e-01	4.933333e-01	-1.921839e-01
1.144875e+03	-8.766667e-01	5.466667e-01	-1.028330e+00
1.260064e+03	-8.766667e-01	6.533333e-01	-1.864476e+00
1.085624e+03	-8.533333e-01	-2.680000e+00	-2.897362e+00
1.099310e+03	-8.533333e-01	-1.853333e+00	-1.913661e+00
7.450906e+02	-8.533333e-01	-1.720000e+00	-8.561822e-01
4.966620e+02	-8.533333e-01	-1.666667e+00	4.556349e-03
1.004691e+03	-8.533333e-01	1.200000e-01	-2.798992e+00
1.087295e+03	-8.300000e-01	-3.000000e+00	-2.676029e+00
6.900421e+02	-8.300000e-01	-1.613333e+00	-1.126700e+00
3.947033e+01	-8.300000e-01	-7.866667e-01	-1.003737e+00
1.517434e+02	-8.300000e-01	-5.733333e-01	2.012966e-01
6.142604e+02	-8.300000e-01	-5.200000e-01	-2.946547e+00
3.738740e+02	-8.066667e-01	-1.560000e+00	3.734443e-01
4.904812e+02	-8.066667e-01	-1.373333e+00	-1.716921e+00
3.328264e+02	-8.066667e-01	-1.106667e+00	-2.085809e+00
6.063302e+02	-8.066667e-01	-4.400000e-01	-2.676029e+00
8.377306e+02	-8.066667e-01	6.666667e-02	-1.741513e+00
9.472358e+02	-7.833333e-01	-2.520000e+00	-7.824046e-01
6.304077e+01	-7.833333e-01	-9.466667e-01	-5.856644e-01
3.888927e+02	-7.833333e-01	-5.466667e-01	-2.036624e+00
1.029485e+03	-7.833333e-01	2.000000e-01	-2.602252e+00
1.177006e+03	-7.833333e-01	5.466667e-01	-2.036624e+00
1.069368e+03	-7.600000e-01	-2.866667e+00	-1.692328e+00
8.980909e+02	-7.600000e-01	-2.786667e+00	-3.643316e-01
1.102068e+03	-7.600000e-01	-1.960000e+00	-2.061216e+00
1.036427e+03	-7.600000e-01	-1.906667e+00	-1.766106e+00
1.261984e+03	-7.600000e-01	9.733333e-01	-7.332195e-01
9.693188e+02	-7.366667e-01	-2.226667e+00	-1.102107e+00
8.233512e+02	-7.366667e-01	-1.640000e+00	-1.938253e+00
1.539839e+02	-7.366667e-01	-8.133333e-01	-1.421810e+00
4.209577e+02	-7.366667e-01	-6.266667e-01	-2.233364e+00
1.175943e+03	-7.366667e-01	9.466667e-01	-3.643316e-01
3.541774e+02	-7.133333e-01	-1.506667e+00	-1.429988e-01
2.841380e+02	-7.133333e-01	-1.293333e+00	-8.069971e-01
1.420027e+02	-7.133333e-01	-8.666667e-01	-1.298848e+00
4.358083e+02	-7.133333e-01	1.333333e-02	-2.413689e-01
1.236981e+03	-7.133333e-01	8.666667e-01	-1.520180e+00
7.377124e+02	-6.900000e-01	-2.466667e+00	-6.922124e-02
1.109198e+03	-6.900000e-01	-2.013333e+00	-2.430104e+00
2.278298e+02	-6.900000e-01	-6.800000e-01	-1.470995e+00
1.316854e+02	-6.900000e-01	-5.466667e-01	1.275190e-01
1.212483e+03	-6.900000e-01	9.466667e-01	-2.380919e+00
8.087892e+02	-6.666667e-01	-2.813333e+00	4.556349e-03
7.444994e+02	-6.666667e-01	-2.493333e+00	-6.922124e-02
2.140079e+02	-6.666667e-01	-3.333333e-01	-2.659615e-01
9.380396e+02	-6.666667e-01	1.200000e-01	-2.233364e+00
8.486625e+02	-6.666667e-01	4.133333e-01	-5.610718e-01
1.063066e+03	-6.433333e-01	-2.946667e+00	-1.372625e+00
1.086973e+03	-6.433333e-01	-2.733333e+00	-2.995732e+00
1.041661e+03	-6.433333e-01	-2.200000e+00	-1.815291e+00
1.081587e+03	-6.433333e-01	-2.146667e+00	-2.380919e+00
6.831416e+02	-6.433333e-01	-1.560000e+00	-1.716921e+00
7.406402e+02	-6.200000e-01	-2.066667e+00	-5.364793e-01
2.703261e+02	-6.200000e-01	-1.026667e+00	-1.495588e+00
5.754040e+02	-6.200000e-01	-1.733333e-01	-1.372625e+00
8.525664e+02	-6.200000e-01	-9.333333e-02	-2.602252e+00
8.447554e+02	-6.200000e-01	-1.333333e-02	-2.159586e+00
7.655194e+02	-5.966667e-01	-2.893333e+00	2.504816e-01
3.824101e+02	-5.966667e-01	-1.533333e+00	-2.659615e-01
6.441396e+02	-5.966667e-01	-5.733333e-01	-2.774400e+00
7.273777e+02	-5.966667e-01	-3.333333e-01	-2.626844e+00
1.092526e+03	-5.966667e-01	4.400000e-01	-2.405512e+00
9.974930e+02	-5.733333e-01	-2.546667e+00	-1.151293e+00
1.064663e+03	-5.733333e-01	-2.360000e+00	-2.577659e+00
3.417704e+02	-5.733333e-01	-1.293333e+00	-9.299598e-01
1.979765e+02	-5.733333e-01	-1.133333e+00	-1.921839e-01
3.460222e+02	-5.733333e-01	-4.000000e-02	4.964069e-01
7.257844e+02	-5.500000e-01	-2.200000e+00	-3.151465e-01
2.729358e+02	-5.500000e-01	-1.400000e+00	2.996667e-01
5.334439e+02	-5.500000e-01	-6.800000e-01	-2.307141e+00
2.517109e+02	-5.500000e-01	-6.000000e-01	-8.807747e-01
1.159515e+03	-5.500000e-01	8.400000e-01	-1.520180e+00
1.079051e+03	-5.266667e-01	-2.786667e+00	-2.036624e+00
6.757294e+02	-5.266667e-01	-2.786667e+00	4.964069e-01
3.063728e+02	-5.266667e-01	-1.133333e+00	-1.052922e+00
3.056159e+02	-5.266667e-01	-4.400000e-01	-6.594420e-01
7.060067e+02	-5.266667e-01	-4.133333e-01	-2.553067e+00
9.986731e+02	-5.033333e-01	-2.520000e+00	-1.175885e+00
6.064512e+02	-5.033333e-01	-3.600000e-01	-1.815291e+00
3.478520e+02	-5.033333e-01	-2.000000e-01	2.914888e-02
5.943724e+02	-5.033333e-01	-1.333333e-02	-7.086270e-01
7.097533e+02	-5.033333e-01	7.333333e-01	5.947771e-01
9.432009e+02	-4.800000e-01	-2.840000e+00	-3.889241e-01
7.054247e+02	-4.800000e-01	-6.266667e-01	-2.848177e+00
8.021455e+02	-4.800000e-01	2.800000e-01	-7.332195e-01
5.010778e+02	-4.800000e-01	2.800000e-01	6.439621e-01
8.184243e+02	-4.800000e-01	3.066667e-01	-7.332195e-01
6.928743e+02	-4.566667e-01	-2.600000e+00	3.488518e-01
9.631138e+02	-4.566667e-01	-2.386667e+00	-1.077515e+00
9.280380e+02	-4.566667e-01	-2.226667e+00	-1.102107e+00
2.805980e+02	-4.566667e-01	-6.800000e-01	-5.118868e-01
9.464168e+02	-4.566667e-01	6.666667e-02	-2.479289e+00
1.067505e+03	-4.333333e-01	-2.280000e+00	-2.897362e+00
7.101436e+02	-4.333333e-01	-1.026667e+00	-2.971140e+00
6.417349e+02	-4.333333e-01	1.733333e-01	-2.413689e-01
1.107515e+03	-4.333333e-01	6.266667e-01	-2.774400e+00
1.113556e+03	-4.333333e-01	6.800000e-01	-2.749807e+00
1.069648e+03	-4.100000e-01	-2.733333e+00	-1.741513e+00
9.201189e+02	-4.100000e-01	-2.120000e+00	-1.225070e+00
7.946944e+02	-4.100000e-01	-1.560000e+00	-2.208771e+00
3.178981e+02	-4.100000e-01	-1.080000e+00	-1.184063e-01
1.103454e+03	-4.100000e-01	6.266667e-01	-2.602252e+00
7.799572e+02	-3.866667e-01	-2.733333e+00	2.996667e-01
6.827527e+02	-3.866667e-01	-2.573333e+00	4.964069e-01
1.028969e+03	-3.866667e-01	-2.120000e+00	-2.208771e+00
7.419992e+02	-3.866667e-01	-6.666667e-02	-1.249663e+00
6.483467e+02	-3.866667e-01	5.466667e-01	6.685547e-01
7.317465e+02	-3.633333e-01	-2.200000e+00	-1.184063e-01
5.729916e+02	-3.633333e-01	-1.826667e+00	4.556349e-03
7.186464e+02	-3.633333e-01	-1.400000e+00	-2.061216e+00
3.519494e+02	-3.633333e-01	-1.000000e+00	6.685547e-01
3.812261e+02	-3.633333e-01	-7.866667e-01	-4.381092e-01
9.543740e+02	-3.400000e-01	-3.000000e+00	-9.381377e-02
1.037834e+03	-3.400000e-01	-2.760000e+00	-1.052922e+00
5.917830e+02	-3.400000e-01	-1.106667e+00	-1.692328e+00
4.588011e+02	-3.400000e-01	-5.466667e-01	-4.872942e-01
1.103358e+03	-3.400000e-01	7.333333e-01	-2.331734e+00
1.085764e+03	-3.166667e-01	-2.653333e+00	-2.749807e+00
6.064017e+02	-3.166667e-01	-7.600000e-01	-1.618551e+00
5.381242e+02	-3.166667e-01	-5.733333e-01	-9.053672e-01
5.213868e+02	-3.166667e-01	-4.400000e-01	-4.872942e-01
7.918779e+02	-3.166667e-01	1.466667e-01	-6.840345e-01
1.064399e+03	-2.933333e-01	-2.786667e+00	-1.372625e+00
6.606176e+02	-2.933333e-01	-1.773333e+00	-2.413689e-01
4.750703e+02	-2.933333e-01	-1.106667e+00	-6.922124e-02
5.359540e+02	-2.933333e-01	-2.533333e-01	2.012966e-01
1.069901e+03	-2.933333e-01	8.400000e-01	-1.028330e+00
7.399650e+02	-2.700000e-01	-2.253333e+00	2.504816e-01
7.671876e+02	-2.700000e-01	-2.093333e+00	-1.429988e-01
6.122960e+02	-2.700000e-01	-1.453333e+00	-4.381092e-01
5.695149e+02	-2.700000e-01	-3.600000e-01	-9.381377e-02
8.207442e+02	-2.700000e-01	4.000000e-02	-9.299598e-01
1.065201e+03	-2.466667e-01	-2.413333e+00	-2.159586e+00
1.062267e+03	-2.466667e-01	-2.280000e+00	-2.479289e+00
7.967792e+02	-2.466667e-01	-4.666667e-01	-1.913661e+00
6.191050e+02	-2.466667e-01	-1.466667e-01	3.242592e-01
8.527771e+02	-2.466667e-01	5.200000e-01	2.914888e-02
1.045945e+03	-2.233333e-01	-3.000000e+00	-6.102569e-01
1.029144e+03	-2.233333e-01	-2.813333e+00	-6.594420e-01
6.217581e+02	-2.233333e-01	-7.333333e-01	-5.610718e-01
8.299150e+02	-2.233333e-01	4.000000e-02	-7.086270e-01
1.027736e+03	-2.233333e-01	1.466667e-01	-2.749807e+00
1.015683e+03	-2.000000e-01	-2.360000e+00	-1.200478e+00
9.819193e+02	-2.000000e-01	-2.360000e+00	-8.315897e-01
6.596239e+02	-2.000000e-01	-1.053333e+00	-5.364793e-01
8.537131e+02	-2.000000e-01	-9.333333e-02	-1.052922e+00
7.686497e+02	-2.000000e-01	-1.333333e-02	-1.429988e-01
1.078838e+03	-1.766667e-01	-3.000000e+00	-1.249663e+00
1.008397e+03	-1.766667e-01	-2.306667e+00	-1.126700e+00
7.151073e+02	-1.766667e-01	-1.080000e+00	-6.840345e-01
7.284422e+02	-1.766667e-01	-4.933333e-01	-4.381092e-01
8.140636e+02	-1.766667e-01	-3.066667e-01	-9.545523e-01
9.921116e+02	-1.533333e-01	-2.680000e+00	-2.167764e-01
9.981179e+02	-1.533333e-01	-2.333333e+00	-8.315897e-01
9.626001e+02	-1.533333e-01	-1.666667e+00	-2.159586e+00
7.614415e+02	-1.533333e-01	-7.866667e-01	-7.332195e-01
9.860656e+02	-1.533333e-01	-2.266667e-01	-2.651437e+00
1.066220e+03	-1.300000e-01	-2.600000e+00	-1.372625e+00
1.008036e+03	-1.300000e-01	-2.360000e+00	-7.578121e-01
9.978161e+02	-1.300000e-01	-2.146667e+00	-1.052922e+00
1.058195e+03	-1.300000e-01	7.333333e-01	-1.028330e+00
1.082869e+03	-1.300000e-01	8.133333e-01	-1.716921e+00
9.579046e+02	-1.066667e-01	-2.093333e+00	-3.889241e-01
9.101456e+02	-1.066667e-01	-2.040000e+00	1.275190e-01
8.817593e+02	-1.066667e-01	-1.693333e+00	-1.184063e-01
9.273225e+02	-1.066667e-01	-1.133333e+00	-1.962846e+00
1.042966e+03	-1.066667e-01	6.000000e-01	-8.807747e-01
1.047268e+03	-8.333333e-02	-2.333333e+00	-1.102107e+00
9.976987e+02	-8.333333e-02	-1.320000e+00	-2.577659e+00
1.060832e+03	-8.333333e-02	2.266667e-01	-2.356327e+00
1.056236e+03	-8.333333e-02	7.066667e-01	-7.824046e-01
1.061205e+03	-8.333333e-02	8.933333e-01	-5.610718e-01
1.086643e+03	-6.000000e-02	-2.840000e+00	-2.036624e+00
9.570674e+02	-6.000000e-02	-1.773333e+00	3.242592e-01
9.340024e+02	-6.000000e-02	-1.213333e+00	1.767041e-01
9.430645e+02	-6.000000e-02	-1.053333e+00	-4.135167e-01
9.755190e+02	-6.000000e-02	-8.133333e-01	-1.421810e+00
1.067314e+03	-3.666667e-02	-2.813333e+00	-2.167764e-01
1.082575e+03	-3.666667e-02	-2.493333e+00	-1.815291e+00
1.080175e+03	-3.666667e-02	-2.413333e+00	-1.741513e+00
1.058502e+03	-3.666667e-02	-2.253333e+00	-7.824046e-01
1.023421e+03	-3.666667e-02	-8.400000e-01	-1.667736e+00
1.075873e+03	-1.333333e-02	-1.640000e+00	-2.430104e+00
1.052598e+03	-1.333333e-02	-1.293333e+00	1.767041e-01
1.059752e+03	-1.333333e-02	-1.213333e+00	-1.052922e+00
1.050721e+03	-1.333333e-02	-8.666667e-01	3.242592e-01
1.086317e+03	-1.333333e-02	8.400000e-01	-1.643143e+00
1.087648e+03	1.000000e-02	-2.680000e+00	-2.134994e+00
1.109502e+03	1.000000e-02	-1.933333e+00	4.718144e-01
1.092085e+03	1.000000e-02	-1.906667e+00	-2.725214e+00
1.110757e+03	1.000000e-02	-1.613333e+00	7.833394e-02
1.100664e+03	1.000000e-02	-5.200000e-01	-2.012031e+00
1.093880e+03	3.333333e-02	-2.360000e+00	-1.962846e+00
1.103107e+03	3.333333e-02	-2.120000e+00	-1.864476e+00
1.101096e+03	3.333333e-02	-1.986667e+00	-2.651437e+00
1.144424e+03	3.333333e-02	-1.266667e+00	-1.667736e+00
1.173972e+03	3.333333e-02	-6.000000e-01	-4.462871e-02
1.088630e+03	5.666667e-02	-2.920000e+00	-1.692328e+00
1.091470e+03	5.666667e-02	-2.466667e+00	-2.307141e+00
1.161427e+03	5.666667e-02	-1.426667e+00	-2.134994e+00
1.159107e+03	5.666667e-02	-7.600000e-01	-2.503882e+00
1.173791e+03	5.666667e-02	3.600000e-01	5.374141e-02
1.215239e+03	8.000000e-02	-2.333333e+00	2.258891e-01
1.285553e+03	8.000000e-02	-1.880000e+00	5.947771e-01
1.290474e+03	8.000000e-02	-1.053333e+00	-5.856644e-01
1.158528e+03	8.000000e-02	-2.800000e-01	-2.430104e+00
1.183520e+03	8.000000e-02	-2.266667e-01	-1.667736e+00
1.107728e+03	1.033333e-01	-2.413333e+00	-1.839883e+00
1.246893e+03	1.033333e-01	-2.066667e+00	-3.397391e-01
1.181875e+03	1.033333e-01	-1.693333e+00	-2.380919e+00
1.284898e+03	1.033333e-01	-7.600000e-01	-1.520180e+00
1.205918e+03	1.033333e-01	-4.933333e-01	-2.380919e+00
1.289463e+03	1.266667e-01	-2.280000e+00	7.833394e-02
1.445109e+03	1.266667e-01	-6.533333e-01	2.914888e-02
1.268610e+03	1.266667e-01	-6.666667e-02	-9.791448e-01
1.142510e+03	1.266667e-01	3.600000e-01	-1.766106e+00
1.092197e+03	1.266667e-01	8.400000e-01	-2.749807e+00
1.115994e+03	1.500000e-01	-2.706667e+00	-1.175885e+00
1.193008e+03	1.500000e-01	-2.546667e+00	-5.118868e-01
1.173520e+03	1.500000e-01	-2.066667e+00	-1.987439e+00
1.145622e+03	1.500000e-01	1.466667e-01	-2.700622e+00
1.123922e+03	1.500000e-01	7.866667e-01	-1.323440e+00
1.121196e+03	1.733333e-01	-2.840000e+00	-9.299598e-01
1.488421e+03	1.733333e-01	-1.320000e+00	-9.299598e-01
1.230952e+03	1.733333e-01	-4.133333e-01	-2.971140e+00
1.407453e+03	1.733333e-01	3.600000e-01	2.504816e-01
1.119317e+03	1.733333e-01	5.733333e-01	-2.233364e+00
1.356798e+03	1.966667e-01	-2.920000e+00	6.685547e-01
1.253027e+03	1.966667e-01	-2.306667e+00	-8.315897e-01
1.208984e+03	1.966667e-01	-2.280000e+00	-1.249663e+00
1.344802e+03	1.966667e-01	-1.906667e+00	-1.175885e+00
1.637597e+03	1.966667e-01	-1.080000e+00	-4.381092e-01
1.588502e+03	2.200000e-01	-2.226667e+00	5.947771e-01
1.365183e+03	2.200000e-01	-1.400000e+00	-2.479289e+00
1.541340e+03	2.200000e-01	-6.533333e-01	-1.323440e+00
1.127971e+03	2.200000e-01	4.666667e-01	-2.725214e+00
1.122791e+03	2.200000e-01	9.466667e-01	-1.470995e+00
1.324491e+03	2.433333e-01	-2.840000e+00	1.767041e-01
1.202357e+03	2.433333e-01	-2.200000e+00	-1.864476e+00
1.585795e+03	2.433333e-01	-2.040000e+00	-2.003618e-02
1.590348e+03	2.433333e-01	-9.333333e-02	-3.643316e-01
1.274378e+03	2.433333e-01	6.266667e-01	-6.348494e-01
1.112278e+03	2.666667e-01	-2.546667e+00	-1.987439e+00
1.392501e+03	2.666667e-01	-1.480000e+00	-2.626844e+00
1.959233e+03	2.666667e-01	-6.533333e-01	3.980368e-01
1.672057e+03	2.666667e-01	4.133333e-01	5.455920e-01
1.339981e+03	2.666667e-01	9.466667e-01	2.914888e-02
1.087437e+03	2.900000e-01	-2.813333e+00	-2.971140e+00
1.521946e+03	2.900000e-01	-1.853333e+00	-1.200478e+00
1.858129e+03	2.900000e-01	-1.426667e+00	-5.364793e-01
1.551672e+03	2.900000e-01	-3.600000e-01	-1.544773e+00
1.482278e+03	2.900000e-01	5.200000e-01	-1.429988e-01
1.696031e+03	3.133333e-01	-2.040000e+00	-2.413689e-01
2.057067e+03	3.133333e-01	-1.186667e+00	-2.167764e-01
1.831646e+03	3.133333e-01	-4.400000e-01	-7.086270e-01
2.031654e+03	3.133333e-01	-3.866667e-01	2.012966e-01
1.666187e+03	3.133333e-01	-1.200000e-01	-7.578121e-01
2.107219e+03	3.366667e-01	-1.746667e+00	4.472219e-01
1.579716e+03	3.366667e-01	-8.400000e-01	-2.479289e+00
2.036633e+03	3.366667e-01	-1.466667e-01	2.750742e-01
1.296733e+03	3.366667e-01	-9.333333e-02	-2.872770e+00
1.307533e+03	3.366667e-01	4.133333e-01	-1.348033e+00
1.087864e+03	3.600000e-01	-2.706667e+00	-2.921955e+00
1.254293e+03	3.600000e-01	-2.600000e+00	-8.807747e-01
1.327882e+03	3.600000e-01	-2.573333e+00	-6.348494e-01
2.324514e+03	3.600000e-01	-1.480000e+00	5.701845e-01
1.254800e+03	3.600000e-01	6.266667e-01	-1.323440e+00
1.416003e+03	3.833333e-01	-1.773333e+00	-2.823585e+00
1.813122e+03	3.833333e-01	-1.586667e+00	-1.446403e+00
1.705054e+03	3.833333e-01	-1.560000e+00	-1.889068e+00
2.195442e+03	3.833333e-01	9.333333e-02	6.193696e-01
1.219670e+03	3.833333e-01	4.133333e-01	-2.282549e+00
1.526952e+03	4.066667e-01	-2.413333e+00	-4.872942e-01
2.153094e+03	4.066667e-01	-1.293333e+00	-9.791448e-01
1.758862e+03	4.066667e-01	-1.186667e+00	-2.282549e+00
1.952709e+03	4.066667e-01	-3.866667e-01	-1.028330e+00
1.144353e+03	4.066667e-01	8.666667e-01	-2.257956e+00
1.916046e+03	4.300000e-01	-1.533333e+00	-1.569366e+00
2.711226e+03	4.300000e-01	-1.053333e+00	5.209995e-01
1.686735e+03	4.300000e-01	-6.800000e-01	-2.503882e+00
1.505499e+03	4.300000e-01	3.066667e-01	-1.126700e+00
1.631865e+03	4.300000e-01	4.666667e-01	-4.627017e-01
1.506402e+03	4.533333e-01	-1.880000e+00	-2.454697e+00
2.512397e+03	4.533333e-01	-7.866667e-01	-4.135167e-01
2.458909e+03	4.533333e-01	-7.600000e-01	-5.364793e-01
1.420756e+03	4.533333e-01	-2.000000e-01	-2.946547e+00
1.870267e+03	4.533333e-01	8.666667e-01	4.718144e-01
2.323331e+03	4.766667e-01	-1.800000e+00	-2.905540e-01
2.033568e+03	4.766667e-01	-1.613333e+00	-1.421810e+00
2.186828e+03	4.766667e-01	-8.666667e-01	-1.495588e+00
2.423616e+03	4.766667e-01	-7.066667e-01	-7.824046e-01
1.707550e+03	4.766667e-01	6.000000e-01	-2.659615e-01
3.737792e+02	-1.345926e+00	-1.109630e+00	-1.252395e+00
1.178132e+02	-1.195926e+00	-9.596296e-01	-1.102395e+00
2.039030e+01	-1.061078e+00	-8.294816e-01	-9.539061e-01
1.790992e+01	-9.127314e-01	-6.985964e-01	-8.476422e-01
7.465737e+01	-7.881931e-01	-5.964629e-01	-7.401663e-01
1.365984e+02	-7.034142e-01	-5.322627e-01	-6.888706e-01
1.125419e+02	-7.327915e-01	-5.261144e-01	-5.681637e-01
8.640088e+01	-7.849194e-01	-5.327825e-01	-4.944564e-01
5.637197e+01	-8.798019e-01	-5.867196e-01	-4.043234e-01
3.967246e+01	-8.828796e-01	-6.544791e-01	-4.267056e-01
3.731062e+01	-9.193216e-01	-7.286297e-01	-4.270814e-01
2.815258e+01	-8.997533e-01	-7.879710e-01	-5.035891e-01
2.790376e+01	-8.835368e-01	-8.417655e-01	-5.777122e-01
2.738808e+01	-8.371474e-01	-8.484342e-01	-6.752179e-01
3.109144e+01	-8.198932e-01	-8.515666e-01	-7.518895e-01
2.212363e+01	-8.493363e-01	-8.201421e-01	-8.254854e-01
9.844975e+00	-9.248141e-01	-7.477559e-01	-8.435602e-01
1.361617e+01	-9.854923e-01	-6.985907e-01	-8.621031e-01
1.782728e+01	-1.052408e+00	-7.138367e-01	-8.554181e-01
1.642573e+01	-1.054909e+00	-7.480860e-01	-8.532977e-01
1.666092e+01	-1.052844e+00	-7.876002e-01	-8.727387e-01
7.577774e+00	-9.831760e-01	-7.723007e-01	-9.423572e-01
1.678709e+01	-9.223079e-01	-7.616315e-01	-1.008399e+00
3.216954e+01	-8.909745e-01	-7.191116e-01	-1.032291e+00
2.210556e+01	-9.047358e-01	-7.247361e-01	-9.724847e-01
1.273376e+01	-9.399281e-01	-7.194182e-01	-8.917675e-01
1.009192e+01	-9.686719e-01	-7.217592e-01	-8.304377e-01
1.071287e+01	-9.904409e-01	-7.749436e-01	-7.928327e-01
1.616085e+01	-9.686304e-01	-8.274792e-01	-7.691477e-01
1.214640e+01	-9.481750e-01	-8.182502e-01	-7.917800e-01
1.010148e+01	-9.147960e-01	-7.665667e-01	-8.499155e-01
1.448464e+01	-9.348362e-01	-7.069574e-01	-8.695198e-01
9.343482e+00	-9.958584e-01	-7.322909e-01	-8.892181e-01
1.295403e+01	-1.050349e+00	-7.733556e-01	-9.183487e-01
1.117116e+01	-1.043495e+00	-7.824811e-01	-9.857410e-01
1.331828e+01	-9.926328e-01	-8.284057e-01	-1.037659e+00
1.029927e+01	-9.935706e-01	-8.055378e-01	-1.015269e+00
1.005324e+01	-1.027982e+00	-7.485171e-01	-9.587174e-01
1.359871e+01	-1.035005e+00	-7.169442e-01	-9.222417e-01
1.405622e+01	-1.046835e+00	-7.556575e-01	-8.688594e-01
8.948492e+00	-9.857881e-01	-7.971192e-01	-8.671255e-01
8.730195e+00	-9.496215e-01	-8.007141e-01	-8.510977e-01
9.889745e+00	-9.261590e-01	-8.029429e-01	-8.351256e-01
1.389983e+01	-8.908658e-01	-7.899592e-01	-8.722360e-01
9.251324e+00	-9.394841e-01	-7.404758e-01	-8.468409e-01
9.590521e+00	-9.739457e-01	-7.260695e-01	-8.659259e-01
1.177849e+01	-1.029492e+00	-7.644879e-01	-8.611861e-01
1.635272e+01	-1.032949e+00	-8.128091e-01	-8.700533e-01
7.551581e+00	-9.895623e-01	-7.798323e-01	-9.324265e-01
1.436915e+01	-9.451119e-01	-7.421110e-01	-9.947088e-01
2.919634e+01	-9.473342e-01	-6.713099e-01	-9.933241e-01
3.211698e+01	-9.342399e-01	-6.578548e-01	-9.559468e-01
1.092603e+01	-9.844864e-01	-7.170939e-01	-8.901385e-01
8.260283e+00	-9.912826e-01	-7.830481e-01	-8.690349e-01
1.181485e+01	-1.003284e+00	-8.093635e-01	-8.655368e-01
7.867098e+00	-9.573786e-01	-7.812663e-01	-9.200047e-01
1.458237e+01	-9.211757e-01	-7.533505e-01	-9.633387e-01
2.580281e+01	-8.968013e-01	-7.212881e-01	-9.876739e-01
9.197751e+00	-9.471676e-01	-7.607349e-01	-9.291713e-01
1.129116e+01	-1.017181e+00	-7.807870e-01	-8.506215e-01
1.318285e+01	-1.020376e+00	-7.805811e-01	-8.241996e-01
9.925380e+00	-1.001541e+00	-7.456627e-01	-8.278600e-01
8.765054e+00	-9.677209e-01	-7.355372e-01	-8.752939e-01
1.291938e+01	-9.302300e-01	-7.388723e-01	-9.304467e-01
1.004918e+01	-9.360820e-01	-7.802971e-01	-9.398547e-01
8.022603e+00	-9.663702e-01	-7.907797e-01	-9.347241e-01
9.338417e+00	-1.009281e+00	-7.929806e-01	-9.096601e-01
8.663991e+00	-1.010459e+00	-7.513477e-01	-9.192239e-01
8.113984e+00	-9.749607e-01	-7.521370e-01	-9.270567e-01
1.013365e+01	-9.446283e-01	-7.522915e-01	-9.336101e-01
8.181515e+00	-9.472237e-01	-7.611533e-01	-8.919607e-01
8.102114e+00	-9.819096e-01	-7.553862e-01	-8.356503e-01
7.965969e+00	-9.673494e-01	-7.668463e-01	-8.170304e-01
8.988975e+00	-9.407854e-01	-7.421569e-01	-8.418927e-01
1.432038e+01	-9.022602e-01	-7.494715e-01	-8.942650e-01
7.998825e+00	-9.557581e-01	-7.887061e-01	-8.418683e-01
2.392781e+01	-1.003764e+00	-8.530149e-01	-8.115134e-01
4.193763e+01	-1.072229e+00	-8.281487e-01	-7.576423e-01
1.141564e+01	-1.011522e+00	-7.504818e-01	-8.157373e-01
1.778360e+01	-9.417006e-01	-6.902263e-01	-8.863993e-01
4.741327e+01	-8.744086e-01	-6.522220e-01	-9.606664e-01
4.073833e+02	-9.622222e-01	-4.518519e-01	-2.061216e+00
4.005133e+02	-7.742222e-01	-6.398519e-01	-2.249216e+00
2.511307e+02	-8.698521e-01	-8.831125e-01	-2.095175e+00
3.096451e+02	-1.057174e+00	-1.166811e+00	-1.894123e+00
2.182671e+02	-1.135486e+00	-1.096131e+00	-1.634380e+00
1.152772e+02	-1.172876e+00	-9.805852e-01	-1.429827e+00
3.404628e+01	-1.124694e+00	-8.233415e-01	-1.278225e+00
3.348590e+01	-1.036864e+00	-6.757020e-01	-1.126705e+00
6.661987e+01	-9.658048e-01	-5.744967e-01	-9.823699e-01
1.079542e+02	-8.811765e-01	-5.040882e-01	-8.758749e-01
1.081559e+02	-8.763452e-01	-4.809742e-01	-7.458074e-01
8.277720e+01	-8.959951e-01	-5.060749e-01	-6.156093e-01
5.850972e+01	-9.194838e-01	-5.639694e-01	-4.991039e-01
4.983546e+01	-9.253347e-01	-6.232098e-01	-4.178186e-01
5.170006e+01	-9.239748e-01	-6.787817e-01	-3.510060e-01
5.824054e+01	-9.202135e-01	-7.441161e-01	-3.086998e-01
5.876489e+01	-8.820445e-01	-8.048367e-01	-2.908931e-01
6.199856e+01	-8.438608e-01	-8.514165e-01	-2.812236e-01
7.099349e+01	-8.382327e-01	-8.885617e-01	-2.724196e-01
6.962933e+01	-8.139646e-01	-9.055441e-01	-2.968632e-01
7.096860e+01	-7.885343e-01	-9.233725e-01	-3.249085e-01
7.241706e+01	-7.937488e-01	-9.369789e-01	-3.504169e-01
7.164909e+01	-8.044543e-01	-9.429326e-01	-3.787923e-01
7.357890e+01	-8.439660e-01	-9.484907e-01	-4.023571e-01
6.433366e+01	-8.685106e-01	-9.249663e-01	-4.370456e-01
5.997869e+01	-9.106024e-01	-8.987763e-01	-4.614416e-01
3.709193e+01	-8.982626e-01	-8.509284e-01	-5.151132e-01
2.381170e+01	-8.900239e-01	-8.098079e-01	-5.669760e-01
1.695428e+01	-8.911915e-01	-7.719643e-01	-6.167756e-01
1.415833e+01	-9.148918e-01	-7.377188e-01	-6.582619e-01
1.440101e+01	-9.418649e-01	-7.104649e-01	-6.958542e-01
1.515168e+01	-9.540431e-01	-6.934544e-01	-7.445342e-01
1.684334e+01	-9.678125e-01	-6.809397e-01	-7.868810e-01
1.761099e+01	-9.655459e-01	-6.779232e-01	-8.342903e-01
1.710847e+01	-9.672725e-01	-6.836637e-01	-8.752213e-01
1.453603e+01	-9.796712e-01	-6.980616e-01	-9.060313e-01
1.201643e+01	-9.927377e-01	-7.148068e-01	-9.289509e-01
9.871722e+00	-1.011560e+00	-7.367319e-01	-9.424726e-01
8.623390e+00	-1.011958e+00	-7.589655e-01	-9.576138e-01
8.655988e+00	-1.014546e+00	-7.767813e-01	-9.689973e-01
9.275449e+00	-1.015172e+00	-7.914615e-01	-9.807548e-01
9.895643e+00	-1.010321e+00	-8.030327e-01	-9.892953e-01
1.042601e+01	-1.002694e+00	-8.104255e-01	-9.997912e-01
1.046092e+01	-9.948394e-01	-8.113310e-01	-1.004050e+00
1.038338e+01	-9.864251e-01	-8.095471e-01	-1.006197e+00
1.060097e+01	-9.743928e-01	-8.057759e-01	-1.010533e+00
1.010031e+01	-9.704856e-01	-7.952242e-01	-1.005435e+00
9.765307e+00	-9.684650e-01	-7.831466e-01	-9.989059e-01
9.344266e+00	-9.695511e-01	-7.722595e-01	-9.868483e-01
8.857715e+00	-9.701874e-01	-7.670993e-01	-9.712874e-01
8.514738e+00	-9.711063e-01	-7.619570e-01	-9.565928e-01
8.213209e+00	-9.752842e-01	-7.561890e-01	-9.416218e-01
8.024280e+00	-9.853373e-01	-7.506233e-01	-9.244900e-01
8.429121e+00	-9.991889e-01	-7.457115e-01	-9.067960e-01
9.191703e+00	-1.009043e+00	-7.427289e-01	-8.918438e-01
9.938219e+00	-1.016516e+00	-7.429136e-01	-8.807023e-01
9.302125e+00	-1.008433e+00	-7.452894e-01	-8.722073e-01
8.600645e+00	-9.990434e-01	-7.481825e-01	-8.674794e-01
8.120417e+00	-9.910960e-01	-7.507262e-01	-8.642010e-01
7.519504e+00	-9.774818e-01	-7.556807e-01	-8.632135e-01
7.345034e+00	-9.620253e-01	-7.609592e-01	-8.633649e-01
7.550319e+00	-9.504016e-01	-7.663445e-01	-8.634282e-01
7.847245e+00	-9.427227e-01	-7.732384e-01	-8.631158e-01
8.270254e+00	-9.362826e-01	-7.796406e-01	-8.637734e-01
8.407282e+00	-9.344924e-01	-7.820709e-01	-8.612639e-01
8.017881e+00	-9.400785e-01	-7.802387e-01	-8.555253e-01
7.670638e+00	-9.475638e-01	-7.782951e-01	-8.517632e-01
7.467968e+00	-9.591242e-01	-7.766496e-01	-8.466313e-01
7.586507e+00	-9.692474e-01	-7.757902e-01	-8.436173e-01
8.027326e+00	-9.808372e-01	-7.730983e-01	-8.393778e-01
8.209115e+00	-9.836154e-01	-7.718932e-01	-8.370640e-01
8.146075e+00	-9.845393e-01	-7.692063e-01	-8.390337e-01
7.836481e+00	-9.819775e-01	-7.651020e-01	-8.442581e-01
7.523216e+00	-9.752730e-01	-7.612861e-01	-8.490742e-01
7.357714e+00	-9.671367e-01	-7.604806e-01	-8.551961e-01
7.419639e+00	-9.615244e-01	-7.585353e-01	-8.600201e-01
7.581166e+00	-9.562881e-01	-7.574180e-01	-8.651808e-01
7.797845e+00	-9.536783e-01	-7.549289e-01	-8.691463e-01
8.028961e+00	-9.520658e-01	-7.524140e-01	-8.729643e-01
8.012628e+00	-9.528483e-01	-7.525330e-01	-8.752330e-01
7.544103e+00	-9.596706e-01	-7.571493e-01	-8.749993e-01
7.288959e+00	-9.665138e-01	-7.609877e-01	-8.745731e-01
7.194638e+00	-9.733081e-01	-7.669114e-01	-8.740534e-01
7.316236e+00	-9.795595e-01	-7.721425e-01	-8.744239e-01
7.399052e+00	-9.820532e-01	-7.738210e-01	-8.756267e-01
7.488772e+00	-9.842592e-01	-7.755200e-01	-8.772412e-01
7.664811e+00	-9.887272e-01	-7.747106e-01	-8.765291e-01
7.524505e+00	-9.869081e-01	-7.734389e-01	-8.789295e-01
7.211662e+00	-9.784668e-01	-7.713314e-01	-8.840707e-01
7.181946e+00	-9.678860e-01	-7.697267e-01	-8.898977e-01
7.375554e+00	-9.620695e-01	-7.659854e-01	-8.938664e-01
7.740812e+00	-9.564711e-01	-7.617550e-01	-8.970296e-01
7.863779e+00	-9.554380e-01	-7.603742e-01	-8.984006e-01
7.792734e+00	-9.575806e-01	-7.600316e-01	-8.993759e-01
7.533910e+00	-9.616868e-01	-7.619894e-01	-8.976141e-01
7.444904e+00	-9.620046e-01	-7.646104e-01	-8.972175e-01
7.218572e+00	-9.700393e-01	-7.653711e-01	-8.925834e-01
7.177062e+00	-9.757139e-01	-7.665620e-01	-8.887053e-01
7.185851e+00	-9.776233e-01	-7.680783e-01	-8.864918e-01
7.274657e+00	-9.818466e-01	-7.674489e-01	-8.832208e-01
7.425369e+00	-9.863543e-01	-7.670699e-01	-8.806049e-01
7.402434e+00	-9.853879e-01	-7.674665e-01	-8.796445e-01
7.479768e+00	-9.866759e-01	-7.657714e-01	-8.766986e-01
7.446433e+00	-9.852159e-01	-7.627326e-01	-8.770379e-01
7.317184e+00	-9.799610e-01	-7.616440e-01	-8.790132e-01
7.250823e+00	-9.754121e-01	-7.617855e-01	-8.819861e-01
7.246216e+00	-9.713441e-01	-7.619548e-01	-8.846060e-01
7.311729e+00	-9.682597e-01	-7.606582e-01	-8.858853e-01
7.432612e+00	-9.631437e-01	-7.604587e-01	-8.879816e-01
7.462535e+00	-9.605507e-01	-7.625534e-01	-8.898283e-01
7.364061e+00	-9.640367e-01	-7.620703e-01	-8.881426e-01
7.295678e+00	-9.658054e-01	-7.630392e-01	-8.871605e-01
7.234078e+00	-9.676257e-01	-7.642708e-01	-8.857571e-01
7.191582e+00	-9.699555e-01	-7.653474e-01	-8.851029e-01
7.161413e+00	-9.708053e-01	-7.677219e-01	-8.855314e-01
7.162841e+00	-9.738637e-01	-7.683070e-01	-8.822757e-01
7.189417e+00	-9.762783e-01	-7.688284e-01	-8.805262e-01
7.248243e+00	-9.794419e-01	-7.699705e-01	-8.798215e-01
7.221035e+00	-9.776659e-01	-7.715165e-01	-8.803128e-01
7.256748e+00	-9.794209e-01	-7.702115e-01	-8.787750e-01
7.200234e+00	-9.765518e-01	-7.686250e-01	-8.790694e-01
7.164851e+00	-9.697610e-01	-7.674689e-01	-8.816724e-01
7.195218e+00	-9.686142e-01	-7.653843e-01	-8.823052e-01
7.274436e+00	-9.655555e-01	-7.631053e-01	-8.826025e-01
7.328191e+00	-9.646252e-01	-7.615937e-01	-8.827194e-01
7.283608e+00	-9.652010e-01	-7.627953e-01	-8.817733e-01
7.280479e+00	-9.665858e-01	-7.616061e-01	-8.786085e-01
7.279750e+00	-9.683519e-01	-7.607662e-01	-8.763467e-01
7.255040e+00	-9.709562e-01	-7.613662e-01	-8.757848e-01
7.237296e+00	-9.741592e-01	-7.626597e-01	-8.767158e-01
7.237952e+00	-9.767878e-01	-7.639373e-01	-8.781970e-01
7.306381e+00	-9.806227e-01	-7.646383e-01	-8.766620e-01
7.264582e+00	-9.792921e-01	-7.661733e-01	-8.771412e-01
7.174720e+00	-9.737368e-01	-7.679613e-01	-8.784032e-01
7.180484e+00	-9.658039e-01	-7.700481e-01	-8.806148e-01
7.204221e+00	-9.639058e-01	-7.700583e-01	-8.799885e-01
7.205443e+00	-9.637152e-01	-7.708584e-01	-8.800538e-01
7.172918e+00	-9.675767e-01	-7.730312e-01	-8.795754e-01
7.196382e+00	-9.707520e-01	-7.756709e-01	-8.808735e-01
7.237618e+00	-9.704626e-01	-7.781971e-01	-8.821861e-01
7.197749e+00	-9.726634e-01	-7.750248e-01	-8.806016e-01
7.201524e+00	-9.760567e-01	-7.667617e-01	-8.786136e-01
7.308709e+00	-9.754360e-01	-7.596362e-01	-8.770267e-01
7.506595e+00	-9.746214e-01	-7.535412e-01	-8.762989e-01
7.581205e+00	-9.730993e-01	-7.518174e-01	-8.768220e-01
7.584345e+00	-9.686298e-01	-7.524798e-01	-8.785961e-01
7.677987e+00	-9.645057e-01	-7.519140e-01	-8.780232e-01
7.537842e+00	-9.648149e-01	-7.545530e-01	-8.764019e-01
7.360287e+00	-9.672447e-01	-7.582511e-01	-8.756174e-01
2.531308e+03	-1.729630e+00	-1.767407e+00	-4.435742e-01
1.913280e+03	-1.551130e+00	-1.945907e+00	-2.650742e-01
1.388129e+03	-1.381155e+00	-2.112954e+00	-3.670645e-02
1.070312e+03	-1.246623e+00	-2.177909e+00	2.172020e-01
7.226556e+02	-1.039958e+00	-2.319479e+00	4.559721e-01
5.685126e+02	-9.098668e-01	-2.388613e+00	6.622005e-01
4.767164e+02	-7.936863e-01	-2.451321e+00	8.398936e-01
4.255726e+02	-6.649625e-01	-2.509649e+00	1.021043e+00
3.908412e+02	-6.101490e-01	-2.497058e+00	1.221660e+00
3.619541e+02	-6.034566e-01	-2.460078e+00	1.408616e+00
3.439738e+02	-6.243547e-01	-2.412043e+00	1.593601e+00
3.384636e+02	-5.972417e-01	-2.385363e+00	1.729074e+00
3.385795e+02	-5.989185e-01	-2.350959e+00	1.860004e+00
3.489391e+02	-6.232020e-01	-2.312503e+00	1.979543e+00
3.595234e+02	-6.308665e-01	-2.284100e+00	2.067299e+00
3.858571e+02	-6.635372e-01	-2.253600e+00	2.140398e+00
3.862975e+02	-6.555650e-01	-2.238644e+00	2.173379e+00
3.699285e+02	-6.288859e-01	-2.241913e+00	2.158430e+00
3.513949e+02	-5.852372e-01	-2.253624e+00	2.124091e+00
3.479095e+02	-5.798077e-01	-2.255968e+00	2.093569e+00
3.487863e+02	-5.889984e-01	-2.247251e+00	2.080627e+00
3.464689e+02	-5.888138e-01	-2.246698e+00	2.050580e+00
3.515152e+02	-6.155614e-01	-2.237718e+00	2.025835e+00
3.545205e+02	-6.322971e-01	-2.233431e+00	1.991987e+00
3.546537e+02	-6.408088e-01	-2.228789e+00	1.954305e+00
3.493678e+02	-6.340023e-01	-2.224120e+00	1.920195e+00
3.583327e+02	-6.595569e-01	-2.206690e+00	1.896481e+00
3.620626e+02	-6.742697e-01	-2.197713e+00	1.853832e+00
3.586020e+02	-6.778368e-01	-2.200988e+00	1.792229e+00
3.551187e+02	-6.815837e-01	-2.210097e+00	1.718095e+00
3.373124e+02	-6.374890e-01	-2.236906e+00	1.630645e+00
3.375350e+02	-6.416676e-01	-2.225895e+00	1.592006e+00
3.397132e+02	-6.532352e-01	-2.214290e+00	1.552051e+00
3.419517e+02	-6.633171e-01	-2.201536e+00	1.513714e+00
3.518902e+02	-6.939499e-01	-2.176579e+00	1.483204e+00
3.721063e+02	-7.346571e-01	-2.139505e+00	1.469289e+00
3.726954e+02	-7.372091e-01	-2.120100e+00	1.441019e+00
3.675205e+02	-7.296453e-01	-2.090335e+00	1.427654e+00
3.700826e+02	-7.351359e-01	-2.057069e+00	1.410016e+00
3.735722e+02	-7.422581e-01	-2.028435e+00	1.384049e+00
3.649081e+02	-7.309026e-01	-2.011538e+00	1.350321e+00
3.550074e+02	-7.151966e-01	-2.011043e+00	1.295436e+00
3.663147e+02	-7.374196e-01	-1.971222e+00	1.285064e+00
3.603458e+02	-7.302571e-01	-1.939133e+00	1.264260e+00
3.476737e+02	-7.108579e-01	-1.912161e+00	1.241932e+00
3.327770e+02	-6.854981e-01	-1.866127e+00	1.239298e+00
3.162711e+02	-6.444577e-01	-1.837844e+00	1.220217e+00
3.114309e+02	-6.413342e-01	-1.785928e+00	1.220722e+00
3.067060e+02	-6.349480e-01	-1.749137e+00	1.202682e+00
3.022261e+02	-6.251053e-01	-1.726353e+00	1.169641e+00
2.984283e+02	-6.244362e-01	-1.686762e+00	1.155794e+00
2.919142e+02	-6.054830e-01	-1.652630e+00	1.122150e+00
2.890440e+02	-6.238090e-01	-1.594248e+00	1.111034e+00
2.875844e+02	-6.412188e-01	-1.537044e+00	1.090911e+00
2.773636e+02	-6.246834e-01	-1.487799e+00	1.053530e+00
2.701794e+02	-6.218798e-01	-1.433892e+00	1.020787e+00
2.704967e+02	-6.518505e-01	-1.367614e+00	9.972351e-01
2.777336e+02	-6.883544e-01	-1.302242e+00	9.696935e-01
2.994607e+02	-7.389798e-01	-1.245609e+00	9.306971e-01
2.993839e+02	-7.597895e-01	-1.170495e+00	8.706894e-01
2.725576e+02	-7.517866e-01	-1.112840e+00	7.859830e-01
2.471434e+02	-7.450036e-01	-1.090298e+00	6.841346e-01
2.266975e+02	-7.434356e-01	-1.065330e+00	5.912427e-01
1.998236e+02	-7.344829e-01	-1.013481e+00	5.025243e-01
1.649198e+02	-7.101642e-01	-9.517137e-01	3.877586e-01
1.418522e+02	-7.137827e-01	-8.855564e-01	2.894329e-01
1.167844e+02	-6.961803e-01	-7.879980e-01	1.730443e-01
1.054690e+02	-6.734300e-01	-7.334888e-01	4.812475e-02
9.848010e+01	-6.692809e-01	-7.008823e-01	-6.886672e-02
8.782298e+01	-6.874235e-01	-6.789898e-01	-1.658442e-01
7.908182e+01	-7.012144e-01	-6.730672e-01	-2.579666e-01
6.889047e+01	-7.223205e-01	-6.695927e-01	-3.460907e-01
4.817849e+01	-7.622737e-01	-7.070267e-01	-4.418704e-01
3.346827e+01	-7.934923e-01	-7.637106e-01	-5.451568e-01
2.526466e+01	-8.253324e-01	-8.034223e-01	-6.369602e-01
1.946466e+01	-8.665305e-01	-8.289446e-01	-7.194401e-01
1.397878e+01	-9.125160e-01	-8.288286e-01	-7.942147e-01
1.047217e+01	-9.535923e-01	-8.199572e-01	-8.714942e-01
8.458934e+00	-9.888369e-01	-7.984153e-01	-9.468321e-01
9.663259e+00	-1.018385e+00	-7.785918e-01	-1.015239e+00
1.446883e+01	-1.047239e+00	-7.449025e-01	-1.069075e+00
1.762663e+01	-1.066374e+00	-7.416752e-01	-1.102322e+00
2.092014e+01	-1.083381e+00	-7.395444e-01	-1.132865e+00
1.966447e+01	-1.089020e+00	-7.644918e-01	-1.140160e+00
2.025311e+01	-1.094050e+00	-7.865828e-01	-1.146502e+00
2.113184e+01	-1.103774e+00	-7.913894e-01	-1.125126e+00
2.071110e+01	-1.099336e+00	-8.007166e-01	-1.106219e+00
1.906540e+01	-1.077949e+00	-8.175636e-01	-1.089213e+00
1.430345e+01	-1.052701e+00	-8.005765e-01	-1.080785e+00
1.221624e+01	-1.017670e+00	-7.674113e-01	-1.072103e+00
1.183465e+01	-9.851027e-01	-7.698292e-01	-1.050700e+00
1.111536e+01	-9.620583e-01	-7.670490e-01	-1.007335e+00
1.137749e+01	-9.438523e-01	-7.574430e-01	-9.672983e-01
9.369628e+00	-9.380906e-01	-7.750528e-01	-9.245466e-01
8.344638e+00	-9.404343e-01	-7.891964e-01	-8.751964e-01
8.003356e+00	-9.460034e-01	-7.818263e-01	-8.273060e-01
8.714533e+00	-9.504345e-01	-7.799313e-01	-7.906787e-01
1.035001e+01	-9.549596e-01	-7.879089e-01	-7.639079e-01
1.292358e+01	-9.595685e-01	-8.006910e-01	-7.440790e-01
1.054315e+01	-9.597096e-01	-7.807137e-01	-7.551666e-01
9.188808e+00	-9.544101e-01	-7.418007e-01	-7.801804e-01
1.063476e+01	-9.506903e-01	-7.203541e-01	-7.990469e-01
9.102083e+00	-9.535744e-01	-7.336299e-01	-8.242574e-01
8.116837e+00	-9.567431e-01	-7.454409e-01	-8.430081e-01
7.370914e+00	-9.584095e-01	-7.630528e-01	-8.676839e-01
7.310539e+00	-9.642755e-01	-7.800768e-01	-8.897226e-01
8.172769e+00	-9.682240e-01	-7.987302e-01	-9.133118e-01
7.858204e+00	-9.747414e-01	-7.933436e-01	-9.213491e-01
7.588665e+00	-9.797965e-01	-7.851656e-01	-9.312461e-01
7.598640e+00	-9.851582e-01	-7.814046e-01	-9.397836e-01
7.636253e+00	-9.903393e-01	-7.757296e-01	-9.453496e-01
8.047719e+00	-9.851610e-01	-7.555961e-01	-9.413810e-01
9.087840e+00	-9.795596e-01	-7.435074e-01	-9.444257e-01
1.151013e+01	-9.649662e-01	-7.270249e-01	-9.406283e-01
1.185818e+01	-9.585381e-01	-7.286937e-01	-9.434082e-01
8.032575e+00	-9.653403e-01	-7.676496e-01	-9.386103e-01
1.125113e+01	-9.766550e-01	-8.262859e-01	-9.115940e-01
1.196115e+01	-9.889953e-01	-8.230297e-01	-8.810822e-01
9.255373e+00	-9.836445e-01	-7.985794e-01	-8.558836e-01
8.111184e+00	-9.805365e-01	-7.779481e-01	-8.416880e-01
7.747835e+00	-9.732817e-01	-7.505047e-01	-8.508061e-01
8.923504e+00	-9.543526e-01	-7.367915e-01	-8.613251e-01
8.133339e+00	-9.480761e-01	-7.549887e-01	-8.755439e-01
7.695629e+00	-9.496975e-01	-7.641251e-01	-8.741505e-01
7.563699e+00	-9.532402e-01	-7.821656e-01	-8.696861e-01
8.292851e+00	-9.524333e-01	-7.971788e-01	-8.907604e-01
9.719206e+00	-9.603573e-01	-8.154355e-01	-9.058798e-01
8.892955e+00	-9.798210e-01	-8.053447e-01	-8.978841e-01
9.084311e+00	-1.008208e+00	-7.700155e-01	-8.690426e-01
9.766824e+00	-1.013184e+00	-7.442911e-01	-8.713763e-01
9.488343e+00	-9.822957e-01	-7.280632e-01	-8.843153e-01
1.261235e+01	-9.557374e-01	-7.143524e-01	-9.030283e-01
9.117014e+00	-9.518716e-01	-7.480534e-01	-9.120421e-01
8.567094e+00	-9.477103e-01	-7.796251e-01	-9.259360e-01
1.046782e+01	-9.433463e-01	-8.097108e-01	-9.431377e-01
8.490611e+00	-9.680206e-01	-8.029683e-01	-9.150694e-01
7.907850e+00	-9.860546e-01	-7.910979e-01	-9.062219e-01
7.775104e+00	-9.959112e-01	-7.788800e-01	-9.043088e-01
7.346250e+00	-9.842267e-01	-7.704596e-01	-9.231565e-01
8.280623e+00	-9.844196e-01	-7.452489e-01	-9.173906e-01
7.568275e+00	-9.776061e-01	-7.569350e-01	-9.122441e-01
7.191612e+00	-9.751468e-01	-7.707463e-01	-8.782250e-01
7.899437e+00	-9.720391e-01	-7.868989e-01	-8.547363e-01
7.723432e+00	-9.598104e-01	-7.894640e-01	-8.704382e-01
8.672968e+00	-9.431633e-01	-7.962616e-01	-8.932024e-01
9.411585e+00	-9.428061e-01	-8.044096e-01	-9.099157e-01
1.085391e+01	-9.417718e-01	-8.158036e-01	-9.336640e-01
7.273211e+00	-9.666437e-01	-7.701287e-01	-9.010259e-01
9.580841e+00	-9.907655e-01	-7.287131e-01	-8.646885e-01
1.085593e+01	-9.958668e-01	-7.191908e-01	-8.597713e-01
1.032159e+01	-1.011648e+00	-7.491077e-01	-8.419591e-01
1.257244e+01	-1.021880e+00	-7.716294e-01	-8.288363e-01
1.145796e+01	-9.732698e-01	-8.169795e-01	-8.356130e-01
1.356569e+01	-9.017220e-01	-7.932585e-01	-9.110814e-01
2.048390e+01	-8.831416e-01	-7.851070e-01	-9.677094e-01
2.350423e+01	-8.930167e-01	-7.327308e-01	-9.739981e-01
1.906923e+01	-9.579343e-01	-6.967935e-01	-9.670652e-01
2.606231e+02	-1.537778e+00	-8.903704e-01	-1.454600e+00
3.865444e+02	-1.697278e+00	-7.308704e-01	-1.295100e+00
3.146202e+02	-1.543943e+00	-5.368200e-01	-1.290177e+00
3.342247e+02	-1.417983e+00	-4.213868e-01	-1.186634e+00
2.193523e+02	-1.235620e+00	-4.293219e-01	-1.003431e+00
1.138309e+02	-1.097812e+00	-4.949096e-01	-8.361611e-01
5.037843e+01	-9.725929e-01	-5.771304e-01	-6.636829e-01
3.175845e+01	-8.452858e-01	-6.722267e-01	-5.384541e-01
5.457282e+01	-7.319444e-01	-7.752891e-01	-4.420545e-01
7.193210e+01	-7.012834e-01	-8.524768e-01	-3.802781e-01
7.883784e+01	-7.063569e-01	-8.958173e-01	-3.178135e-01
8.263735e+01	-7.281653e-01	-9.241758e-01	-2.601616e-01
8.334925e+01	-7.339557e-01	-9.276191e-01	-2.480913e-01
7.983784e+01	-7.294177e-01	-9.075170e-01	-2.463475e-01
7.518401e+01	-7.468928e-01	-8.967592e-01	-2.440903e-01
5.706125e+01	-8.095484e-01	-8.345252e-01	-2.778152e-01
4.073891e+01	-8.482708e-01	-7.543593e-01	-3.545239e-01
3.875440e+01	-9.179155e-01	-6.999208e-01	-4.200256e-01
4.706311e+01	-9.783712e-01	-6.466939e-01	-4.834752e-01
4.446449e+01	-1.005162e+00	-6.282430e-01	-5.821860e-01
2.676944e+01	-9.857424e-01	-6.507196e-01	-7.030176e-01
1.279574e+01	-9.464264e-01	-7.052669e-01	-8.142856e-01
1.009644e+01	-9.267127e-01	-7.654218e-01	-9.019321e-01
1.600307e+01	-9.131905e-01	-8.169473e-01	-9.803377e-01
2.102494e+01	-9.229047e-01	-8.557680e-01	-1.015261e+00
1.750876e+01	-9.469560e-01	-8.449715e-01	-1.031297e+00
1.547875e+01	-9.697363e-01	-8.373745e-01	-1.045491e+00
1.082686e+01	-1.000970e+00	-8.050514e-01	-1.032528e+00
1.178007e+01	-1.044283e+00	-7.452888e-01	-9.808415e-01
1.744948e+01	-1.053679e+00	-7.050904e-01	-9.226222e-01
1.231311e+01	-1.017988e+00	-7.177158e-01	-8.765567e-01
9.479321e+00	-9.921391e-01	-7.386883e-01	-8.285862e-01
8.064763e+00	-9.565379e-01	-7.664502e-01	-8.044972e-01
8.876934e+00	-9.401462e-01	-7.750369e-01	-7.784914e-01
9.801321e+00	-9.133309e-01	-7.726495e-01	-7.961469e-01
8.670469e+00	-9.369209e-01	-7.853441e-01	-8.066963e-01
8.011634e+00	-9.605988e-01	-7.851627e-01	-8.324766e-01
7.979159e+00	-9.841829e-01	-7.549473e-01	-8.466293e-01
9.304882e+00	-9.935785e-01	-7.319020e-01	-8.862834e-01
1.056690e+01	-1.021283e+00	-7.342174e-01	-9.092014e-01
1.048614e+01	-1.022898e+00	-7.956983e-01	-9.278942e-01
1.399893e+01	-9.829805e-01	-8.416480e-01	-9.791840e-01
2.205618e+01	-9.177023e-01	-8.631171e-01	-9.962028e-01
1.061830e+01	-9.365016e-01	-8.067485e-01	-9.358832e-01
9.181677e+00	-9.876611e-01	-7.329874e-01	-8.531993e-01
1.933840e+01	-1.022369e+00	-6.922422e-01	-7.809110e-01
1.427119e+01	-1.010764e+00	-7.202473e-01	-7.852079e-01
7.946312e+00	-9.445324e-01	-7.665999e-01	-8.152550e-01
1.321325e+01	-8.946846e-01	-8.015872e-01	-8.553414e-01
1.820085e+01	-9.009822e-01	-8.502245e-01	-8.825960e-01
2.422660e+01	-9.155811e-01	-8.825039e-01	-9.181350e-01
1.248758e+01	-9.897815e-01	-8.209098e-01	-8.573818e-01
1.476477e+01	-1.042582e+00	-7.466153e-01	-8.421944e-01
2.555521e+01	-1.066440e+00	-6.818555e-01	-8.475291e-01
4.032546e+01	-1.052173e+00	-6.197699e-01	-8.528838e-01
3.106671e+01	-1.052770e+00	-6.482618e-01	-8.528161e-01
1.126351e+01	-9.926757e-01	-7.178996e-01	-8.289889e-01
9.293288e+00	-9.256176e-01	-7.919790e-01	-8.226495e-01
1.905006e+01	-8.914104e-01	-8.512027e-01	-8.034711e-01
2.722939e+01	-9.033658e-01	-8.843156e-01	-7.544699e-01
2.307790e+01	-8.643963e-01	-8.545504e-01	-8.049826e-01
1.797000e+01	-8.630052e-01	-7.920342e-01	-8.311606e-01
1.729995e+01	-8.763771e-01	-7.428300e-01	-8.353443e-01
1.334037e+01	-9.350589e-01	-7.086989e-01	-8.398640e-01
1.345785e+01	-1.003448e+00	-7.064874e-01	-8.273308e-01
1.992368e+01	-1.062157e+00	-7.255082e-01	-8.339218e-01
1.479091e+01	-1.050674e+00	-7.615752e-01	-8.696591e-01
9.205224e+00	-1.023624e+00	-7.627772e-01	-9.356306e-01
9.709722e+00	-9.756260e-01	-7.677399e-01	-9.992882e-01
1.393498e+01	-9.477612e-01	-7.692749e-01	-1.029537e+00
1.697667e+01	-9.368550e-01	-7.753942e-01	-1.053473e+00
1.392452e+01	-9.511554e-01	-7.970230e-01	-1.044741e+00
1.238010e+01	-9.978899e-01	-8.295725e-01	-9.752472e-01
8.480509e+00	-1.005902e+00	-7.886222e-01	-9.461793e-01
7.704074e+00	-9.934401e-01	-7.575905e-01	-9.160930e-01
9.351587e+00	-9.737901e-01	-7.301358e-01	-8.885702e-01
9.203801e+00	-9.730887e-01	-7.295784e-01	-8.617128e-01
9.106860e+00	-9.909072e-01	-7.450420e-01	-8.280126e-01
9.662736e+00	-9.868017e-01	-7.687419e-01	-8.017936e-01
8.207074e+00	-9.679138e-01	-7.822921e-01	-8.256170e-01
8.141045e+00	-9.403091e-01	-7.852074e-01	-8.602586e-01
9.713234e+00	-9.289740e-01	-7.676168e-01	-9.002255e-01
7.662170e+00	-9.519266e-01	-7.767825e-01	-8.924634e-01
8.307868e+00	-9.955912e-01	-7.524230e-01	-8.637355e-01
8.298491e+00	-9.923328e-01	-7.554186e-01	-8.511130e-01
8.276823e+00	-9.894292e-01	-7.554024e-01	-8.447055e-01
7.994255e+00	-9.820466e-01	-7.474659e-01	-8.582088e-01
7.469778e+00	-9.578484e-01	-7.783235e-01	-8.953402e-01
1.063319e+01	-9.364051e-01	-8.094688e-01	-9.292108e-01
5.641355e+02	-1.154074e+00	-1.328889e+00	-1.050190e+00
5.251956e+02	-1.313574e+00	-1.169389e+00	-8.906899e-01
1.454566e+02	-1.194317e+00	-9.723416e-01	-9.712815e-01
1.276554e+01	-1.010777e+00	-7.475849e-01	-1.053985e+00
1.071272e+02	-8.627419e-01	-5.715898e-01	-1.094912e+00
1.421980e+02	-8.358578e-01	-5.157539e-01	-1.053708e+00
1.696606e+02	-8.091388e-01	-4.784041e-01	-1.017044e+00
1.951649e+02	-7.857793e-01	-4.458187e-01	-9.851581e-01
1.848301e+02	-7.562969e-01	-4.642614e-01	-9.304468e-01
1.571381e+02	-7.666367e-01	-4.858614e-01	-8.773550e-01
1.207343e+02	-7.772275e-01	-5.255208e-01	-8.177704e-01
4.315546e+01	-8.601283e-01	-6.184967e-01	-7.090882e-01
1.748791e+01	-9.200927e-01	-7.101793e-01	-6.301570e-01
2.589896e+01	-9.566642e-01	-7.872188e-01	-5.842068e-01
4.097265e+01	-9.625893e-01	-8.475783e-01	-5.688700e-01
6.117882e+01	-9.633955e-01	-9.064592e-01	-5.675941e-01
3.036831e+01	-8.963729e-01	-8.717603e-01	-6.372289e-01
2.845569e+01	-8.135280e-01	-8.113891e-01	-7.332675e-01
4.709795e+01	-7.748973e-01	-7.535687e-01	-8.128966e-01
4.817784e+01	-7.883722e-01	-7.219034e-01	-8.446810e-01
4.387413e+01	-8.234751e-01	-6.888887e-01	-8.723569e-01
3.946569e+01	-8.652239e-01	-6.597578e-01	-8.794288e-01
3.115959e+01	-9.169527e-01	-6.487677e-01	-8.675763e-01
1.880851e+01	-9.830138e-01	-6.726586e-01	-8.369581e-01
1.915471e+01	-1.047377e+00	-7.172642e-01	-8.078660e-01
2.035652e+01	-1.054267e+00	-7.750680e-01	-8.131313e-01
2.205532e+01	-1.031150e+00	-8.340411e-01	-8.428441e-01
1.008242e+01	-9.717025e-01	-8.186047e-01	-9.138033e-01
1.542546e+01	-9.134976e-01	-7.961886e-01	-9.849628e-01
2.383746e+01	-8.884211e-01	-7.944622e-01	-1.028046e+00
2.749823e+01	-8.885544e-01	-7.828119e-01	-1.062251e+00
1.693733e+01	-9.300746e-01	-7.628582e-01	-1.028677e+00
1.007179e+01	-9.762273e-01	-7.466161e-01	-9.758918e-01
9.653963e+00	-1.024659e+00	-7.629127e-01	-9.080977e-01
1.905491e+01	-1.062084e+00	-7.803661e-01	-8.573024e-01
1.316898e+01	-1.031591e+00	-7.706648e-01	-8.445156e-01
7.808611e+00	-9.767599e-01	-7.645219e-01	-8.357915e-01
8.733566e+00	-9.325590e-01	-7.542441e-01	-8.335315e-01
1.379298e+01	-8.925323e-01	-7.483593e-01	-8.343172e-01
1.516174e+01	-8.739345e-01	-7.773261e-01	-8.083319e-01
1.180990e+01	-9.192156e-01	-8.116407e-01	-7.805857e-01
1.306184e+01	-9.441730e-01	-8.205098e-01	-7.746790e-01
1.484716e+01	-9.893727e-01	-7.902547e-01	-7.469678e-01
1.050289e+01	-9.900567e-01	-7.613854e-01	-7.871263e-01
1.371893e+01	-9.668071e-01	-6.988203e-01	-8.630258e-01
1.162855e+01	-9.743962e-01	-7.120935e-01	-8.825652e-01
9.911311e+00	-9.420559e-01	-7.530730e-01	-9.229456e-01
1.243062e+01	-9.270180e-01	-8.174868e-01	-9.386442e-01
8.647534e+00	-9.544804e-01	-8.026280e-01	-9.008191e-01
7.486953e+00	-9.804186e-01	-7.780544e-01	-8.725898e-01
9.199702e+00	-1.003379e+00	-7.561358e-01	-8.477048e-01
1.208234e+01	-1.017523e+00	-7.271856e-01	-8.426544e-01
1.192269e+01	-9.764309e-01	-7.081941e-01	-8.576471e-01
8.900389e+00	-9.353742e-01	-7.476443e-01	-8.344012e-01
1.123904e+01	-9.069702e-01	-8.001307e-01	-8.099357e-01
1.751496e+01	-8.803108e-01	-8.332641e-01	-8.052709e-01
1.720462e+01	-9.108797e-01	-8.472987e-01	-7.904149e-01
1.721410e+01	-8.702454e-01	-7.842598e-01	-8.552590e-01
3.356444e+01	-8.423545e-01	-7.199493e-01	-9.023685e-01
4.867865e+01	-8.775208e-01	-6.355478e-01	-9.246716e-01
2.854597e+01	-9.531625e-01	-6.475374e-01	-8.885759e-01
2.012465e+01	-1.043851e+00	-6.957860e-01	-8.234391e-01
3.220512e+01	-1.094822e+00	-7.646153e-01	-8.040923e-01
2.787953e+01	-1.071470e+00	-8.085108e-01	-8.308384e-01
1.053676e+01	-1.004679e+00	-8.083521e-01	-9.058962e-01
1.079338e+01	-9.470693e-01	-8.062489e-01	-9.697226e-01
1.545105e+01	-9.186218e-01	-7.809415e-01	-9.963834e-01
1.707313e+01	-9.181900e-01	-7.642482e-01	-1.005272e+00
1.186873e+01	-9.413296e-01	-7.704305e-01	-9.853347e-01
8.426606e+00	-9.694582e-01	-7.949570e-01	-9.515481e-01
8.911526e+00	-1.009957e+00	-7.849762e-01	-9.073331e-01
1.241057e+01	-1.039155e+00	-7.627993e-01	-8.789395e-01
1.291268e+01	-1.037418e+00	-7.298068e-01	-8.889151e-01
8.094474e+00	-9.903943e-01	-7.480017e-01	-9.140907e-01
8.791949e+00	-9.499399e-01	-7.847097e-01	-9.386515e-01
1.383998e+01	-9.166621e-01	-8.109375e-01	-9.547383e-01
9.030625e+00	-9.396119e-01	-7.817798e-01	-9.193049e-01
1.029417e+01	-9.864468e-01	-7.209845e-01	-8.643824e-01
1.750686e+01	-1.036427e+00	-7.119077e-01	-8.102677e-01
1.299025e+01	-1.014523e+00	-7.340154e-01	-8.019193e-01
8.832364e+00	-9.864787e-01	-7.786583e-01	-8.312349e-01
1.279988e+01	-9.449501e-01	-8.354301e-01	-8.736737e-01
2.117037e+01	-8.779377e-01	-8.173733e-01	-9.532913e-01
3.864685e+01	-8.313063e-01	-8.201238e-01	-1.004730e+00
2.671864e+01	-8.625980e-01	-7.575772e-01	-9.566054e-01
8.876155e+00	-9.312084e-01	-7.713735e-01	-8.788235e-01
1.108814e+01	-9.993663e-01	-7.780118e-01	-8.073805e-01
1.914520e+01	-1.026292e+00	-7.813573e-01	-7.631274e-01
1.611955e+01	-1.023967e+00	-7.652566e-01	-7.781173e-01
7.877394e+02	-5.785185e-01	-1.986667e+00	-8.479847e-01
6.890618e+02	-7.665185e-01	-1.798667e+00	-6.599847e-01
6.326510e+02	-9.241055e-01	-1.627211e+00	-4.791759e-01
3.189070e+02	-7.684181e-01	-1.384082e+00	-3.865675e-01
1.736796e+02	-6.435188e-01	-1.141940e+00	-2.681644e-01
1.631957e+02	-5.591529e-01	-9.508492e-01	-1.929502e-01
1.878889e+02	-5.167148e-01	-7.649544e-01	-1.146786e-01
1.975157e+02	-5.257556e-01	-6.108075e-01	-4.547933e-02
2.098410e+02	-5.461983e-01	-4.841745e-01	2.577212e-02
2.032113e+02	-5.997783e-01	-3.970155e-01	8.829048e-02
2.124287e+02	-6.434781e-01	-3.227687e-01	1.371615e-01
2.270517e+02	-6.713168e-01	-2.695869e-01	1.540179e-01
2.224982e+02	-7.188172e-01	-2.685051e-01	1.946098e-01
2.154247e+02	-7.517846e-01	-2.893675e-01	2.114297e-01
2.081423e+02	-7.847973e-01	-3.194825e-01	2.148964e-01
1.946898e+02	-8.042273e-01	-3.645697e-01	2.063011e-01
1.840577e+02	-8.297402e-01	-4.160442e-01	1.977497e-01
1.753358e+02	-8.478648e-01	-4.577250e-01	1.797282e-01
1.595911e+02	-8.581447e-01	-5.090023e-01	1.448482e-01
1.510797e+02	-8.766547e-01	-5.631098e-01	1.169995e-01
1.237555e+02	-8.739415e-01	-6.229857e-01	4.119439e-02
1.042581e+02	-8.723573e-01	-6.746253e-01	-2.461556e-02
7.674032e+01	-8.524671e-01	-7.135245e-01	-1.251834e-01
5.819645e+01	-8.331940e-01	-7.512192e-01	-2.209469e-01
4.775789e+01	-8.193944e-01	-7.901940e-01	-3.114820e-01
4.357923e+01	-8.087463e-01	-8.249976e-01	-3.909629e-01
4.272957e+01	-8.074503e-01	-8.570801e-01	-4.644520e-01
4.394725e+01	-8.079944e-01	-8.830991e-01	-5.288941e-01
4.169697e+01	-8.072759e-01	-8.864855e-01	-6.034559e-01
3.868136e+01	-8.124981e-01	-8.836789e-01	-6.663653e-01
3.584758e+01	-8.150241e-01	-8.740359e-01	-7.287085e-01
3.428831e+01	-8.198115e-01	-8.680093e-01	-7.842615e-01
2.958112e+01	-8.329503e-01	-8.509052e-01	-8.324571e-01
2.536416e+01	-8.486436e-01	-8.349110e-01	-8.748284e-01
2.063593e+01	-8.692697e-01	-8.173990e-01	-9.081492e-01
1.696341e+01	-8.909321e-01	-8.042856e-01	-9.369937e-01
1.396453e+01	-9.126922e-01	-7.853949e-01	-9.574889e-01
1.198825e+01	-9.352719e-01	-7.709993e-01	-9.743847e-01
1.101643e+01	-9.563198e-01	-7.582222e-01	-9.858285e-01
1.044097e+01	-9.774355e-01	-7.504560e-01	-9.930094e-01
1.045481e+01	-9.969812e-01	-7.434755e-01	-9.941679e-01
1.068144e+01	-1.013424e+00	-7.408250e-01	-9.926008e-01
1.141789e+01	-1.027782e+00	-7.379825e-01	-9.914460e-01
1.196990e+01	-1.038643e+00	-7.383671e-01	-9.879176e-01
1.264603e+01	-1.049057e+00	-7.402926e-01	-9.837580e-01
1.338505e+01	-1.056680e+00	-7.412277e-01	-9.814467e-01
1.308529e+01	-1.057387e+00	-7.469747e-01	-9.780629e-01
1.290576e+01	-1.058095e+00	-7.530761e-01	-9.736466e-01
1.283456e+01	-1.058163e+00	-7.564368e-01	-9.704577e-01
1.249136e+01	-1.055227e+00	-7.552012e-01	-9.692282e-01
1.177248e+01	-1.049393e+00	-7.557047e-01	-9.667185e-01
1.086412e+01	-1.041619e+00	-7.577178e-01	-9.641842e-01
1.011974e+01	-1.034520e+00	-7.600672e-01	-9.624959e-01
9.320055e+00	-1.024931e+00	-7.612524e-01	-9.614052e-01
8.743142e+00	-1.016286e+00	-7.625413e-01	-9.595973e-01
8.350581e+00	-1.008367e+00	-7.620905e-01	-9.552662e-01
8.013581e+00	-9.997184e-01	-7.636685e-01	-9.523832e-01
7.790732e+00	-9.912005e-01	-7.642354e-01	-9.465808e-01
7.645650e+00	-9.829599e-01	-7.666351e-01	-9.412439e-01
7.572261e+00	-9.758731e-01	-7.695976e-01	-9.351752e-01
7.582680e+00	-9.696191e-01	-7.723834e-01	-9.296919e-01
7.602461e+00	-9.650286e-01	-7.768190e-01	-9.239000e-01
7.669494e+00	-9.610916e-01	-7.801605e-01	-9.183437e-01
7.757600e+00	-9.577503e-01	-7.836628e-01	-9.121280e-01
7.728345e+00	-9.556378e-01	-7.833687e-01	-9.041469e-01
7.700597e+00	-9.543118e-01	-7.834910e-01	-8.968243e-01
7.660910e+00	-9.538408e-01	-7.837426e-01	-8.896489e-01
7.642340e+00	-9.533024e-01	-7.837227e-01	-8.838922e-01
7.515691e+00	-9.538451e-01	-7.804837e-01	-8.761466e-01
7.440474e+00	-9.545501e-01	-7.781437e-01	-8.690318e-01
7.354325e+00	-9.561951e-01	-7.735570e-01	-8.611037e-01
7.331783e+00	-9.579713e-01	-7.694066e-01	-8.546324e-01
7.355255e+00	-9.595026e-01	-7.660973e-01	-8.495077e-01
7.439258e+00	-9.615963e-01	-7.614362e-01	-8.438946e-01
7.551689e+00	-9.635810e-01	-7.581905e-01	-8.388360e-01
7.643469e+00	-9.658452e-01	-7.570338e-01	-8.347311e-01
7.702080e+00	-9.669659e-01	-7.560445e-01	-8.331554e-01
7.726925e+00	-9.683648e-01	-7.561769e-01	-8.326541e-01
7.818509e+00	-9.697330e-01	-7.535741e-01	-8.326230e-01
7.813401e+00	-9.691813e-01	-7.528477e-01	-8.337529e-01
7.716994e+00	-9.690686e-01	-7.550577e-01	-8.357480e-01
7.683530e+00	-9.701543e-01	-7.569871e-01	-8.361351e-01
7.597395e+00	-9.700356e-01	-7.588087e-01	-8.392503e-01
7.481135e+00	-9.690966e-01	-7.617383e-01	-8.433212e-01
7.385882e+00	-9.680709e-01	-7.650195e-01	-8.475958e-01
7.307172e+00	-9.668225e-01	-7.676648e-01	-8.530584e-01
7.275577e+00	-9.663852e-01	-7.696818e-01	-8.565405e-01
7.245238e+00	-9.658841e-01	-7.715152e-01	-8.613110e-01
7.234105e+00	-9.647730e-01	-7.734338e-01	-8.658797e-01
7.252814e+00	-9.634230e-01	-7.760235e-01	-8.709094e-01
7.303487e+00	-9.620568e-01	-7.787402e-01	-8.758208e-01
7.292355e+00	-9.618851e-01	-7.781406e-01	-8.782013e-01
7.277480e+00	-9.617146e-01	-7.769506e-01	-8.806929e-01
7.276390e+00	-9.615850e-01	-7.763460e-01	-8.828985e-01
7.243904e+00	-9.619298e-01	-7.716739e-01	-8.827622e-01
7.251373e+00	-9.624261e-01	-7.682268e-01	-8.826460e-01
7.240816e+00	-9.636201e-01	-7.670985e-01	-8.828039e-01
7.198678e+00	-9.654096e-01	-7.682143e-01	-8.823902e-01
7.183374e+00	-9.674832e-01	-7.669102e-01	-8.804144e-01
7.170521e+00	-9.693368e-01	-7.670148e-01	-8.792993e-01
7.170925e+00	-9.708570e-01	-7.667161e-01	-8.785684e-01
7.203214e+00	-9.740575e-01	-7.658009e-01	-8.751247e-01
7.234665e+00	-9.760388e-01	-7.664133e-01	-8.730807e-01
7.266688e+00	-9.774056e-01	-7.656240e-01	-8.723577e-01
7.264061e+00	-9.774551e-01	-7.656175e-01	-8.728250e-01
7.239822e+00	-9.764252e-01	-7.658737e-01	-8.736111e-01
7.213026e+00	-9.757319e-01	-7.671127e-01	-8.753377e-01
7.218296e+00	-9.759136e-01	-7.665716e-01	-8.752528e-01
7.202034e+00	-9.749245e-01	-7.663285e-01	-8.763500e-01
7.222919e+00	-9.750102e-01	-7.642433e-01	-8.762178e-01
7.231041e+00	-9.750365e-01	-7.635486e-01	-8.765245e-01
7.238303e+00	-9.752341e-01	-7.631042e-01	-8.768136e-01
7.212271e+00	-9.734397e-01	-7.637439e-01	-8.781188e-01
7.181797e+00	-9.709334e-01	-7.654881e-01	-8.800230e-01
7.171334e+00	-9.677739e-01	-7.682695e-01	-8.820075e-01
7.185031e+00	-9.662216e-01	-7.686187e-01	-8.823060e-01
7.188517e+00	-9.654228e-01	-7.698562e-01	-8.823251e-01
7.196885e+00	-9.656149e-01	-7.676050e-01	-8.805562e-01
7.197066e+00	-9.663255e-01	-7.664444e-01	-8.782949e-01
7.176393e+00	-9.676488e-01	-7.674924e-01	-8.767664e-01
7.170189e+00	-9.674604e-01	-7.692021e-01	-8.758620e-01
7.176378e+00	-9.664125e-01	-7.714598e-01	-8.761571e-01
7.191375e+00	-9.651991e-01	-7.729793e-01	-8.772885e-01
7.186362e+00	-9.652245e-01	-7.716470e-01	-8.758263e-01
7.185419e+00	-9.657660e-01	-7.719789e-01	-8.745355e-01
7.192389e+00	-9.660493e-01	-7.730498e-01	-8.737547e-01
7.180465e+00	-9.669797e-01	-7.705190e-01	-8.722575e-01
7.182541e+00	-9.682084e-01	-7.690380e-01	-8.708285e-01
7.186722e+00	-9.686603e-01	-7.685762e-01	-8.700153e-01
7.187518e+00	-9.687457e-01	-7.700357e-01	-8.699910e-01
7.192375e+00	-9.687419e-01	-7.718135e-01	-8.706575e-01
7.196183e+00	-9.680631e-01	-7.731990e-01	-8.720073e-01
7.181558e+00	-9.683865e-01	-7.708196e-01	-8.716804e-01
7.185453e+00	-9.693102e-01	-7.699959e-01	-8.706389e-01
7.182842e+00	-9.693252e-01	-7.685608e-01	-8.710870e-01
7.205120e+00	-9.693358e-01	-7.651774e-01	-8.707384e-01
7.232181e+00	-9.691588e-01	-7.630457e-01	-8.715320e-01
7.323671e+00	-9.701686e-01	-7.588798e-01	-8.710993e-01
7.410312e+00	-9.708976e-01	-7.560367e-01	-8.718813e-01
7.450813e+00	-9.698161e-01	-7.550123e-01	-8.718584e-01
7.381980e+00	-9.696668e-01	-7.569555e-01	-8.722159e-01
7.331359e+00	-9.704854e-01	-7.586810e-01	-8.699529e-01
7.257068e+00	-9.707257e-01	-7.620937e-01	-8.691815e-01
7.207947e+00	-9.707843e-01	-7.659104e-01	-8.693971e-01
7.199328e+00	-9.708166e-01	-7.701048e-01	-8.695623e-01
7.262741e+00	-9.716063e-01	-7.751020e-01	-8.692958e-01
7.342745e+00	-9.733803e-01	-7.767251e-01	-8.672595e-01
7.358210e+00	-9.742412e-01	-7.766194e-01	-8.670995e-01
7.307097e+00	-9.728221e-01	-7.766104e-01	-8.695484e-01
7.194357e+00	-9.694970e-01	-7.740682e-01	-8.749735e-01
7.175191e+00	-9.665277e-01	-7.722979e-01	-8.802183e-01
7.218480e+00	-9.637291e-01	-7.715710e-01	-8.850439e-01
7.246788e+00	-9.632038e-01	-7.690717e-01	-8.865133e-01
1.299120e+03	-2.113333e+00	-2.325926e-01	-1.656806e+00
1.379506e+03	-1.925333e+00	-4.459259e-02	-1.844806e+00
9.008798e+02	-1.732254e+00	-2.210439e-01	-2.036336e+00
6.240281e+02	-1.539897e+00	-3.493710e-01	-2.193490e+00
4.262196e+02	-1.352131e+00	-5.147625e-01	-2.357747e+00
3.624652e+02	-1.226554e+00	-6.274939e-01	-2.465525e+00
3.211354e+02	-1.112981e+00	-7.675219e-01	-2.510249e+00
3.271691e+02	-1.031208e+00	-8.293615e-01	-2.526236e+00
3.452148e+02	-9.576131e-01	-8.850158e-01	-2.540623e+00
3.538215e+02	-9.127125e-01	-9.084650e-01	-2.522151e+00
3.636429e+02	-8.726753e-01	-9.315883e-01	-2.503538e+00
3.643432e+02	-8.560879e-01	-9.331465e-01	-2.482913e+00
3.426929e+02	-8.797916e-01	-9.142963e-01	-2.439592e+00
3.253801e+02	-8.993049e-01	-8.982852e-01	-2.403499e+00
2.883980e+02	-9.634386e-01	-8.423466e-01	-2.336336e+00
2.627907e+02	-1.021522e+00	-7.937752e-01	-2.273719e+00
2.412127e+02	-1.076065e+00	-7.606761e-01	-2.208305e+00
2.207718e+02	-1.124469e+00	-7.441269e-01	-2.142506e+00
1.949097e+02	-1.186595e+00	-7.437997e-01	-2.063605e+00
1.775523e+02	-1.225562e+00	-7.363996e-01	-1.987563e+00
1.614352e+02	-1.249858e+00	-7.389837e-01	-1.919771e+00
1.490717e+02	-1.274905e+00	-7.355901e-01	-1.849802e+00
1.372901e+02	-1.303309e+00	-7.421475e-01	-1.779308e+00
1.302373e+02	-1.328876e+00	-7.480274e-01	-1.715829e+00
1.115227e+02	-1.313434e+00	-7.790725e-01	-1.649417e+00
9.395937e+01	-1.278103e+00	-8.081265e-01	-1.591482e+00
8.094596e+01	-1.244423e+00	-8.358352e-01	-1.529564e+00
7.357344e+01	-1.217973e+00	-8.618903e-01	-1.465712e+00
6.944514e+01	-1.191542e+00	-8.849554e-01	-1.404883e+00
6.894282e+01	-1.171399e+00	-9.054751e-01	-1.341145e+00
7.029264e+01	-1.153741e+00	-9.223640e-01	-1.281680e+00
6.639661e+01	-1.130000e+00	-9.286207e-01	-1.229252e+00
5.644907e+01	-1.095793e+00	-9.258226e-01	-1.184170e+00
4.392544e+01	-1.054778e+00	-9.155305e-01	-1.144008e+00
3.202628e+01	-1.017487e+00	-8.965081e-01	-1.107557e+00
2.339735e+01	-9.884650e-01	-8.745493e-01	-1.071632e+00
1.844557e+01	-9.607188e-01	-8.543004e-01	-1.039667e+00
1.540261e+01	-9.393213e-01	-8.318392e-01	-1.008758e+00
1.466471e+01	-9.200830e-01	-8.115830e-01	-9.808812e-01
1.470965e+01	-9.068484e-01	-7.900612e-01	-9.536517e-01
1.436408e+01	-9.020160e-01	-7.745129e-01	-9.259904e-01
1.411241e+01	-9.008150e-01	-7.589636e-01	-9.002947e-01
1.243560e+01	-9.099987e-01	-7.474389e-01	-8.739623e-01
1.116056e+01	-9.197717e-01	-7.392690e-01	-8.488739e-01
1.049499e+01	-9.285137e-01	-7.331585e-01	-8.263868e-01
1.024386e+01	-9.364091e-01	-7.289565e-01	-8.076264e-01
9.960869e+00	-9.464093e-01	-7.287355e-01	-7.910248e-01
1.014398e+01	-9.548866e-01	-7.288033e-01	-7.762009e-01
1.055567e+01	-9.610885e-01	-7.294413e-01	-7.636628e-01
1.092619e+01	-9.656380e-01	-7.315359e-01	-7.544063e-01
1.128513e+01	-9.685871e-01	-7.335370e-01	-7.470980e-01
1.150083e+01	-9.694662e-01	-7.352277e-01	-7.420051e-01
1.114502e+01	-9.665623e-01	-7.403708e-01	-7.412235e-01
1.088995e+01	-9.645862e-01	-7.449385e-01	-7.412421e-01
1.041145e+01	-9.592176e-01	-7.486536e-01	-7.436349e-01
9.760354e+00	-9.507773e-01	-7.535811e-01	-7.500236e-01
9.330430e+00	-9.423249e-01	-7.592560e-01	-7.574228e-01
9.157152e+00	-9.346127e-01	-7.648905e-01	-7.651931e-01
9.239288e+00	-9.250978e-01	-7.694022e-01	-7.761962e-01
9.464426e+00	-9.190303e-01	-7.741008e-01	-7.865233e-01
9.722768e+00	-9.150580e-01	-7.784111e-01	-7.960584e-01
1.009280e+01	-9.112154e-01	-7.827040e-01	-8.052576e-01
1.010418e+01	-9.116433e-01	-7.849407e-01	-8.134612e-01
9.754296e+00	-9.161793e-01	-7.865586e-01	-8.207281e-01
9.547127e+00	-9.195585e-01	-7.884800e-01	-8.288442e-01
9.291301e+00	-9.238881e-01	-7.902016e-01	-8.369500e-01
8.894188e+00	-9.298534e-01	-7.902657e-01	-8.443278e-01
8.453008e+00	-9.374568e-01	-7.899601e-01	-8.511080e-01
8.144314e+00	-9.442396e-01	-7.898125e-01	-8.574331e-01
7.836718e+00	-9.519321e-01	-7.884929e-01	-8.629951e-01
7.662953e+00	-9.586206e-01	-7.877390e-01	-8.686404e-01
7.533183e+00	-9.649863e-01	-7.863534e-01	-8.742535e-01
7.443651e+00	-9.687866e-01	-7.848535e-01	-8.802212e-01
7.374799e+00	-9.715688e-01	-7.834552e-01	-8.868622e-01
7.334557e+00	-9.746598e-01	-7.821053e-01	-8.923551e-01
7.298286e+00	-9.764964e-01	-7.806332e-01	-8.973948e-01
7.271467e+00	-9.769685e-01	-7.793944e-01	-9.025761e-01
7.256038e+00	-9.754864e-01	-7.781136e-01	-9.075496e-01
7.273437e+00	-9.742239e-01	-7.770011e-01	-9.122614e-01
7.297150e+00	-9.741683e-01	-7.763253e-01	-9.157829e-01
7.331894e+00	-9.739996e-01	-7.765205e-01	-9.189599e-01
7.382857e+00	-9.729578e-01	-7.770127e-01	-9.219382e-01
7.436256e+00	-9.721641e-01	-7.774211e-01	-9.248201e-01
7.484567e+00	-9.710880e-01	-7.778181e-01	-9.265350e-01
7.494326e+00	-9.717479e-01	-7.795121e-01	-9.270170e-01
7.511498e+00	-9.731385e-01	-7.817349e-01	-9.275222e-01
7.519108e+00	-9.740124e-01	-7.828187e-01	-9.273169e-01
7.512328e+00	-9.752788e-01	-7.834118e-01	-9.266715e-01
7.547904e+00	-9.759035e-01	-7.851953e-01	-9.258272e-01
7.601590e+00	-9.768059e-01	-7.871197e-01	-9.250958e-01
7.672543e+00	-9.757826e-01	-7.889832e-01	-9.246262e-01
7.728462e+00	-9.754304e-01	-7.903986e-01	-9.238540e-01
7.742158e+00	-9.756983e-01	-7.909184e-01	-9.224849e-01
7.711841e+00	-9.769667e-01	-7.904042e-01	-9.213713e-01
7.705219e+00	-9.761423e-01	-7.903502e-01	-9.208381e-01
7.710181e+00	-9.752962e-01	-7.904957e-01	-9.204965e-01
7.674440e+00	-9.747635e-01	-7.898736e-01	-9.191407e-01
7.647822e+00	-9.742518e-01	-7.893871e-01	-9.180827e-01
7.546056e+00	-9.753694e-01	-7.872046e-01	-9.161993e-01
7.478548e+00	-9.763211e-01	-7.854592e-01	-9.153585e-01
7.444080e+00	-9.747235e-01	-7.845652e-01	-9.142670e-01
7.407168e+00	-9.748052e-01	-7.836649e-01	-9.125521e-01
7.382428e+00	-9.730928e-01	-7.828759e-01	-9.110680e-01
7.366701e+00	-9.711484e-01	-7.820710e-01	-9.096152e-01
7.371256e+00	-9.691967e-01	-7.815177e-01	-9.089411e-01
7.402647e+00	-9.678460e-01	-7.819598e-01	-9.091472e-01
7.417781e+00	-9.669853e-01	-7.819781e-01	-9.091261e-01
7.429971e+00	-9.656318e-01	-7.814226e-01	-9.087660e-01
7.431536e+00	-9.649043e-01	-7.812983e-01	-9.074975e-01
5.329008e+02	-1.921481e+00	-6.711111e-01	-1.859011e+00
3.774106e+02	-1.742981e+00	-8.496111e-01	-2.037511e+00
4.417113e+02	-1.607143e+00	-1.049101e+00	-1.879054e+00
2.962044e+02	-1.393846e+00	-1.056204e+00	-1.752367e+00
1.742644e+02	-1.209791e+00	-1.030028e+00	-1.578319e+00
7.476254e+01	-1.061737e+00	-9.456279e-01	-1.408469e+00
4.495821e+01	-9.279395e-01	-8.669576e-01	-1.262509e+00
5.973564e+01	-8.131577e-01	-7.882938e-01	-1.114928e+00
8.882532e+01	-7.344269e-01	-7.119852e-01	-9.523851e-01
8.305576e+01	-7.196359e-01	-6.904624e-01	-7.898089e-01
7.801294e+01	-7.168506e-01	-6.648362e-01	-6.373865e-01
7.334043e+01	-7.265397e-01	-6.388209e-01	-5.010088e-01
6.868203e+01	-7.481524e-01	-6.200794e-01	-3.914134e-01
6.799697e+01	-7.694047e-01	-6.073411e-01	-3.139924e-01
7.166010e+01	-7.771970e-01	-5.989352e-01	-2.557885e-01
7.371924e+01	-7.852381e-01	-5.952033e-01	-2.235719e-01
7.199887e+01	-8.094432e-01	-6.051654e-01	-2.004383e-01
6.700146e+01	-8.209712e-01	-6.261049e-01	-2.101152e-01
6.227344e+01	-8.212593e-01	-6.361146e-01	-2.368532e-01
5.497011e+01	-8.208069e-01	-6.608879e-01	-2.716492e-01
4.788616e+01	-8.103436e-01	-6.791285e-01	-3.292782e-01
4.478372e+01	-7.931270e-01	-6.869379e-01	-3.953598e-01
3.951618e+01	-7.994601e-01	-6.961208e-01	-4.552275e-01
3.333320e+01	-8.116692e-01	-7.081099e-01	-5.187832e-01
2.852162e+01	-8.192730e-01	-7.240948e-01	-5.885809e-01
2.410216e+01	-8.318436e-01	-7.367732e-01	-6.513888e-01
2.078068e+01	-8.450072e-01	-7.450899e-01	-7.103107e-01
1.531433e+01	-8.709169e-01	-7.628500e-01	-7.631903e-01
1.073303e+01	-9.040417e-01	-7.781463e-01	-8.066345e-01
8.783632e+00	-9.315204e-01	-7.900074e-01	-8.484652e-01
8.241379e+00	-9.556550e-01	-7.979370e-01	-8.880746e-01
8.332355e+00	-9.860933e-01	-7.980443e-01	-9.136664e-01
9.738348e+00	-1.015982e+00	-7.962275e-01	-9.358544e-01
1.219069e+01	-1.043648e+00	-7.924558e-01	-9.524336e-01
1.312209e+01	-1.060356e+00	-7.730086e-01	-9.727366e-01
1.437008e+01	-1.070712e+00	-7.601295e-01	-9.932102e-01
1.338299e+01	-1.063630e+00	-7.595373e-01	-1.006717e+00
1.251344e+01	-1.052147e+00	-7.550396e-01	-1.023327e+00
1.081185e+01	-1.028928e+00	-7.612759e-01	-1.028404e+00
1.033727e+01	-1.008243e+00	-7.668410e-01	-1.032969e+00
9.010357e+00	-1.005841e+00	-7.779829e-01	-1.002636e+00
8.769040e+00	-1.007438e+00	-7.912124e-01	-9.672950e-01
8.828403e+00	-1.007613e+00	-7.908417e-01	-9.247627e-01
9.646876e+00	-1.007997e+00	-7.910427e-01	-8.858767e-01
9.760031e+00	-1.005037e+00	-7.856528e-01	-8.612925e-01
9.548314e+00	-1.000278e+00	-7.796255e-01	-8.445327e-01
8.546019e+00	-9.891482e-01	-7.740285e-01	-8.396898e-01
7.840939e+00	-9.778014e-01	-7.713257e-01	-8.395543e-01
7.502186e+00	-9.606976e-01	-7.573497e-01	-8.487206e-01
8.489692e+00	-9.464736e-01	-7.463272e-01	-8.552224e-01
9.858139e+00	-9.336084e-01	-7.412979e-01	-8.610938e-01
8.273601e+00	-9.431198e-01	-7.529467e-01	-8.538005e-01
7.557011e+00	-9.572768e-01	-7.579794e-01	-8.436317e-01
7.490344e+00	-9.680420e-01	-7.654409e-01	-8.401773e-01
8.062011e+00	-9.803092e-01	-7.770057e-01	-8.417627e-01
8.565881e+00	-9.927169e-01	-7.749988e-01	-8.483111e-01
7.736098e+00	-9.889577e-01	-7.701644e-01	-8.678421e-01
7.240316e+00	-9.792194e-01	-7.653654e-01	-8.821483e-01
7.280339e+00	-9.704615e-01	-7.629836e-01	-8.954461e-01
7.751423e+00	-9.617501e-01	-7.632148e-01	-9.135471e-01
7.343123e+00	-9.706414e-01	-7.790148e-01	-9.132531e-01
7.968042e+00	-9.849750e-01	-7.927665e-01	-9.074327e-01
8.251858e+00	-9.907957e-01	-7.950802e-01	-9.194525e-01
8.303953e+00	-9.915641e-01	-7.957215e-01	-9.246795e-01
7.859984e+00	-1.000929e+00	-7.742209e-01	-9.112974e-01
7.654556e+00	-9.945761e-01	-7.603904e-01	-9.007637e-01
7.615542e+00	-9.887135e-01	-7.557133e-01	-8.938841e-01
7.737804e+00	-9.923027e-01	-7.600403e-01	-8.788123e-01
8.213414e+00	-9.967488e-01	-7.590714e-01	-8.651709e-01
8.890441e+00	-1.003372e+00	-7.578599e-01	-8.576406e-01
9.509028e+00	-1.008971e+00	-7.577287e-01	-8.539422e-01
8.055289e+00	-9.945292e-01	-7.501239e-01	-8.877153e-01
8.156678e+00	-9.562557e-01	-7.606817e-01	-9.152619e-01
9.233788e+00	-9.401192e-01	-7.612934e-01	-9.122404e-01
7.789680e+00	-9.490462e-01	-7.670272e-01	-8.851654e-01
7.860366e+00	-9.732355e-01	-7.861360e-01	-8.564654e-01
9.189326e+00	-9.880144e-01	-7.922362e-01	-8.495871e-01
1.114257e+01	-1.001230e+00	-7.977047e-01	-8.434846e-01
8.014765e+00	-9.907825e-01	-7.684252e-01	-8.579583e-01
8.374313e+00	-9.734124e-01	-7.414571e-01	-8.957085e-01
8.184941e+00	-9.786843e-01	-7.463689e-01	-9.138783e-01
8.191755e+00	-9.970527e-01	-7.484083e-01	-9.039891e-01
7.558788e+00	-9.939213e-01	-7.690484e-01	-8.994373e-01
7.969251e+00	-9.876220e-01	-7.908012e-01	-9.029286e-01
8.582767e+00	-9.768287e-01	-8.037224e-01	-9.227987e-01
9.473832e+00	-9.694758e-01	-8.126027e-01	-9.355796e-01
7.574285e+00	-9.900327e-01	-7.816925e-01	-9.136317e-01
8.922162e+00	-1.010786e+00	-7.510216e-01	-8.914002e-01
1.004516e+01	-1.015497e+00	-7.401327e-01	-8.784988e-01
1.106349e+01	-1.023372e+00	-7.443944e-01	-8.627450e-01
9.449041e+00	-1.013400e+00	-7.579279e-01	-8.701594e-01
7.346999e+00	-9.852799e-01	-7.746105e-01	-8.938427e-01
9.283965e+00	-9.425452e-01	-7.982545e-01	-9.213668e-01
1.348969e+01	-9.178636e-01	-8.142258e-01	-9.452381e-01
7.167909e+00	-9.753530e-01	-7.732946e-01	-8.943633e-01
1.212431e+01	-1.026338e+00	-7.378284e-01	-8.514102e-01
1.623615e+01	-1.052912e+00	-7.310330e-01	-8.604127e-01
1.649769e+01	-1.064845e+00	-7.469685e-01	-8.883847e-01
8.552055e+00	-1.006379e+00	-7.892290e-01	-9.385203e-01
9.311087e+00	-9.633708e-01	-8.004700e-01	-9.667251e-01
1.352752e+01	-9.279246e-01	-8.087631e-01	-9.826456e-01
1.626478e+01	-9.126732e-01	-8.213322e-01	-9.777826e-01
1.436786e+01	-9.193979e-01	-8.155037e-01	-9.681042e-01
7.962517e+00	-9.675921e-01	-7.522238e-01	-9.091050e-01
1.275313e+01	-1.017724e+00	-7.212732e-01	-8.388174e-01
4.907203e+02	-7.703704e-01	-1.548148e+00	-6.457794e-01
4.202496e+02	-9.393704e-01	-1.379148e+00	-4.767794e-01
3.735709e+02	-1.020608e+00	-1.232471e+00	-3.004863e-01
1.259203e+02	-8.704214e-01	-1.029760e+00	-3.143420e-01
6.224304e+01	-7.385826e-01	-8.513488e-01	-3.358061e-01
8.156924e+01	-6.760301e-01	-7.348763e-01	-3.375273e-01
1.285715e+02	-6.199875e-01	-6.345433e-01	-3.506189e-01
1.311528e+02	-6.323969e-01	-5.869114e-01	-3.203851e-01
1.396365e+02	-6.311360e-01	-5.628396e-01	-3.416758e-01
1.242519e+02	-6.595006e-01	-5.614548e-01	-3.671497e-01
1.107484e+02	-6.731508e-01	-5.890476e-01	-4.289301e-01
6.417707e+01	-7.369831e-01	-6.596852e-01	-3.980558e-01
4.213771e+01	-7.906728e-01	-7.284602e-01	-3.895989e-01
3.505690e+01	-8.266878e-01	-7.775522e-01	-4.230146e-01
3.506460e+01	-8.574149e-01	-8.244592e-01	-4.633164e-01
4.264353e+01	-8.860726e-01	-8.785108e-01	-5.163371e-01
4.597488e+01	-9.045105e-01	-9.047953e-01	-5.817085e-01
3.016023e+01	-8.990688e-01	-8.820424e-01	-6.824963e-01
1.852074e+01	-8.799853e-01	-8.397295e-01	-7.811251e-01
1.454878e+01	-8.830209e-01	-7.846258e-01	-8.503884e-01
2.005528e+01	-8.859235e-01	-7.357352e-01	-9.121050e-01
2.668907e+01	-8.991070e-01	-6.934412e-01	-9.345019e-01
1.930690e+01	-9.392779e-01	-6.951652e-01	-9.316169e-01
1.011052e+01	-9.863996e-01	-7.246135e-01	-9.029316e-01
1.074912e+01	-1.027662e+00	-7.521645e-01	-8.818191e-01
1.817688e+01	-1.062722e+00	-7.773511e-01	-8.679569e-01
1.674343e+01	-1.054056e+00	-7.879724e-01	-8.759753e-01
9.893867e+00	-1.028907e+00	-7.541036e-01	-9.312014e-01
1.195688e+01	-1.005923e+00	-7.276563e-01	-9.863689e-01
1.924305e+01	-9.850149e-01	-7.079903e-01	-1.038015e+00
2.973906e+01	-9.662872e-01	-6.923848e-01	-1.087784e+00
2.271999e+01	-9.785769e-01	-7.146277e-01	-1.087944e+00
9.986230e+00	-1.013805e+00	-7.868650e-01	-1.027048e+00
2.147362e+01	-1.047788e+00	-8.459831e-01	-9.578412e-01
4.222764e+01	-1.064601e+00	-8.818323e-01	-8.805208e-01
6.965818e+01	-1.080987e+00	-9.089233e-01	-8.057308e-01
3.650479e+01	-1.034608e+00	-8.669275e-01	-7.978300e-01
9.030205e+00	-9.746142e-01	-7.975859e-01	-8.434323e-01
1.557749e+01	-9.114744e-01	-7.256492e-01	-8.944260e-01
4.725536e+01	-8.554631e-01	-6.627337e-01	-9.400440e-01
4.233302e+01	-8.801069e-01	-6.582363e-01	-9.466284e-01
2.827771e+01	-9.051667e-01	-6.812149e-01	-9.313509e-01
1.706813e+01	-9.401601e-01	-7.014787e-01	-9.180034e-01
8.402743e+00	-1.002323e+00	-7.616164e-01	-8.733985e-01
2.467178e+01	-1.057004e+00	-8.152713e-01	-8.359674e-01
5.922229e+01	-1.103970e+00	-8.653436e-01	-8.100951e-01
4.345773e+01	-1.090787e+00	-8.498192e-01	-8.440292e-01
3.253813e+01	-1.084142e+00	-8.281073e-01	-8.646607e-01
9.160961e+00	-1.022481e+00	-7.684860e-01	-9.279934e-01
1.550057e+01	-9.704808e-01	-7.145528e-01	-9.868643e-01
2.093638e+01	-9.414206e-01	-7.058704e-01	-9.928092e-01
1.688011e+01	-9.396174e-01	-7.234112e-01	-9.806762e-01
1.412391e+01	-9.381402e-01	-7.387990e-01	-9.703972e-01
1.255301e+01	-9.357473e-01	-7.558752e-01	-9.686039e-01
9.281102e+00	-9.466960e-01	-7.816880e-01	-9.464993e-01
8.911391e+00	-9.596564e-01	-8.065359e-01	-9.150578e-01
9.838899e+00	-9.813804e-01	-8.089035e-01	-8.696132e-01
8.649908e+00	-9.756637e-01	-7.949347e-01	-8.510754e-01
8.079515e+00	-9.715407e-01	-7.808411e-01	-8.326120e-01
7.498071e+00	-9.611434e-01	-7.606116e-01	-8.394623e-01
8.531695e+00	-9.567752e-01	-7.394471e-01	-8.482894e-01
1.021845e+01	-9.455129e-01	-7.309018e-01	-8.735559e-01
7.487404e+00	-9.749618e-01	-7.705921e-01	-8.513874e-01
1.266851e+01	-1.006230e+00	-8.010902e-01	-8.328301e-01
2.337904e+01	-1.033565e+00	-8.289899e-01	-8.192279e-01
3.779792e+01	-1.057426e+00	-8.546305e-01	-8.101462e-01
9.756745e+00	-9.968197e-01	-7.968367e-01	-8.657300e-01
1.113306e+01	-9.325238e-01	-7.457394e-01	-9.129597e-01
2.730226e+01	-8.870010e-01	-7.021903e-01	-9.333253e-01
2.925245e+01	-8.719137e-01	-7.029282e-01	-9.131601e-01
1.282557e+01	-9.101921e-01	-7.417200e-01	-8.710790e-01
7.624169e+00	-9.502779e-01	-7.694997e-01	-8.328028e-01
1.024280e+01	-9.831551e-01	-7.903841e-01	-8.095017e-01
1.135130e+01	-9.951421e-01	-7.978816e-01	-8.255189e-01
1.263924e+01	-1.010689e+00	-7.995278e-01	-8.409222e-01
8.792573e+00	-9.914761e-01	-7.892306e-01	-8.633256e-01
7.270974e+00	-9.697195e-01	-7.676996e-01	-9.039478e-01
8.892582e+00	-9.574906e-01	-7.569984e-01	-9.370058e-01
9.922123e+00	-9.469239e-01	-7.593625e-01	-9.456906e-01
9.012813e+00	-9.478892e-01	-7.812735e-01	-9.414236e-01
7.298883e+00	-9.691302e-01	-7.656090e-01	-9.020904e-01
7.384362e+00	-9.850707e-01	-7.612589e-01	-8.900374e-01
9.303587e+00	-1.005278e+00	-7.413020e-01	-8.706220e-01
1.087325e+01	-1.020774e+00	-7.396443e-01	-8.665085e-01
8.369785e+00	-9.956339e-01	-7.455320e-01	-8.821203e-01
7.658311e+00	-9.732535e-01	-7.534083e-01	-9.016060e-01
8.627881e+00	-9.422400e-01	-7.710941e-01	-9.090728e-01
1.245588e+01	-9.136528e-01	-7.918241e-01	-9.290873e-01
1.623270e+01	-9.281775e-01	-8.500457e-01	-9.204261e-01
1.097802e+01	-9.553247e-01	-8.235902e-01	-8.696286e-01
9.519958e+00	-9.788035e-01	-7.862826e-01	-8.109764e-01
9.366372e+00	-9.822843e-01	-7.358445e-01	-8.179858e-01
1.217692e+01	-9.547707e-01	-7.108357e-01	-8.646986e-01
1.976865e+01	-9.193461e-01	-7.054939e-01	-9.285238e-01
1.443336e+01	-9.252233e-01	-7.322789e-01	-9.303825e-01
1.056965e+01	-9.471085e-01	-7.422153e-01	-9.279447e-01
1.113846e+01	-1.014836e+00	-7.998767e-01	-8.873096e-01
2.711171e+01	-1.036182e+00	-8.516005e-01	-8.501871e-01
1.918666e+01	-1.042743e+00	-8.184929e-01	-8.705916e-01
1.480960e+01	-1.047874e+00	-7.908604e-01	-8.940892e-01
1.142227e+01	-9.911647e-01	-7.266064e-01	-9.648541e-01
1.611649e+01	-9.806533e-01	-7.092734e-01	-9.920236e-01
2.175475e+01	-9.691395e-01	-6.971491e-01	-1.020439e+00
2.961152e+01	-9.483263e-01	-6.903732e-01	-1.056460e+00
2.116559e+01	-9.572041e-01	-7.066526e-01	-1.023784e+00
8.683586e+00	-1.007340e+00	-7.527929e-01	-9.540164e-01
1.108228e+01	-1.021254e+00	-7.941700e-01	-8.943758e-01
1.439064e+01	-1.012379e+00	-8.137702e-01	-8.491430e-01
1.020943e+01	-9.856117e-01	-8.076498e-01	-8.604041e-01
7.276699e+00	-9.639752e-01	-7.726922e-01	-8.586235e-01
9.561655e+00	-9.378380e-01	-7.439659e-01	-8.746836e-01
1.076323e+01	-9.306697e-01	-7.402072e-01	-8.817619e-01
1.091945e+01	-9.322438e-01	-7.409429e-01	-8.940233e-01
1.135224e+01	-9.289264e-01	-7.518738e-01	-9.206400e-01
9.451771e+00	-9.360670e-01	-7.790030e-01	-9.224464e-01
1.173674e+01	-9.892671e-01	-8.244626e-01	-9.000016e-01
2.584126e+01	-1.062243e+00	-8.189388e-01	-8.463438e-01
