# loss | a0 ... a3
5.603328e+02	-1.300000e+00	-1.500000e-01	5.200000e-01
3.764317e+02	-1.200000e+00	-2.500000e-01	6.200000e-01
2.157519e+02	-1.076694e+00	-3.542839e-01	6.343187e-01
1.106530e+02	-9.468740e-01	-4.616991e-01	6.598975e-01
6.518361e+01	-8.429609e-01	-5.566539e-01	6.326359e-01
6.100559e+01	-7.514241e-01	-6.476103e-01	6.165613e-01
8.398379e+01	-6.750536e-01	-7.289057e-01	5.999345e-01
9.364859e+01	-6.514311e-01	-7.954512e-01	6.085202e-01
1.021106e+02	-6.404871e-01	-8.580925e-01	6.218439e-01
1.077836e+02	-6.410155e-01	-9.114997e-01	6.423251e-01
1.031388e+02	-6.653584e-01	-9.508767e-01	6.658280e-01
1.047792e+02	-6.816483e-01	-9.828044e-01	6.664457e-01
1.043645e+02	-7.078199e-01	-1.006370e+00	6.825959e-01
1.004873e+02	-7.389086e-01	-1.011537e+00	6.919190e-01
9.806636e+01	-7.627923e-01	-1.013025e+00	6.851133e-01
9.387535e+01	-7.785362e-01	-1.008296e+00	6.673124e-01
8.216277e+01	-7.841649e-01	-9.879322e-01	6.276425e-01
7.044632e+01	-7.889631e-01	-9.647766e-01	5.930651e-01
5.970581e+01	-7.920053e-01	-9.418947e-01	5.506422e-01
4.827694e+01	-7.974991e-01	-9.109860e-01	5.029400e-01
4.052697e+01	-8.041403e-01	-8.817964e-01	4.663546e-01
3.648556e+01	-8.116903e-01	-8.527962e-01	4.280579e-01
3.113065e+01	-8.268157e-01	-8.236685e-01	4.119783e-01
2.759169e+01	-8.426035e-01	-7.967679e-01	3.992507e-01
2.210339e+01	-8.626619e-01	-7.721569e-01	4.027753e-01
1.408983e+01	-8.905409e-01	-7.517861e-01	4.310761e-01
1.108884e+01	-9.171823e-01	-7.345182e-01	4.597984e-01
1.249615e+01	-9.415006e-01	-7.193167e-01	4.858033e-01
1.578943e+01	-9.623982e-01	-7.073925e-01	5.004591e-01
2.027042e+01	-9.809633e-01	-6.970462e-01	5.122078e-01
2.343489e+01	-9.954620e-01	-6.897272e-01	5.136282e-01
2.098478e+01	-1.000216e+00	-6.879145e-01	4.913986e-01
1.915032e+01	-1.004263e+00	-6.860617e-01	4.695491e-01
1.775823e+01	-1.006743e+00	-6.853789e-01	4.481686e-01
1.593562e+01	-1.006641e+00	-6.906534e-01	4.280375e-01
1.478911e+01	-1.003904e+00	-6.968872e-01	4.054416e-01
1.442737e+01	-1.002375e+00	-7.040668e-01	3.879403e-01
1.239212e+01	-1.001964e+00	-7.163305e-01	3.866149e-01
1.012960e+01	-1.003652e+00	-7.301831e-01	3.938960e-01
8.789601e+00	-1.003634e+00	-7.434129e-01	3.990185e-01
8.156967e+00	-1.003506e+00	-7.572569e-01	4.067226e-01
8.302857e+00	-1.002628e+00	-7.702819e-01	4.139294e-01
8.873686e+00	-1.001417e+00	-7.821584e-01	4.181471e-01
8.887257e+00	-9.979685e-01	-7.910825e-01	4.136348e-01
8.876418e+00	-9.941422e-01	-7.978521e-01	4.078250e-01
8.931804e+00	-9.899289e-01	-8.036029e-01	4.002597e-01
8.858373e+00	-9.850368e-01	-8.050309e-01	3.909720e-01
9.157038e+00	-9.804461e-01	-8.060663e-01	3.817028e-01
9.652326e+00	-9.767188e-01	-8.065613e-01	3.744784e-01
9.261171e+00	-9.756411e-01	-8.039987e-01	3.780040e-01
8.929092e+00	-9.747119e-01	-8.017699e-01	3.814608e-01
8.574672e+00	-9.742281e-01	-7.992332e-01	3.855241e-01
8.093421e+00	-9.748636e-01	-7.955222e-01	3.925349e-01
7.788369e+00	-9.752949e-01	-7.921656e-01	3.985319e-01
7.546512e+00	-9.764068e-01	-7.877136e-01	4.061575e-01
7.384907e+00	-9.773724e-01	-7.819203e-01	4.115417e-01
7.340711e+00	-9.785463e-01	-7.758818e-01	4.165192e-01
7.392373e+00	-9.792803e-01	-7.706478e-01	4.207091e-01
7.376573e+00	-9.789633e-01	-7.657540e-01	4.211905e-01
7.437631e+00	-9.789204e-01	-7.608115e-01	4.218991e-01
7.490843e+00	-9.785172e-01	-7.565341e-01	4.205821e-01
7.548725e+00	-9.778994e-01	-7.533823e-01	4.179748e-01
7.623577e+00	-9.774130e-01	-7.512540e-01	4.140347e-01
7.732676e+00	-9.768106e-01	-7.493699e-01	4.119740e-01
7.694134e+00	-9.773210e-01	-7.500402e-01	4.122970e-01
7.671021e+00	-9.779705e-01	-7.504144e-01	4.132531e-01
7.616077e+00	-9.781897e-01	-7.515135e-01	4.150747e-01
7.567007e+00	-9.789128e-01	-7.535140e-01	4.187165e-01
7.559733e+00	-9.790729e-01	-7.558837e-01	4.223851e-01
7.534143e+00	-9.791358e-01	-7.585497e-01	4.237596e-01
7.386159e+00	-9.783576e-01	-7.615246e-01	4.207804e-01
7.276401e+00	-9.773432e-01	-7.646719e-01	4.181883e-01
7.219445e+00	-9.767302e-01	-7.671012e-01	4.161840e-01
7.165283e+00	-9.761167e-01	-7.696530e-01	4.116481e-01
7.162572e+00	-9.760128e-01	-7.712679e-01	4.087343e-01
7.176622e+00	-9.755830e-01	-7.729788e-01	4.065030e-01
7.199873e+00	-9.756071e-01	-7.745985e-01	4.049113e-01
7.224638e+00	-9.755147e-01	-7.761966e-01	4.039871e-01
7.230887e+00	-9.760464e-01	-7.770200e-01	4.044379e-01
7.223927e+00	-9.774986e-01	-7.767840e-01	4.065668e-01
7.231959e+00	-9.783871e-01	-7.766906e-01	4.076779e-01
7.251254e+00	-9.793709e-01	-7.765429e-01	4.092203e-01
7.243964e+00	-9.797636e-01	-7.758697e-01	4.089752e-01
7.230958e+00	-9.802986e-01	-7.746286e-01	4.084715e-01
7.229663e+00	-9.809456e-01	-7.735147e-01	4.086256e-01
7.215332e+00	-9.809097e-01	-7.722783e-01	4.079239e-01
7.215280e+00	-9.813312e-01	-7.707992e-01	4.078967e-01
7.220127e+00	-9.817442e-01	-7.694275e-01	4.075131e-01
7.229704e+00	-9.820565e-01	-7.680294e-01	4.077325e-01
7.241823e+00	-9.823638e-01	-7.669732e-01	4.081717e-01
7.256605e+00	-9.827776e-01	-7.661174e-01	4.084843e-01
7.263598e+00	-9.830180e-01	-7.658708e-01	4.086333e-01
7.272274e+00	-9.834437e-01	-7.658291e-01	4.087576e-01
7.281874e+00	-9.836503e-01	-7.656136e-01	4.094485e-01
7.288768e+00	-9.836501e-01	-7.657207e-01	4.105064e-01
7.271054e+00	-9.831266e-01	-7.663414e-01	4.102893e-01
7.270481e+00	-9.830572e-01	-7.665557e-01	4.105629e-01
7.284752e+00	-9.832738e-01	-7.665085e-01	4.114797e-01
7.278130e+00	-9.831936e-01	-7.665361e-01	4.110472e-01
7.256873e+00	-9.826699e-01	-7.669869e-01	4.101777e-01
7.237753e+00	-9.822078e-01	-7.677056e-01	4.090713e-01
7.232223e+00	-9.820766e-01	-7.679515e-01	4.085321e-01
7.218281e+00	-9.814388e-01	-7.685052e-01	4.075398e-01
7.212500e+00	-9.811969e-01	-7.692460e-01	4.072899e-01
7.201044e+00	-9.803163e-01	-7.700115e-01	4.066812e-01
7.197247e+00	-9.800358e-01	-7.705245e-01	4.068934e-01
7.197804e+00	-9.801014e-01	-7.708437e-01	4.075726e-01
7.218660e+00	-9.807884e-01	-7.706969e-01	4.102210e-01
7.225224e+00	-9.807324e-01	-7.710446e-01	4.108954e-01
7.220677e+00	-9.806445e-01	-7.712726e-01	4.104513e-01
7.209615e+00	-9.803423e-01	-7.713854e-01	4.095847e-01
7.201267e+00	-9.800644e-01	-7.711529e-01	4.089781e-01
7.197348e+00	-9.799687e-01	-7.707810e-01	4.085197e-01
7.195235e+00	-9.797278e-01	-7.706750e-01	4.064396e-01
7.195850e+00	-9.795849e-01	-7.701446e-01	4.060772e-01
7.191080e+00	-9.792658e-01	-7.703928e-01	4.064576e-01
7.189611e+00	-9.790427e-01	-7.706675e-01	4.063300e-01
7.191197e+00	-9.795725e-01	-7.701937e-01	4.080857e-01
7.217006e+00	-9.803092e-01	-7.692595e-01	4.113524e-01
7.237008e+00	-9.808302e-01	-7.686266e-01	4.123550e-01
7.262838e+00	-9.813386e-01	-7.681998e-01	4.134825e-01
7.250148e+00	-9.813846e-01	-7.678269e-01	4.124441e-01
7.228239e+00	-9.808237e-01	-7.676985e-01	4.113202e-01
7.223441e+00	-9.807989e-01	-7.672922e-01	4.104482e-01
7.213987e+00	-9.806191e-01	-7.673670e-01	4.079892e-01
7.216697e+00	-9.804820e-01	-7.670146e-01	4.072383e-01
7.218603e+00	-9.805718e-01	-7.669929e-01	4.070101e-01
7.232995e+00	-9.816069e-01	-7.668207e-01	4.090166e-01
7.264595e+00	-9.826009e-01	-7.667495e-01	4.110843e-01
7.274137e+00	-9.827642e-01	-7.673221e-01	4.118620e-01
7.235735e+00	-9.816399e-01	-7.678191e-01	4.104808e-01
7.238315e+00	-9.812917e-01	-7.677887e-01	4.115208e-01
7.223697e+00	-9.810213e-01	-7.683037e-01	4.105395e-01
7.236117e+00	-9.815107e-01	-7.683605e-01	4.109887e-01
7.231446e+00	-9.813129e-01	-7.688273e-01	4.109457e-01
7.209781e+00	-9.807789e-01	-7.692392e-01	4.090452e-01
7.195498e+00	-9.798995e-01	-7.699477e-01	4.072274e-01
7.192164e+00	-9.791394e-01	-7.706170e-01	4.059740e-01
7.195601e+00	-9.789947e-01	-7.707906e-01	4.052505e-01
7.193933e+00	-9.797962e-01	-7.704938e-01	4.073950e-01
7.203288e+00	-9.802069e-01	-7.707510e-01	4.092547e-01
7.221886e+00	-9.806607e-01	-7.709551e-01	4.107306e-01
5.543677e+02	-8.000000e-01	-1.500000e+00	3.100000e-01
3.858422e+02	-7.000000e-01	-1.400000e+00	4.100000e-01
3.035306e+02	-6.102009e-01	-1.309484e+00	5.040745e-01
2.556956e+02	-5.546579e-01	-1.208934e+00	6.089071e-01
2.086692e+02	-5.592985e-01	-1.119358e+00	6.928456e-01
1.681954e+02	-5.785310e-01	-1.035938e+00	7.743652e-01
1.384214e+02	-6.024030e-01	-9.610266e-01	8.472139e-01
1.094077e+02	-6.473749e-01	-8.947466e-01	8.952038e-01
9.211840e+01	-6.936110e-01	-8.360024e-01	9.357745e-01
8.529463e+01	-7.343866e-01	-7.823618e-01	9.631010e-01
8.182479e+01	-7.678177e-01	-7.369893e-01	9.570149e-01
8.154229e+01	-7.977823e-01	-6.927349e-01	9.436865e-01
8.364499e+01	-8.249561e-01	-6.555217e-01	9.270815e-01
8.112839e+01	-8.396945e-01	-6.296728e-01	8.890727e-01
7.884474e+01	-8.510132e-01	-6.065141e-01	8.507880e-01
7.630712e+01	-8.613351e-01	-5.854733e-01	8.072186e-01
7.036917e+01	-8.641961e-01	-5.737181e-01	7.510088e-01
6.581314e+01	-8.681361e-01	-5.655755e-01	6.976366e-01
6.178745e+01	-8.720391e-01	-5.626232e-01	6.469562e-01
5.497976e+01	-8.831405e-01	-5.723001e-01	6.004207e-01
4.853290e+01	-8.907810e-01	-5.847506e-01	5.552462e-01
4.281545e+01	-8.983370e-01	-5.993203e-01	5.126802e-01
3.327070e+01	-9.125846e-01	-6.258914e-01	4.853643e-01
2.538600e+01	-9.266357e-01	-6.516400e-01	4.587954e-01
1.881528e+01	-9.400052e-01	-6.775584e-01	4.367947e-01
1.235976e+01	-9.552950e-01	-7.083470e-01	4.254359e-01
8.490391e+00	-9.706348e-01	-7.383640e-01	4.155776e-01
7.288303e+00	-9.844172e-01	-7.659100e-01	4.081874e-01
8.221261e+00	-9.959235e-01	-7.908517e-01	4.001479e-01
1.063205e+01	-1.005735e+00	-8.129245e-01	3.916535e-01
1.390386e+01	-1.013367e+00	-8.321583e-01	3.835152e-01
1.612501e+01	-1.014647e+00	-8.444025e-01	3.711981e-01
1.839817e+01	-1.014522e+00	-8.542332e-01	3.571103e-01
2.045325e+01	-1.013724e+00	-8.599423e-01	3.424644e-01
2.118020e+01	-1.010126e+00	-8.591465e-01	3.324089e-01
2.200860e+01	-1.005246e+00	-8.567544e-01	3.232370e-01
2.209050e+01	-1.000572e+00	-8.533647e-01	3.196878e-01
1.896117e+01	-9.954583e-01	-8.466804e-01	3.311905e-01
1.591132e+01	-9.907858e-01	-8.401179e-01	3.458827e-01
1.347024e+01	-9.862463e-01	-8.324318e-01	3.590867e-01
1.118773e+01	-9.805523e-01	-8.228257e-01	3.745689e-01
9.543385e+00	-9.756680e-01	-8.130239e-01	3.899050e-01
8.482822e+00	-9.709094e-01	-8.031143e-01	4.030939e-01
7.785672e+00	-9.660807e-01	-7.921674e-01	4.142669e-01
7.515761e+00	-9.615064e-01	-7.823587e-01	4.243537e-01
7.457325e+00	-9.569784e-01	-7.728446e-01	4.305525e-01
7.530753e+00	-9.528503e-01	-7.643746e-01	4.314088e-01
7.788930e+00	-9.496452e-01	-7.568196e-01	4.323033e-01
8.163971e+00	-9.466500e-01	-7.503374e-01	4.327324e-01
8.375566e+00	-9.462010e-01	-7.467656e-01	4.338282e-01
8.523250e+00	-9.465554e-01	-7.441145e-01	4.352747e-01
8.638181e+00	-9.465608e-01	-7.424008e-01	4.347848e-01
8.460424e+00	-9.487723e-01	-7.437833e-01	4.344659e-01
8.259881e+00	-9.515047e-01	-7.456592e-01	4.350595e-01
8.066582e+00	-9.539169e-01	-7.479507e-01	4.343345e-01
7.794893e+00	-9.576945e-01	-7.522731e-01	4.336748e-01
7.581909e+00	-9.607772e-01	-7.565571e-01	4.315277e-01
7.419335e+00	-9.637175e-01	-7.607693e-01	4.287948e-01
7.249259e+00	-9.662512e-01	-7.656052e-01	4.227992e-01
7.168017e+00	-9.689338e-01	-7.703253e-01	4.168919e-01
7.169586e+00	-9.708546e-01	-7.744817e-01	4.110844e-01
7.259362e+00	-9.724190e-01	-7.783737e-01	4.043421e-01
7.445282e+00	-9.734610e-01	-7.817112e-01	3.975848e-01
7.652930e+00	-9.747388e-01	-7.848165e-01	3.927552e-01
7.821116e+00	-9.762870e-01	-7.873774e-01	3.897299e-01
7.922522e+00	-9.775922e-01	-7.895163e-01	3.886492e-01
8.009867e+00	-9.785702e-01	-7.914121e-01	3.881222e-01
8.022608e+00	-9.786157e-01	-7.923848e-01	3.889356e-01
8.047719e+00	-9.785225e-01	-7.932171e-01	3.893651e-01
7.983958e+00	-9.790558e-01	-7.934908e-01	3.919540e-01
7.863903e+00	-9.788621e-01	-7.925048e-01	3.951906e-01
7.754187e+00	-9.785570e-01	-7.911899e-01	3.981614e-01
7.666068e+00	-9.780440e-01	-7.898305e-01	4.002581e-01
7.563872e+00	-9.762634e-01	-7.877853e-01	4.005729e-01
7.469807e+00	-9.746732e-01	-7.855781e-01	4.014051e-01
7.396095e+00	-9.733522e-01	-7.832092e-01	4.016933e-01
2.637689e+02	-9.000000e-01	-1.200000e+00	2.400000e-01
1.516338e+02	-8.000000e-01	-1.100000e+00	3.400000e-01
1.055369e+02	-7.341252e-01	-1.005200e+00	4.187311e-01
7.903117e+01	-7.098030e-01	-9.123727e-01	5.020308e-01
4.294362e+01	-7.719126e-01	-8.421509e-01	5.653991e-01
3.042542e+01	-8.248006e-01	-7.779568e-01	6.148858e-01
3.442949e+01	-8.814416e-01	-7.187787e-01	6.581111e-01
4.305684e+01	-9.218862e-01	-6.742412e-01	6.654303e-01
5.179516e+01	-9.503374e-01	-6.328526e-01	6.555287e-01
6.142183e+01	-9.747152e-01	-5.986506e-01	6.411049e-01
6.156751e+01	-9.794658e-01	-5.788094e-01	6.080987e-01
5.862376e+01	-9.740640e-01	-5.688455e-01	5.725285e-01
5.654417e+01	-9.661194e-01	-5.627883e-01	5.331459e-01
4.925427e+01	-9.536516e-01	-5.771895e-01	4.902269e-01
4.387041e+01	-9.441804e-01	-5.942403e-01	4.595032e-01
3.794688e+01	-9.419345e-01	-6.144356e-01	4.385001e-01
2.794550e+01	-9.467487e-01	-6.448447e-01	4.285622e-01
1.722707e+01	-9.635471e-01	-6.794468e-01	4.370997e-01
1.159310e+01	-9.773607e-01	-7.116038e-01	4.420875e-01
9.296042e+00	-9.884341e-01	-7.448339e-01	4.419333e-01
1.031087e+01	-9.986488e-01	-7.749843e-01	4.414620e-01
1.262468e+01	-1.004110e+00	-8.001791e-01	4.375330e-01
1.247345e+01	-9.986103e-01	-8.172356e-01	4.211041e-01
1.303850e+01	-9.929111e-01	-8.309933e-01	4.057448e-01
1.372079e+01	-9.833808e-01	-8.408756e-01	3.879250e-01
1.443058e+01	-9.709954e-01	-8.422760e-01	3.694578e-01
1.702056e+01	-9.581529e-01	-8.428611e-01	3.513197e-01
1.983701e+01	-9.484593e-01	-8.417232e-01	3.393125e-01
1.909338e+01	-9.463567e-01	-8.387135e-01	3.423583e-01
1.643673e+01	-9.493621e-01	-8.329849e-01	3.516546e-01
1.398762e+01	-9.525770e-01	-8.277356e-01	3.626320e-01
1.074217e+01	-9.616300e-01	-8.194818e-01	3.829185e-01
9.236095e+00	-9.712685e-01	-8.111513e-01	4.028405e-01
8.865199e+00	-9.771245e-01	-8.023193e-01	4.175011e-01
8.401074e+00	-9.785267e-01	-7.909311e-01	4.256177e-01
8.318887e+00	-9.801491e-01	-7.798577e-01	4.332260e-01
8.236630e+00	-9.799718e-01	-7.691721e-01	4.372829e-01
7.934229e+00	-9.768974e-01	-7.581624e-01	4.352086e-01
7.985995e+00	-9.741319e-01	-7.485284e-01	4.320616e-01
8.335045e+00	-9.704342e-01	-7.400159e-01	4.287027e-01
8.702268e+00	-9.679234e-01	-7.350905e-01	4.251685e-01
9.097608e+00	-9.667187e-01	-7.312783e-01	4.219786e-01
9.466621e+00	-9.661456e-01	-7.282949e-01	4.195655e-01
9.259986e+00	-9.690739e-01	-7.295159e-01	4.207540e-01
8.966870e+00	-9.740598e-01	-7.319792e-01	4.234862e-01
8.757793e+00	-9.776437e-01	-7.347591e-01	4.249728e-01
8.428571e+00	-9.823030e-01	-7.406483e-01	4.256108e-01
8.262422e+00	-9.860765e-01	-7.462789e-01	4.263532e-01
8.156072e+00	-9.881821e-01	-7.513282e-01	4.264366e-01
7.760562e+00	-9.862186e-01	-7.569888e-01	4.224164e-01
7.479370e+00	-9.842468e-01	-7.620985e-01	4.183411e-01
7.329250e+00	-9.828970e-01	-7.664650e-01	4.149490e-01
7.220296e+00	-9.808703e-01	-7.700849e-01	4.104700e-01
7.190860e+00	-9.778984e-01	-7.732572e-01	4.058644e-01
7.256376e+00	-9.752854e-01	-7.762816e-01	4.018540e-01
7.329502e+00	-9.745450e-01	-7.784178e-01	3.996182e-01
7.409799e+00	-9.732023e-01	-7.804775e-01	3.981574e-01
7.476918e+00	-9.725136e-01	-7.821482e-01	3.971942e-01
7.456815e+00	-9.734938e-01	-7.832843e-01	3.985449e-01
7.465338e+00	-9.739673e-01	-7.842834e-01	3.992468e-01
7.430854e+00	-9.751189e-01	-7.843204e-01	4.011741e-01
7.380695e+00	-9.756035e-01	-7.834165e-01	4.034694e-01
7.320834e+00	-9.770654e-01	-7.813617e-01	4.062988e-01
7.297668e+00	-9.781644e-01	-7.797693e-01	4.082601e-01
7.246054e+00	-9.783906e-01	-7.769349e-01	4.095170e-01
7.201957e+00	-9.782723e-01	-7.740405e-01	4.097137e-01
7.182746e+00	-9.781472e-01	-7.715119e-01	4.101281e-01
7.183682e+00	-9.781661e-01	-7.682108e-01	4.103767e-01
7.197355e+00	-9.775092e-01	-7.657392e-01	4.103378e-01
7.224879e+00	-9.770696e-01	-7.636548e-01	4.102580e-01
7.253826e+00	-9.768676e-01	-7.619735e-01	4.114523e-01
7.283046e+00	-9.768742e-01	-7.606589e-01	4.126253e-01
7.302349e+00	-9.772266e-01	-7.599942e-01	4.130039e-01
7.287806e+00	-9.769075e-01	-7.604810e-01	4.129224e-01
7.294102e+00	-9.780384e-01	-7.608878e-01	4.141974e-01
7.296027e+00	-9.787607e-01	-7.613830e-01	4.145509e-01
7.303993e+00	-9.792848e-01	-7.620656e-01	4.156730e-01
7.297562e+00	-9.796209e-01	-7.630326e-01	4.158179e-01
7.274696e+00	-9.796959e-01	-7.640794e-01	4.149936e-01
7.253486e+00	-9.798638e-01	-7.650924e-01	4.138679e-01
7.234860e+00	-9.802365e-01	-7.662642e-01	4.123552e-01
7.199410e+00	-9.791165e-01	-7.672455e-01	4.102921e-01
7.178904e+00	-9.768334e-01	-7.684030e-01	4.074740e-01
7.195612e+00	-9.749008e-01	-7.695845e-01	4.051422e-01
7.209868e+00	-9.743520e-01	-7.702391e-01	4.041539e-01
7.178281e+00	-9.749904e-01	-7.705759e-01	4.061296e-01
7.164480e+00	-9.760122e-01	-7.711387e-01	4.080609e-01
7.169875e+00	-9.769941e-01	-7.717994e-01	4.088728e-01
7.190928e+00	-9.787513e-01	-7.716479e-01	4.101233e-01
7.192805e+00	-9.787792e-01	-7.713637e-01	4.106012e-01
7.201428e+00	-9.791901e-01	-7.714670e-01	4.108917e-01
7.190750e+00	-9.790213e-01	-7.711495e-01	4.098311e-01
7.179959e+00	-9.784488e-01	-7.705420e-01	4.089967e-01
7.175999e+00	-9.780483e-01	-7.700970e-01	4.084528e-01
7.175673e+00	-9.773508e-01	-7.694594e-01	4.074499e-01
7.176230e+00	-9.772835e-01	-7.686260e-01	4.080937e-01
7.178477e+00	-9.771789e-01	-7.682198e-01	4.080257e-01
7.178706e+00	-9.774053e-01	-7.683000e-01	4.081233e-01
7.173592e+00	-9.765676e-01	-7.684009e-01	4.082363e-01
7.174912e+00	-9.771817e-01	-7.682247e-01	4.090731e-01
7.192687e+00	-9.786267e-01	-7.674966e-01	4.104780e-01
7.207791e+00	-9.789575e-01	-7.668876e-01	4.119510e-01
7.220403e+00	-9.795057e-01	-7.669973e-01	4.125876e-01
7.202910e+00	-9.790231e-01	-7.671490e-01	4.112648e-01
7.198192e+00	-9.784029e-01	-7.668879e-01	4.115279e-01
7.193374e+00	-9.782064e-01	-7.670285e-01	4.111639e-01
7.198545e+00	-9.789530e-01	-7.671744e-01	4.104871e-01
7.200301e+00	-9.794056e-01	-7.673222e-01	4.093372e-01
7.192239e+00	-9.788040e-01	-7.675758e-01	4.088314e-01
7.196762e+00	-9.791275e-01	-7.673794e-01	4.092163e-01
7.208068e+00	-9.800333e-01	-7.677445e-01	4.101648e-01
7.194107e+00	-9.792047e-01	-7.681270e-01	4.097768e-01
7.174835e+00	-9.775127e-01	-7.686109e-01	4.095334e-01
7.162939e+00	-9.758312e-01	-7.690092e-01	4.094748e-01
7.160713e+00	-9.751073e-01	-7.692402e-01	4.091307e-01
7.164485e+00	-9.759471e-01	-7.688104e-01	4.094006e-01
7.162985e+00	-9.755295e-01	-7.688068e-01	4.093712e-01
7.161744e+00	-9.758044e-01	-7.691315e-01	4.098054e-01
7.179484e+00	-9.777628e-01	-7.688620e-01	4.110254e-01
7.210402e+00	-9.795580e-01	-7.687367e-01	4.119929e-01
7.213229e+00	-9.796962e-01	-7.689662e-01	4.120646e-01
2.152288e+02	-1.200000e+00	-4.500000e-01	5.900000e-01
8.608295e+01	-1.100000e+00	-5.500000e-01	4.900000e-01
2.756470e+01	-1.003306e+00	-6.461876e-01	4.107517e-01
2.889593e+01	-9.142302e-01	-7.426597e-01	3.351216e-01
3.604610e+01	-8.708929e-01	-8.185838e-01	3.321328e-01
5.166393e+01	-8.397055e-01	-8.875794e-01	3.350678e-01
6.693815e+01	-8.195651e-01	-9.448511e-01	3.544217e-01
6.134448e+01	-8.273998e-01	-9.556906e-01	3.932065e-01
5.996895e+01	-8.379517e-01	-9.655425e-01	4.280550e-01
5.854796e+01	-8.438683e-01	-9.655300e-01	4.579254e-01
4.811818e+01	-8.453191e-01	-9.385605e-01	4.671271e-01
3.822012e+01	-8.448633e-01	-9.071548e-01	4.742201e-01
2.968884e+01	-8.512779e-01	-8.762897e-01	4.831969e-01
2.131919e+01	-8.627932e-01	-8.390760e-01	4.863639e-01
1.577041e+01	-8.756389e-01	-8.028197e-01	4.884732e-01
1.325342e+01	-8.858056e-01	-7.683878e-01	4.862475e-01
1.274587e+01	-8.991242e-01	-7.379032e-01	4.800139e-01
1.402002e+01	-9.125147e-01	-7.116757e-01	4.719830e-01
1.632651e+01	-9.255671e-01	-6.904170e-01	4.658205e-01
1.708999e+01	-9.396233e-01	-6.822947e-01	4.612514e-01
1.742608e+01	-9.523149e-01	-6.785863e-01	4.549683e-01
1.779231e+01	-9.637008e-01	-6.761180e-01	4.488552e-01
1.604901e+01	-9.703739e-01	-6.843976e-01	4.395858e-01
1.427060e+01	-9.754366e-01	-6.940597e-01	4.290163e-01
1.229290e+01	-9.827486e-01	-7.060655e-01	4.245009e-01
9.901780e+00	-9.891981e-01	-7.250708e-01	4.211339e-01
8.551075e+00	-9.951119e-01	-7.433666e-01	4.177238e-01
8.013255e+00	-9.987786e-01	-7.611808e-01	4.137981e-01
7.983756e+00	-9.992001e-01	-7.780897e-01	4.068979e-01
8.558508e+00	-9.986615e-01	-7.939629e-01	3.996949e-01
9.384756e+00	-9.969174e-01	-8.065523e-01	3.904779e-01
1.008505e+01	-9.928139e-01	-8.138029e-01	3.795132e-01
1.104554e+01	-9.893240e-01	-8.195492e-01	3.701081e-01
1.212979e+01	-9.854930e-01	-8.238892e-01	3.618812e-01
1.211219e+01	-9.828319e-01	-8.218126e-01	3.599218e-01
1.208254e+01	-9.805710e-01	-8.202538e-01	3.591210e-01
1.187486e+01	-9.790160e-01	-8.185868e-01	3.599618e-01
1.040326e+01	-9.805908e-01	-8.123815e-01	3.695306e-01
9.356863e+00	-9.817546e-01	-8.070508e-01	3.789357e-01
8.653579e+00	-9.821418e-01	-8.016583e-01	3.862587e-01
8.031958e+00	-9.822186e-01	-7.945573e-01	3.931520e-01
7.631725e+00	-9.824347e-01	-7.879151e-01	3.997133e-01
7.386761e+00	-9.819658e-01	-7.813820e-01	4.052638e-01
7.240552e+00	-9.805716e-01	-7.750037e-01	4.084793e-01
7.181046e+00	-9.782975e-01	-7.693705e-01	4.101226e-01
7.208332e+00	-9.764248e-01	-7.643596e-01	4.120337e-01
7.263521e+00	-9.735810e-01	-7.610492e-01	4.125022e-01
7.349108e+00	-9.711465e-01	-7.584352e-01	4.124283e-01
7.417738e+00	-9.691964e-01	-7.569824e-01	4.126090e-01
7.374051e+00	-9.678524e-01	-7.583432e-01	4.136260e-01
7.346465e+00	-9.660245e-01	-7.601179e-01	4.135190e-01
7.316992e+00	-9.649076e-01	-7.619708e-01	4.133532e-01
7.255067e+00	-9.644758e-01	-7.653026e-01	4.132670e-01
7.222298e+00	-9.641138e-01	-7.688034e-01	4.128632e-01
7.222068e+00	-9.637971e-01	-7.722701e-01	4.121797e-01
7.252725e+00	-9.638462e-01	-7.760861e-01	4.110592e-01
7.301009e+00	-9.642239e-01	-7.792926e-01	4.101108e-01
7.382113e+00	-9.644013e-01	-7.823359e-01	4.083581e-01
3.098934e+01	-1.000000e+00	-9.000000e-01	3.800000e-01
5.107531e+01	-9.000000e-01	-8.000000e-01	2.800000e-01
3.109616e+01	-9.263739e-01	-7.011866e-01	3.465115e-01
2.730013e+01	-1.003947e+00	-6.459111e-01	4.617649e-01
3.166345e+01	-1.015548e+00	-6.591734e-01	5.127247e-01
3.457855e+01	-1.015893e+00	-6.772539e-01	5.413250e-01
3.049468e+01	-9.869098e-01	-6.955328e-01	5.608416e-01
1.643333e+01	-9.241015e-01	-7.165396e-01	5.274926e-01
1.833649e+01	-8.593192e-01	-7.407671e-01	4.824255e-01
3.179246e+01	-8.109830e-01	-7.666563e-01	4.467100e-01
2.432172e+01	-8.320386e-01	-7.926029e-01	4.513996e-01
1.885878e+01	-8.608831e-01	-8.190929e-01	4.586699e-01
1.815950e+01	-8.871983e-01	-8.409489e-01	4.653309e-01
1.708748e+01	-9.152808e-01	-8.441606e-01	4.635038e-01
1.788947e+01	-9.441977e-01	-8.453113e-01	4.641214e-01
1.572496e+01	-9.645456e-01	-8.345667e-01	4.524443e-01
9.752095e+00	-9.734847e-01	-8.064190e-01	4.286326e-01
7.300663e+00	-9.796825e-01	-7.794910e-01	4.044061e-01
8.607288e+00	-9.851365e-01	-7.556264e-01	3.816032e-01
1.011453e+01	-9.935215e-01	-7.410328e-01	3.762008e-01
1.165039e+01	-1.002393e+00	-7.287108e-01	3.745621e-01
1.272129e+01	-1.012196e+00	-7.198366e-01	3.774716e-01
1.162731e+01	-1.023856e+00	-7.254723e-01	3.942782e-01
1.194035e+01	-1.032179e+00	-7.327591e-01	4.091098e-01
1.293325e+01	-1.036463e+00	-7.408319e-01	4.219199e-01
1.137878e+01	-1.028108e+00	-7.500000e-01	4.206811e-01
9.899755e+00	-1.018866e+00	-7.584742e-01	4.172960e-01
8.540197e+00	-1.007759e+00	-7.672438e-01	4.116380e-01
7.420509e+00	-9.899866e-01	-7.746918e-01	3.994404e-01
7.665034e+00	-9.750162e-01	-7.802747e-01	3.903136e-01
8.680829e+00	-9.616832e-01	-7.854784e-01	3.831511e-01
8.662582e+00	-9.561773e-01	-7.875783e-01	3.879550e-01
8.608232e+00	-9.521375e-01	-7.893369e-01	3.929519e-01
8.303300e+00	-9.509636e-01	-7.912246e-01	4.012413e-01
7.788164e+00	-9.552359e-01	-7.896520e-01	4.139381e-01
7.770461e+00	-9.605145e-01	-7.863750e-01	4.274906e-01
8.163247e+00	-9.648529e-01	-7.832998e-01	4.379456e-01
8.115476e+00	-9.671107e-01	-7.773189e-01	4.403103e-01
8.004093e+00	-9.682627e-01	-7.715487e-01	4.406545e-01
7.837932e+00	-9.688680e-01	-7.645812e-01	4.389523e-01
7.494978e+00	-9.665920e-01	-7.580217e-01	4.293881e-01
7.622351e+00	-9.644462e-01	-7.520460e-01	4.207449e-01
8.017766e+00	-9.639432e-01	-7.471243e-01	4.134276e-01
8.040327e+00	-9.672434e-01	-7.467330e-01	4.104654e-01
7.977379e+00	-9.712644e-01	-7.475865e-01	4.077668e-01
7.713186e+00	-9.753685e-01	-7.507946e-01	4.084491e-01
7.429020e+00	-9.819591e-01	-7.573671e-01	4.116848e-01
7.465611e+00	-9.870020e-01	-7.641795e-01	4.148391e-01
7.757299e+00	-9.911363e-01	-7.706427e-01	4.175680e-01
7.788304e+00	-9.920869e-01	-7.752146e-01	4.147869e-01
7.762954e+00	-9.916748e-01	-7.793309e-01	4.112345e-01
7.641666e+00	-9.896389e-01	-7.818014e-01	4.067809e-01
7.453850e+00	-9.863253e-01	-7.809181e-01	4.022944e-01
7.388663e+00	-9.833334e-01	-7.797156e-01	3.983699e-01
7.461217e+00	-9.798333e-01	-7.783173e-01	3.935530e-01
7.429462e+00	-9.787935e-01	-7.771089e-01	3.943670e-01
7.409574e+00	-9.780035e-01	-7.758794e-01	3.949258e-01
7.328382e+00	-9.779984e-01	-7.734191e-01	3.974715e-01
7.214401e+00	-9.799689e-01	-7.712676e-01	4.037448e-01
7.222096e+00	-9.816455e-01	-7.696555e-01	4.087481e-01
7.320437e+00	-9.831760e-01	-7.675004e-01	4.142003e-01
3.368730e+01	-1.100000e+00	-7.500000e-01	4.500000e-01
1.727539e+01	-1.000000e+00	-8.500000e-01	3.500000e-01
6.054800e+01	-9.067760e-01	-8.722183e-01	2.643722e-01
7.807264e+01	-8.546000e-01	-8.444206e-01	2.604548e-01
3.568782e+01	-8.826058e-01	-7.770671e-01	3.274969e-01
1.967118e+01	-9.240903e-01	-6.982536e-01	4.006809e-01
2.947710e+01	-9.624025e-01	-6.320985e-01	4.648193e-01
2.807148e+01	-9.834527e-01	-6.498220e-01	5.080648e-01
3.045930e+01	-9.967158e-01	-6.765851e-01	5.415681e-01
3.441873e+01	-1.000182e+00	-7.052701e-01	5.669729e-01
2.998710e+01	-9.788550e-01	-7.515599e-01	5.689645e-01
2.821658e+01	-9.522666e-01	-7.939471e-01	5.674870e-01
2.717176e+01	-9.244976e-01	-8.222957e-01	5.612681e-01
2.487218e+01	-8.984848e-01	-8.342346e-01	5.474544e-01
2.254717e+01	-8.748465e-01	-8.315462e-01	5.324949e-01
2.241273e+01	-8.546396e-01	-8.277127e-01	5.181444e-01
1.938308e+01	-8.572398e-01	-8.100228e-01	5.043703e-01
1.751825e+01	-8.582075e-01	-7.894871e-01	4.902722e-01
1.645949e+01	-8.628720e-01	-7.670321e-01	4.781505e-01
1.505396e+01	-8.786966e-01	-7.425599e-01	4.680835e-01
1.490247e+01	-8.971733e-01	-7.192822e-01	4.586654e-01
1.464421e+01	-9.176954e-01	-7.058651e-01	4.504937e-01
1.293411e+01	-9.394634e-01	-7.068814e-01	4.419843e-01
1.169777e+01	-9.604428e-01	-7.100342e-01	4.343373e-01
1.041422e+01	-9.791426e-01	-7.190883e-01	4.275360e-01
8.758690e+00	-9.930018e-01	-7.391219e-01	4.190225e-01
8.412228e+00	-1.005651e+00	-7.576306e-01	4.112432e-01
8.735044e+00	-1.012485e+00	-7.766251e-01	4.030960e-01
9.100036e+00	-1.012480e+00	-7.909446e-01	3.933271e-01
9.420494e+00	-1.008458e+00	-8.006331e-01	3.832296e-01
1.017479e+01	-1.004821e+00	-8.094755e-01	3.739885e-01
9.983413e+00	-9.976296e-01	-8.052034e-01	3.662953e-01
9.911175e+00	-9.916527e-01	-7.972862e-01	3.615747e-01
1.015111e+01	-9.863561e-01	-7.888474e-01	3.583566e-01
9.793591e+00	-9.835376e-01	-7.767323e-01	3.622707e-01
9.760228e+00	-9.816508e-01	-7.632658e-01	3.670548e-01
9.922576e+00	-9.800294e-01	-7.523721e-01	3.722939e-01
9.368428e+00	-9.795521e-01	-7.479236e-01	3.810915e-01
8.743020e+00	-9.799173e-01	-7.461226e-01	3.904756e-01
8.481302e+00	-9.798578e-01	-7.432827e-01	3.991974e-01
7.917309e+00	-9.773136e-01	-7.474656e-01	4.075780e-01
7.607517e+00	-9.759976e-01	-7.513817e-01	4.159108e-01
7.470939e+00	-9.744899e-01	-7.561526e-01	4.224865e-01
7.404441e+00	-9.709997e-01	-7.619188e-01	4.269153e-01
7.437074e+00	-9.675644e-01	-7.669701e-01	4.303078e-01
7.526009e+00	-9.639051e-01	-7.727793e-01	4.324391e-01
7.541125e+00	-9.589295e-01	-7.759905e-01	4.318373e-01
7.574386e+00	-9.539393e-01	-7.783331e-01	4.298674e-01
7.622856e+00	-9.508164e-01	-7.789813e-01	4.287930e-01
7.599195e+00	-9.495307e-01	-7.777767e-01	4.263947e-01
7.549599e+00	-9.494249e-01	-7.743734e-01	4.252275e-01
7.537728e+00	-9.494912e-01	-7.701500e-01	4.234626e-01
7.554354e+00	-9.510707e-01	-7.648458e-01	4.212421e-01
7.604957e+00	-9.539753e-01	-7.594982e-01	4.195212e-01
7.688990e+00	-9.567326e-01	-7.555059e-01	4.177189e-01
7.726594e+00	-9.612836e-01	-7.520883e-01	4.168203e-01
7.697821e+00	-9.663204e-01	-7.507792e-01	4.158768e-01
7.655219e+00	-9.693298e-01	-7.511962e-01	4.140976e-01
6.067055e+02	-6.000000e-01	-1.350000e+00	1.000000e-01
3.668193e+02	-7.000000e-01	-1.250000e+00	2.000000e-01
2.113987e+02	-7.710904e-01	-1.147538e+00	2.840330e-01
8.564710e+01	-8.800973e-01	-1.020842e+00	3.775158e-01
3.704277e+01	-9.644895e-01	-9.081610e-01	4.512090e-01
3.567700e+01	-1.031559e+00	-7.995798e-01	5.156252e-01
6.240982e+01	-1.079577e+00	-6.930781e-01	5.647457e-01
6.716244e+01	-1.054786e+00	-6.116504e-01	5.761513e-01
8.040143e+01	-1.021270e+00	-5.432985e-01	5.853838e-01
9.316318e+01	-9.833679e-01	-4.964586e-01	5.891631e-01
8.262676e+01	-9.330044e-01	-5.047610e-01	5.845090e-01
7.775842e+01	-8.862960e-01	-5.149431e-01	5.788710e-01
7.239774e+01	-8.470265e-01	-5.367892e-01	5.747472e-01
6.222070e+01	-8.228019e-01	-5.744809e-01	5.706025e-01
5.693343e+01	-7.959862e-01	-6.119414e-01	5.646204e-01
4.791945e+01	-7.882489e-01	-6.551900e-01	5.617747e-01
3.318927e+01	-8.079273e-01	-7.069288e-01	5.611184e-01
2.519064e+01	-8.284002e-01	-7.529006e-01	5.600500e-01
2.328248e+01	-8.453300e-01	-7.946549e-01	5.574007e-01
2.464964e+01	-8.661103e-01	-8.291357e-01	5.510851e-01
2.853454e+01	-8.832511e-01	-8.571945e-01	5.431446e-01
3.464236e+01	-9.003716e-01	-8.826751e-01	5.358976e-01
3.669815e+01	-9.112778e-01	-8.922532e-01	5.250064e-01
3.906832e+01	-9.217408e-01	-9.011042e-01	5.149444e-01
3.802522e+01	-9.261216e-01	-9.032590e-01	5.008318e-01
3.104775e+01	-9.229251e-01	-8.915118e-01	4.813735e-01
2.414910e+01	-9.165821e-01	-8.755894e-01	4.622635e-01
1.955776e+01	-9.118733e-01	-8.609254e-01	4.453769e-01
1.552818e+01	-9.109777e-01	-8.416480e-01	4.291662e-01
1.310348e+01	-9.111184e-01	-8.214551e-01	4.144932e-01
1.247796e+01	-9.113356e-01	-8.025588e-01	4.015086e-01
1.153021e+01	-9.208299e-01	-7.840211e-01	3.938150e-01
1.143692e+01	-9.299938e-01	-7.681977e-01	3.874968e-01
1.199722e+01	-9.389013e-01	-7.535230e-01	3.820498e-01
1.142122e+01	-9.537031e-01	-7.440542e-01	3.811511e-01
1.087471e+01	-9.690110e-01	-7.364159e-01	3.828259e-01
1.071640e+01	-9.836134e-01	-7.305106e-01	3.849229e-01
1.033592e+01	-9.990208e-01	-7.294078e-01	3.897623e-01
1.050624e+01	-1.013714e+00	-7.299617e-01	3.949650e-01
1.112095e+01	-1.025534e+00	-7.314026e-01	3.993331e-01
1.138668e+01	-1.032083e+00	-7.364402e-01	4.027202e-01
1.189346e+01	-1.038011e+00	-7.414163e-01	4.058570e-01
1.222751e+01	-1.041450e+00	-7.460515e-01	4.073194e-01
1.130125e+01	-1.036334e+00	-7.507892e-01	4.058415e-01
1.053633e+01	-1.031642e+00	-7.554947e-01	4.042981e-01
9.827565e+00	-1.026774e+00	-7.599434e-01	4.020245e-01
8.764865e+00	-1.016915e+00	-7.643643e-01	3.981268e-01
8.066656e+00	-1.007184e+00	-7.681919e-01	3.943370e-01
7.737271e+00	-9.987351e-01	-7.713568e-01	3.909765e-01
7.625022e+00	-9.891962e-01	-7.745779e-01	3.884726e-01
7.756260e+00	-9.807296e-01	-7.777528e-01	3.862297e-01
7.963965e+00	-9.740905e-01	-7.794554e-01	3.851364e-01
7.929959e+00	-9.706709e-01	-7.797221e-01	3.873825e-01
7.904714e+00	-9.677012e-01	-7.804687e-01	3.895877e-01
7.868998e+00	-9.656438e-01	-7.814960e-01	3.917203e-01
7.606713e+00	-9.668518e-01	-7.808692e-01	3.962601e-01
7.435304e+00	-9.682415e-01	-7.806223e-01	4.001693e-01
7.331432e+00	-9.695805e-01	-7.806417e-01	4.039024e-01
7.277451e+00	-9.713073e-01	-7.804750e-01	4.074800e-01
7.265917e+00	-9.736361e-01	-7.796141e-01	4.111358e-01
7.299106e+00	-9.756371e-01	-7.784754e-01	4.143644e-01
7.323947e+00	-9.767311e-01	-7.768562e-01	4.165986e-01
7.317198e+00	-9.770277e-01	-7.751051e-01	4.176400e-01
7.333925e+00	-9.778986e-01	-7.729518e-01	4.189551e-01
7.304848e+00	-9.781366e-01	-7.701170e-01	4.188533e-01
7.283643e+00	-9.777811e-01	-7.677694e-01	4.187015e-01
7.268980e+00	-9.773145e-01	-7.656078e-01	4.181718e-01
7.240878e+00	-9.764317e-01	-7.643459e-01	4.166030e-01
7.238486e+00	-9.758686e-01	-7.631751e-01	4.155487e-01
7.241930e+00	-9.751358e-01	-7.621684e-01	4.140916e-01
7.233834e+00	-9.741428e-01	-7.623585e-01	4.126081e-01
7.233143e+00	-9.730545e-01	-7.629047e-01	4.106711e-01
7.235866e+00	-9.733055e-01	-7.633175e-01	4.093390e-01
7.211182e+00	-9.747279e-01	-7.652667e-01	4.078117e-01
7.192356e+00	-9.755855e-01	-7.674255e-01	4.067427e-01
7.187480e+00	-9.770031e-01	-7.687245e-01	4.061762e-01
7.191402e+00	-9.789720e-01	-7.700122e-01	4.060624e-01
7.208514e+00	-9.806784e-01	-7.713532e-01	4.056194e-01
7.234555e+00	-9.822647e-01	-7.726356e-01	4.055100e-01
7.265990e+00	-9.840057e-01	-7.727179e-01	4.059092e-01
7.301297e+00	-9.855302e-01	-7.728855e-01	4.061130e-01
7.317433e+00	-9.860428e-01	-7.735041e-01	4.057380e-01
7.302956e+00	-9.855948e-01	-7.735077e-01	4.048946e-01
7.284407e+00	-9.845935e-01	-7.738717e-01	4.040218e-01
7.272979e+00	-9.840601e-01	-7.735508e-01	4.034074e-01
7.252760e+00	-9.828018e-01	-7.732224e-01	4.031702e-01
7.238111e+00	-9.814017e-01	-7.727102e-01	4.026786e-01
7.235606e+00	-9.808513e-01	-7.719274e-01	4.023243e-01
7.229511e+00	-9.800007e-01	-7.716312e-01	4.023971e-01
7.225320e+00	-9.799801e-01	-7.707584e-01	4.028209e-01
7.224668e+00	-9.800437e-01	-7.700648e-01	4.030885e-01
7.221063e+00	-9.803801e-01	-7.699794e-01	4.036208e-01
7.227217e+00	-9.817505e-01	-7.693506e-01	4.046544e-01
7.228868e+00	-9.820199e-01	-7.689424e-01	4.052590e-01
7.416943e+02	-1.500000e+00	-3.000000e-01	7.300000e-01
4.596753e+02	-1.400000e+00	-4.000000e-01	6.300000e-01
2.026719e+02	-1.279216e+00	-5.341276e-01	5.191712e-01
6.104154e+01	-1.158519e+00	-6.362065e-01	4.157083e-01
1.762387e+01	-1.057884e+00	-7.340124e-01	3.348491e-01
4.492232e+01	-9.672551e-01	-8.222938e-01	2.617442e-01
8.663886e+01	-8.911318e-01	-9.005892e-01	2.386523e-01
9.195461e+01	-8.459761e-01	-9.491367e-01	2.705253e-01
9.955524e+01	-8.084500e-01	-9.818414e-01	3.044913e-01
9.163139e+01	-7.851597e-01	-9.782906e-01	3.476117e-01
6.746211e+01	-7.831453e-01	-9.365446e-01	3.976689e-01
4.961526e+01	-7.867299e-01	-8.938289e-01	4.449620e-01
3.814963e+01	-7.917541e-01	-8.503885e-01	4.871774e-01
2.893335e+01	-8.078324e-01	-8.006182e-01	5.249750e-01
2.571491e+01	-8.250907e-01	-7.539427e-01	5.587772e-01
2.724362e+01	-8.427284e-01	-7.123028e-01	5.886903e-01
3.135232e+01	-8.641538e-01	-6.771762e-01	6.114101e-01
3.805841e+01	-8.832659e-01	-6.465990e-01	6.310847e-01
4.537364e+01	-9.014740e-01	-6.246806e-01	6.481807e-01
5.088688e+01	-9.162672e-01	-6.130747e-01	6.587295e-01
5.550829e+01	-9.285165e-01	-6.053900e-01	6.658454e-01
5.912334e+01	-9.404576e-01	-6.036695e-01	6.719512e-01
5.888775e+01	-9.465420e-01	-6.096812e-01	6.713212e-01
5.759201e+01	-9.524287e-01	-6.208943e-01	6.698699e-01
5.565616e+01	-9.556082e-01	-6.307706e-01	6.659594e-01
5.124646e+01	-9.540457e-01	-6.413192e-01	6.557807e-01
4.682197e+01	-9.517798e-01	-6.534262e-01	6.462095e-01
4.152220e+01	-9.474486e-01	-6.675896e-01	6.342362e-01
3.461505e+01	-9.392548e-01	-6.836161e-01	6.159860e-01
2.887480e+01	-9.305088e-01	-6.952920e-01	5.973742e-01
2.429837e+01	-9.231969e-01	-7.087497e-01	5.805953e-01
2.010157e+01	-9.152610e-01	-7.207507e-01	5.605868e-01
1.697834e+01	-9.076267e-01	-7.332742e-01	5.417628e-01
1.481106e+01	-9.020996e-01	-7.443635e-01	5.236787e-01
1.318767e+01	-8.992149e-01	-7.544253e-01	5.048446e-01
1.223331e+01	-8.972215e-01	-7.615866e-01	4.875487e-01
1.171562e+01	-8.963239e-01	-7.688226e-01	4.714234e-01
1.121882e+01	-8.991869e-01	-7.743484e-01	4.562758e-01
1.084776e+01	-9.034219e-01	-7.786578e-01	4.429058e-01
1.067425e+01	-9.076488e-01	-7.820780e-01	4.309286e-01
1.006466e+01	-9.159032e-01	-7.822405e-01	4.220895e-01
9.590618e+00	-9.238672e-01	-7.834321e-01	4.143620e-01
9.161470e+00	-9.320088e-01	-7.842795e-01	4.078402e-01
8.518338e+00	-9.426576e-01	-7.860321e-01	4.043792e-01
8.047171e+00	-9.527751e-01	-7.864174e-01	4.015939e-01
7.694883e+00	-9.623046e-01	-7.854094e-01	3.999865e-01
7.421129e+00	-9.722028e-01	-7.827739e-01	4.001372e-01
7.322494e+00	-9.812413e-01	-7.788789e-01	4.009645e-01
7.418166e+00	-9.892257e-01	-7.761068e-01	4.017354e-01
7.611665e+00	-9.958804e-01	-7.729220e-01	4.027541e-01
7.846563e+00	-1.001073e+00	-7.698338e-01	4.036950e-01
8.110767e+00	-1.005440e+00	-7.671210e-01	4.045947e-01
8.218205e+00	-1.006971e+00	-7.651574e-01	4.048918e-01
8.297246e+00	-1.007759e+00	-7.625037e-01	4.052961e-01
8.374722e+00	-1.008466e+00	-7.606810e-01	4.056116e-01
8.308046e+00	-1.007163e+00	-7.594531e-01	4.056401e-01
8.229569e+00	-1.005393e+00	-7.579283e-01	4.056841e-01
8.089561e+00	-1.003086e+00	-7.581733e-01	4.056030e-01
7.860544e+00	-9.992628e-01	-7.597669e-01	4.057067e-01
7.639966e+00	-9.951408e-01	-7.622235e-01	4.059934e-01
7.472090e+00	-9.913247e-01	-7.645816e-01	4.061313e-01
7.343417e+00	-9.873626e-01	-7.668689e-01	4.070651e-01
7.259774e+00	-9.838719e-01	-7.693591e-01	4.079636e-01
7.200914e+00	-9.798923e-01	-7.719589e-01	4.085682e-01
7.175189e+00	-9.754014e-01	-7.741445e-01	4.094053e-01
7.174809e+00	-9.716776e-01	-7.750448e-01	4.105212e-01
7.200757e+00	-9.684876e-01	-7.764280e-01	4.116840e-01
7.202461e+00	-9.665676e-01	-7.756360e-01	4.141264e-01
7.214747e+00	-9.646349e-01	-7.750402e-01	4.159368e-01
7.234601e+00	-9.627628e-01	-7.746177e-01	4.175080e-01
7.244801e+00	-9.615128e-01	-7.732556e-01	4.191741e-01
7.254475e+00	-9.607623e-01	-7.713905e-01	4.208982e-01
7.271652e+00	-9.602903e-01	-7.699242e-01	4.226737e-01
7.299135e+00	-9.604255e-01	-7.672901e-01	4.248516e-01
7.338239e+00	-9.607799e-01	-7.647934e-01	4.266036e-01
7.376150e+00	-9.613711e-01	-7.634100e-01	4.282068e-01
4.243417e+02	-1.400000e+00	-6.000000e-01	6.600000e-01
2.564133e+02	-1.300000e+00	-5.000000e-01	5.600000e-01
1.433483e+02	-1.180110e+00	-4.929824e-01	4.436575e-01
9.174535e+01	-1.068013e+00	-5.358939e-01	3.652728e-01
4.828230e+01	-9.919450e-01	-6.140574e-01	3.628235e-01
3.198714e+01	-9.222248e-01	-6.878448e-01	3.579097e-01
3.307345e+01	-8.605693e-01	-7.593169e-01	3.608085e-01
3.545980e+01	-8.275864e-01	-8.210509e-01	3.852093e-01
4.392269e+01	-8.068904e-01	-8.784462e-01	4.115173e-01
5.674808e+01	-7.906232e-01	-9.256960e-01	4.374218e-01
5.847107e+01	-7.933854e-01	-9.402592e-01	4.638810e-01
5.733307e+01	-7.979582e-01	-9.421791e-01	4.899598e-01
5.505126e+01	-8.024471e-01	-9.374939e-01	5.097164e-01
4.595597e+01	-8.123755e-01	-9.117516e-01	5.216054e-01
3.750538e+01	-8.236505e-01	-8.836626e-01	5.310359e-01
3.020478e+01	-8.356864e-01	-8.529970e-01	5.402191e-01
2.307362e+01	-8.522124e-01	-8.154666e-01	5.425393e-01
1.898498e+01	-8.698341e-01	-7.790083e-01	5.457206e-01
1.776514e+01	-8.842587e-01	-7.436884e-01	5.459160e-01
1.852018e+01	-8.996463e-01	-7.121195e-01	5.416535e-01
2.131757e+01	-9.131583e-01	-6.827455e-01	5.365233e-01
2.539881e+01	-9.253547e-01	-6.573250e-01	5.309364e-01
2.844405e+01	-9.360156e-01	-6.422013e-01	5.243203e-01
3.136050e+01	-9.443737e-01	-6.299755e-01	5.175116e-01
3.319235e+01	-9.533001e-01	-6.232503e-01	5.114490e-01
3.119477e+01	-9.612574e-01	-6.306190e-01	5.080201e-01
2.872547e+01	-9.676880e-01	-6.397591e-01	5.030026e-01
2.633423e+01	-9.724670e-01	-6.489362e-01	4.979352e-01
2.257761e+01	-9.752276e-01	-6.647078e-01	4.931627e-01
1.919429e+01	-9.773909e-01	-6.808368e-01	4.878395e-01
1.604338e+01	-9.776618e-01	-6.978186e-01	4.818590e-01
1.302709e+01	-9.760043e-01	-7.162279e-01	4.736350e-01
1.083032e+01	-9.739238e-01	-7.335392e-01	4.655127e-01
9.280444e+00	-9.707584e-01	-7.496722e-01	4.569710e-01
8.173714e+00	-9.661748e-01	-7.640429e-01	4.460380e-01
7.723457e+00	-9.613687e-01	-7.768138e-01	4.356536e-01
7.781215e+00	-9.568108e-01	-7.877282e-01	4.252718e-01
8.069916e+00	-9.529269e-01	-7.941085e-01	4.145191e-01
8.560928e+00	-9.500393e-01	-7.985992e-01	4.054990e-01
9.250110e+00	-9.472321e-01	-8.023534e-01	3.970705e-01
9.370212e+00	-9.474375e-01	-8.007253e-01	3.929272e-01
9.475220e+00	-9.479886e-01	-7.992659e-01	3.896203e-01
9.557409e+00	-9.487251e-01	-7.979361e-01	3.869869e-01
8.948000e+00	-9.521353e-01	-7.933577e-01	3.896742e-01
8.466734e+00	-9.554702e-01	-7.895532e-01	3.921951e-01
8.022942e+00	-9.590361e-01	-7.856965e-01	3.952602e-01
7.523788e+00	-9.638713e-01	-7.808047e-01	4.008605e-01
7.253447e+00	-9.682611e-01	-7.766787e-01	4.060535e-01
7.152395e+00	-9.724555e-01	-7.720961e-01	4.115378e-01
7.217240e+00	-9.758492e-01	-7.672157e-01	4.169249e-01
7.431508e+00	-9.790916e-01	-7.619564e-01	4.220808e-01
7.712600e+00	-9.815747e-01	-7.576500e-01	4.262988e-01
7.916483e+00	-9.819896e-01	-7.538577e-01	4.288602e-01
8.148400e+00	-9.824596e-01	-7.500011e-01	4.310390e-01
8.322426e+00	-9.822769e-01	-7.469740e-01	4.324694e-01
8.265070e+00	-9.795902e-01	-7.456056e-01	4.319805e-01
8.239465e+00	-9.772371e-01	-7.443374e-01	4.314276e-01
8.225369e+00	-9.750859e-01	-7.434375e-01	4.309895e-01
8.119937e+00	-9.721695e-01	-7.440844e-01	4.301748e-01
8.018744e+00	-9.690958e-01	-7.450425e-01	4.291531e-01
7.927544e+00	-9.664245e-01	-7.464471e-01	4.285207e-01
7.796368e+00	-9.639429e-01	-7.490157e-01	4.277324e-01
7.696080e+00	-9.612044e-01	-7.516684e-01	4.272120e-01
7.602331e+00	-9.592311e-01	-7.546887e-01	4.271746e-01
7.505176e+00	-9.576023e-01	-7.586845e-01	4.276114e-01
7.463065e+00	-9.562840e-01	-7.618378e-01	4.283009e-01
7.439983e+00	-9.554760e-01	-7.646731e-01	4.287463e-01
7.440967e+00	-9.554953e-01	-7.659626e-01	4.296975e-01
7.435816e+00	-9.556717e-01	-7.671534e-01	4.299553e-01
7.433003e+00	-9.556596e-01	-7.683866e-01	4.299450e-01
7.428755e+00	-9.562228e-01	-7.679656e-01	4.301027e-01
7.416698e+00	-9.564777e-01	-7.671926e-01	4.295183e-01
7.400976e+00	-9.569621e-01	-7.666567e-01	4.288286e-01
7.384129e+00	-9.573661e-01	-7.657134e-01	4.276304e-01
7.369817e+00	-9.581178e-01	-7.648239e-01	4.266615e-01
7.368670e+00	-9.590606e-01	-7.632930e-01	4.259339e-01
7.372785e+00	-9.601398e-01	-7.616603e-01	4.248751e-01
7.396131e+00	-9.613627e-01	-7.597785e-01	4.245742e-01
7.415741e+00	-9.625408e-01	-7.584285e-01	4.243099e-01
7.420054e+00	-9.635483e-01	-7.578927e-01	4.241982e-01
7.413768e+00	-9.645028e-01	-7.578803e-01	4.242918e-01
7.427199e+00	-9.656587e-01	-7.573036e-01	4.245753e-01
7.449535e+00	-9.667452e-01	-7.568862e-01	4.255313e-01
7.473167e+00	-9.679323e-01	-7.565810e-01	4.263234e-01
7.475393e+00	-9.685624e-01	-7.567410e-01	4.265357e-01
7.455169e+00	-9.685903e-01	-7.573202e-01	4.262915e-01
7.446338e+00	-9.688851e-01	-7.577517e-01	4.263184e-01
7.428115e+00	-9.687474e-01	-7.582903e-01	4.261055e-01
7.388634e+00	-9.681895e-01	-7.592707e-01	4.253546e-01
7.371248e+00	-9.672701e-01	-7.596637e-01	4.249935e-01
7.350115e+00	-9.666262e-01	-7.602314e-01	4.244331e-01
7.319529e+00	-9.657255e-01	-7.611859e-01	4.234480e-01
7.298184e+00	-9.649866e-01	-7.620946e-01	4.227437e-01
7.294512e+00	-9.643436e-01	-7.623758e-01	4.224356e-01
7.293942e+00	-9.635749e-01	-7.627419e-01	4.223797e-01
7.309618e+00	-9.633413e-01	-7.622289e-01	4.229498e-01
7.311688e+00	-9.630564e-01	-7.623015e-01	4.230431e-01
7.307975e+00	-9.623760e-01	-7.628673e-01	4.229521e-01
7.316562e+00	-9.621968e-01	-7.627569e-01	4.235630e-01
7.322816e+00	-9.623456e-01	-7.625465e-01	4.240295e-01
7.347665e+00	-9.630819e-01	-7.614852e-01	4.251256e-01
7.361402e+00	-9.639991e-01	-7.610438e-01	4.258955e-01
7.374561e+00	-9.642073e-01	-7.606791e-01	4.263414e-01
7.378107e+00	-9.637489e-01	-7.606380e-01	4.264098e-01
7.401316e+00	-9.636854e-01	-7.598321e-01	4.268120e-01
7.411128e+00	-9.638232e-01	-7.594262e-01	4.269007e-01
2.843907e+02	-7.000000e-01	-1.050000e+00	1.700000e-01
1.097726e+02	-8.000000e-01	-9.500000e-01	2.700000e-01
1.662346e+01	-9.067272e-01	-8.191980e-01	3.792332e-01
1.765816e+01	-1.009399e+00	-7.145293e-01	4.793894e-01
4.956289e+01	-1.057902e+00	-6.458257e-01	5.330979e-01
8.304675e+01	-1.089205e+00	-6.060833e-01	5.773764e-01
1.091319e+02	-1.110687e+00	-5.932624e-01	6.122062e-01
8.916505e+01	-1.084710e+00	-6.175380e-01	6.090526e-01
6.699527e+01	-1.052248e+00	-6.489376e-01	6.021168e-01
4.917084e+01	-1.017569e+00	-6.696008e-01	5.935256e-01
2.934817e+01	-9.702044e-01	-6.968547e-01	5.710925e-01
1.873104e+01	-9.236303e-01	-7.171742e-01	5.468488e-01
1.621289e+01	-8.829456e-01	-7.393463e-01	5.242796e-01
1.835889e+01	-8.527715e-01	-7.668186e-01	5.003219e-01
2.389865e+01	-8.285031e-01	-7.952037e-01	4.787314e-01
3.095121e+01	-8.121291e-01	-8.269055e-01	4.595497e-01
3.299877e+01	-8.135094e-01	-8.409395e-01	4.440768e-01
3.551596e+01	-8.175328e-01	-8.605206e-01	4.306270e-01
3.660487e+01	-8.273411e-01	-8.765705e-01	4.191676e-01
2.929818e+01	-8.508041e-01	-8.642746e-01	4.121771e-01
2.367223e+01	-8.750465e-01	-8.569512e-01	4.059806e-01
1.877879e+01	-8.963531e-01	-8.446636e-01	3.996579e-01
1.324241e+01	-9.212709e-01	-8.229105e-01	3.951957e-01
9.732650e+00	-9.451539e-01	-8.028377e-01	3.915775e-01
7.991739e+00	-9.669242e-01	-7.827093e-01	3.889752e-01
7.663473e+00	-9.872832e-01	-7.670183e-01	3.891816e-01
8.293949e+00	-1.005215e+00	-7.560250e-01	3.903615e-01
9.591723e+00	-1.021497e+00	-7.470570e-01	3.912535e-01
1.026690e+01	-1.032073e+00	-7.516953e-01	3.933709e-01
1.125052e+01	-1.041624e+00	-7.571163e-01	3.953059e-01
1.198403e+01	-1.046848e+00	-7.590851e-01	3.964957e-01
1.130825e+01	-1.042621e+00	-7.606865e-01	3.946752e-01
1.063801e+01	-1.037797e+00	-7.586283e-01	3.919379e-01
9.982239e+00	-1.031868e+00	-7.581797e-01	3.899704e-01
8.936102e+00	-1.020587e+00	-7.630762e-01	3.882232e-01
8.289972e+00	-1.010259e+00	-7.670087e-01	3.865466e-01
7.933644e+00	-9.996084e-01	-7.700199e-01	3.847812e-01
7.790090e+00	-9.885928e-01	-7.770499e-01	3.845759e-01
7.904894e+00	-9.788370e-01	-7.837108e-01	3.851898e-01
8.258824e+00	-9.693445e-01	-7.905274e-01	3.860675e-01
8.606178e+00	-9.608980e-01	-7.957662e-01	3.891657e-01
9.091562e+00	-9.534125e-01	-8.009405e-01	3.917739e-01
9.681846e+00	-9.468675e-01	-8.064161e-01	3.943528e-01
9.930275e+00	-9.425710e-01	-8.083178e-01	3.975822e-01
1.020573e+01	-9.386907e-01	-8.101713e-01	4.003943e-01
1.012530e+01	-9.359496e-01	-8.083499e-01	4.034133e-01
9.459798e+00	-9.353095e-01	-7.997545e-01	4.069305e-01
8.957822e+00	-9.350774e-01	-7.908739e-01	4.099929e-01
8.596432e+00	-9.363322e-01	-7.852518e-01	4.129543e-01
8.171422e+00	-9.403221e-01	-7.827175e-01	4.166158e-01
7.858660e+00	-9.448121e-01	-7.817812e-01	4.199671e-01
7.646591e+00	-9.488278e-01	-7.799408e-01	4.227448e-01
7.539006e+00	-9.539886e-01	-7.805328e-01	4.247516e-01
7.439070e+00	-9.580370e-01	-7.781143e-01	4.258330e-01
7.402211e+00	-9.615355e-01	-7.765993e-01	4.265105e-01
7.353869e+00	-9.640691e-01	-7.754363e-01	4.254077e-01
7.272906e+00	-9.660240e-01	-7.724895e-01	4.235500e-01
7.226055e+00	-9.673915e-01	-7.699161e-01	4.218508e-01
7.189139e+00	-9.676886e-01	-7.695642e-01	4.192286e-01
7.169213e+00	-9.678189e-01	-7.699784e-01	4.168059e-01
7.162247e+00	-9.678594e-01	-7.705077e-01	4.142149e-01
7.182356e+00	-9.673899e-01	-7.736657e-01	4.114934e-01
7.238562e+00	-9.672717e-01	-7.773462e-01	4.089037e-01
7.339866e+00	-9.667900e-01	-7.812482e-01	4.066669e-01
7.465225e+00	-9.662343e-01	-7.846536e-01	4.047167e-01
7.627623e+00	-9.653431e-01	-7.879909e-01	4.027564e-01
7.799720e+00	-9.645148e-01	-7.909116e-01	4.009994e-01
