# loss | a0 ... a3
1.908347e+02	-1.328148e+00	-6.700000e-01	-1.880081e+00
1.911365e+02	-1.486648e+00	-8.285000e-01	-1.721581e+00
1.195676e+02	-1.330255e+00	-8.657645e-01	-1.585666e+00
4.699395e+01	-1.148649e+00	-8.087439e-01	-1.400413e+00
2.872858e+01	-9.475541e-01	-7.854149e-01	-1.190918e+00
3.603454e+01	-8.434827e-01	-7.925025e-01	-1.018795e+00
4.040161e+01	-7.915122e-01	-7.862739e-01	-8.456046e-01
2.627977e+01	-8.165898e-01	-7.898205e-01	-6.639938e-01
2.806778e+01	-8.361641e-01	-7.903174e-01	-5.130360e-01
3.586829e+01	-8.529066e-01	-7.818860e-01	-4.097428e-01
4.099549e+01	-8.519611e-01	-7.650830e-01	-3.571124e-01
4.158202e+01	-8.472029e-01	-7.433193e-01	-3.453740e-01
4.475073e+01	-8.735670e-01	-7.266162e-01	-3.334700e-01
4.368531e+01	-8.832381e-01	-7.049756e-01	-3.512764e-01
4.300976e+01	-8.903362e-01	-6.862874e-01	-3.696484e-01
3.879813e+01	-8.992159e-01	-6.818238e-01	-4.123453e-01
3.431242e+01	-9.082131e-01	-6.705492e-01	-4.699901e-01
3.153681e+01	-9.161999e-01	-6.615241e-01	-5.191370e-01
2.920735e+01	-9.318021e-01	-6.580838e-01	-5.671425e-01
2.507848e+01	-9.402853e-01	-6.617471e-01	-6.271538e-01
2.103322e+01	-9.502383e-01	-6.706509e-01	-6.837266e-01
1.775463e+01	-9.577428e-01	-6.796249e-01	-7.385038e-01
1.452323e+01	-9.677092e-01	-6.929086e-01	-7.942177e-01
1.187581e+01	-9.702529e-01	-7.082899e-01	-8.475433e-01
9.036521e+00	-9.849641e-01	-7.325480e-01	-8.804253e-01
7.868640e+00	-9.972414e-01	-7.557946e-01	-9.072260e-01
8.418576e+00	-1.009986e+00	-7.792508e-01	-9.259115e-01
1.009707e+01	-1.019576e+00	-7.977084e-01	-9.421867e-01
1.152967e+01	-1.023540e+00	-8.103330e-01	-9.626857e-01
1.239281e+01	-1.023188e+00	-8.181217e-01	-9.759408e-01
1.214317e+01	-1.017023e+00	-8.200055e-01	-9.945364e-01
1.208324e+01	-1.010847e+00	-8.206913e-01	-1.013313e+00
1.149271e+01	-9.983058e-01	-8.144186e-01	-1.029949e+00
1.176578e+01	-9.854501e-01	-8.082692e-01	-1.044239e+00
1.171737e+01	-9.794217e-01	-7.964719e-01	-1.048352e+00
1.143459e+01	-9.791022e-01	-7.857611e-01	-1.045005e+00
1.100053e+01	-9.781781e-01	-7.802075e-01	-1.035165e+00
1.068935e+01	-9.773529e-01	-7.752529e-01	-1.026390e+00
9.901864e+00	-9.815234e-01	-7.749478e-01	-1.014982e+00
8.923158e+00	-9.867288e-01	-7.726439e-01	-9.948083e-01
8.055960e+00	-9.960630e-01	-7.745403e-01	-9.675375e-01
8.061265e+00	-1.005035e+00	-7.781077e-01	-9.426923e-01
8.366004e+00	-1.007260e+00	-7.815078e-01	-9.203704e-01
8.652381e+00	-1.007677e+00	-7.801667e-01	-8.988149e-01
9.046232e+00	-1.007559e+00	-7.794597e-01	-8.800579e-01
9.044432e+00	-1.003421e+00	-7.788722e-01	-8.663409e-01
8.723327e+00	-9.978463e-01	-7.761747e-01	-8.575403e-01
7.910408e+00	-9.889244e-01	-7.676922e-01	-8.574882e-01
7.454491e+00	-9.764818e-01	-7.600314e-01	-8.576095e-01
7.526654e+00	-9.671367e-01	-7.541047e-01	-8.570498e-01
7.867281e+00	-9.587952e-01	-7.490378e-01	-8.570957e-01
8.316919e+00	-9.528202e-01	-7.445334e-01	-8.543194e-01
8.713241e+00	-9.472613e-01	-7.423051e-01	-8.528438e-01
8.348307e+00	-9.513190e-01	-7.444803e-01	-8.484010e-01
7.953551e+00	-9.560838e-01	-7.485797e-01	-8.437739e-01
7.767540e+00	-9.633328e-01	-7.521132e-01	-8.355295e-01
7.744489e+00	-9.688137e-01	-7.567124e-01	-8.313761e-01
7.901067e+00	-9.745276e-01	-7.591315e-01	-8.291257e-01
7.898388e+00	-9.752589e-01	-7.593996e-01	-8.302443e-01
7.839912e+00	-9.763571e-01	-7.615703e-01	-8.338782e-01
7.754171e+00	-9.767113e-01	-7.640331e-01	-8.381192e-01
7.754864e+00	-9.785531e-01	-7.651878e-01	-8.414117e-01
7.567876e+00	-9.757464e-01	-7.650990e-01	-8.459344e-01
7.404343e+00	-9.725284e-01	-7.642042e-01	-8.515458e-01
7.263944e+00	-9.683740e-01	-7.638557e-01	-8.615965e-01
7.222614e+00	-9.652595e-01	-7.651057e-01	-8.725251e-01
7.202933e+00	-9.679152e-01	-7.648851e-01	-8.781163e-01
7.185491e+00	-9.706378e-01	-7.653035e-01	-8.830742e-01
7.194216e+00	-9.702072e-01	-7.657897e-01	-8.889058e-01
7.219195e+00	-9.694197e-01	-7.672182e-01	-8.961456e-01
7.214033e+00	-9.708161e-01	-7.697499e-01	-9.016979e-01
7.253481e+00	-9.703898e-01	-7.717735e-01	-9.071809e-01
7.200343e+00	-9.748553e-01	-7.725746e-01	-9.056957e-01
7.214344e+00	-9.784374e-01	-7.754931e-01	-9.011312e-01
7.292495e+00	-9.835114e-01	-7.743228e-01	-8.946923e-01
7.454990e+00	-9.883381e-01	-7.734407e-01	-8.902077e-01
7.593306e+00	-9.918094e-01	-7.728657e-01	-8.895991e-01
7.417966e+00	-9.882338e-01	-7.710225e-01	-8.906660e-01
7.287818e+00	-9.847190e-01	-7.692974e-01	-8.936664e-01
7.268659e+00	-9.835798e-01	-7.663535e-01	-8.955780e-01
7.277808e+00	-9.820778e-01	-7.637269e-01	-8.979097e-01
7.362294e+00	-9.824346e-01	-7.603660e-01	-9.005927e-01
7.372017e+00	-9.802494e-01	-7.592354e-01	-8.992036e-01
7.388274e+00	-9.783794e-01	-7.583163e-01	-8.978692e-01
7.340467e+00	-9.791969e-01	-7.595678e-01	-8.949965e-01
7.264712e+00	-9.782546e-01	-7.620261e-01	-8.914591e-01
7.212155e+00	-9.779424e-01	-7.651758e-01	-8.860565e-01
7.173515e+00	-9.763824e-01	-7.687451e-01	-8.853766e-01
7.205159e+00	-9.778470e-01	-7.698933e-01	-8.820829e-01
7.230192e+00	-9.785243e-01	-7.717687e-01	-8.815975e-01
7.310598e+00	-9.816120e-01	-7.714824e-01	-8.797989e-01
7.285402e+00	-9.806616e-01	-7.709185e-01	-8.793365e-01
7.231234e+00	-9.786933e-01	-7.692055e-01	-8.797792e-01
7.164938e+00	-9.733053e-01	-7.678790e-01	-8.808603e-01
7.158851e+00	-9.710144e-01	-7.684340e-01	-8.795954e-01
7.165839e+00	-9.682069e-01	-7.685954e-01	-8.818074e-01
7.182199e+00	-9.684387e-01	-7.664313e-01	-8.816199e-01
7.178703e+00	-9.704401e-01	-7.658500e-01	-8.824672e-01
7.185673e+00	-9.717970e-01	-7.651331e-01	-8.843648e-01
7.170463e+00	-9.725896e-01	-7.663436e-01	-8.836084e-01
7.202192e+00	-9.758796e-01	-7.652958e-01	-8.810189e-01
7.227902e+00	-9.767343e-01	-7.646204e-01	-8.785010e-01
7.244721e+00	-9.774964e-01	-7.642397e-01	-8.779877e-01
7.362936e+00	-9.808630e-01	-7.621504e-01	-8.736533e-01
7.439918e+00	-9.833113e-01	-7.616876e-01	-8.729843e-01
7.368317e+00	-9.799919e-01	-7.601708e-01	-8.750131e-01
7.418546e+00	-9.789792e-01	-7.572533e-01	-8.757366e-01
7.479483e+00	-9.788544e-01	-7.553790e-01	-8.748132e-01
7.445506e+00	-9.795671e-01	-7.565962e-01	-8.761910e-01
7.558314e+00	-9.848435e-01	-7.578059e-01	-8.730208e-01
7.615009e+00	-9.880661e-01	-7.595848e-01	-8.747426e-01
7.459980e+00	-9.852881e-01	-7.613908e-01	-8.777588e-01
7.327533e+00	-9.821963e-01	-7.636159e-01	-8.802719e-01
7.171852e+00	-9.736879e-01	-7.663446e-01	-8.852318e-01
7.192268e+00	-9.688658e-01	-7.661710e-01	-8.864287e-01
7.241050e+00	-9.649157e-01	-7.672803e-01	-8.881670e-01
7.211424e+00	-9.652649e-01	-7.693534e-01	-8.875857e-01
7.167504e+00	-9.686329e-01	-7.733996e-01	-8.848598e-01
7.219517e+00	-9.757287e-01	-7.740762e-01	-8.801448e-01
7.257723e+00	-9.772085e-01	-7.737899e-01	-8.776044e-01
7.248537e+00	-9.775899e-01	-7.729929e-01	-8.783205e-01
7.189302e+00	-9.760552e-01	-7.707400e-01	-8.808262e-01
7.225768e+00	-9.788386e-01	-7.673602e-01	-8.813373e-01
7.227471e+00	-9.772706e-01	-7.640141e-01	-8.825318e-01
7.244557e+00	-9.759581e-01	-7.621660e-01	-8.841085e-01
7.231855e+00	-9.762544e-01	-7.628806e-01	-8.872636e-01
7.280603e+00	-9.801709e-01	-7.626609e-01	-8.846482e-01
7.264227e+00	-9.792897e-01	-7.630166e-01	-8.837769e-01
7.251965e+00	-9.779582e-01	-7.627198e-01	-8.838398e-01
