# loss | a0 ... a3
1.083516e+03	-2.359259e+00	-2.990000e+00	-2.216225e+00
1.067631e+03	-2.526258e+00	-2.823000e+00	-2.049225e+00
1.108865e+03	-2.676633e+00	-2.672625e+00	-1.898850e+00
1.645130e+03	-2.847009e+00	-2.501234e+00	-1.727125e+00
1.120686e+03	-2.682710e+00	-2.662607e+00	-1.883594e+00
1.066046e+03	-2.572675e+00	-2.770592e+00	-1.988093e+00
1.072054e+03	-2.473654e+00	-2.867666e+00	-2.081825e+00
1.080242e+03	-2.388127e+00	-2.947897e+00	-2.154712e+00
1.084548e+03	-2.311113e+00	-3.020142e+00	-2.220343e+00
1.086167e+03	-2.251581e+00	-3.075987e+00	-2.271076e+00
1.086865e+03	-2.197976e+00	-3.126273e+00	-2.316759e+00
1.087159e+03	-2.149707e+00	-3.171552e+00	-2.357893e+00
1.087282e+03	-2.106256e+00	-3.212289e+00	-2.394863e+00
1.087330e+03	-2.070664e+00	-3.245657e+00	-2.425146e+00
1.087353e+03	-2.038615e+00	-3.275704e+00	-2.452414e+00
1.087364e+03	-2.009757e+00	-3.302757e+00	-2.476963e+00
1.087369e+03	-1.983772e+00	-3.327118e+00	-2.499068e+00
1.087372e+03	-1.961809e+00	-3.347707e+00	-2.517751e+00
1.087373e+03	-1.942032e+00	-3.366247e+00	-2.534574e+00
1.087374e+03	-1.924224e+00	-3.382941e+00	-2.549723e+00
1.087374e+03	-1.908189e+00	-3.397973e+00	-2.563363e+00
1.087374e+03	-1.894369e+00	-3.410929e+00	-2.575119e+00
1.087375e+03	-1.881924e+00	-3.422595e+00	-2.585705e+00
1.087375e+03	-1.870719e+00	-3.433100e+00	-2.595237e+00
1.087375e+03	-1.860629e+00	-3.442559e+00	-2.603820e+00
1.087375e+03	-1.851817e+00	-3.450819e+00	-2.611315e+00
1.087375e+03	-1.843882e+00	-3.458258e+00	-2.618065e+00
1.087375e+03	-1.836738e+00	-3.464955e+00	-2.624142e+00
1.087375e+03	-1.830304e+00	-3.470986e+00	-2.629615e+00
1.087375e+03	-1.824633e+00	-3.476303e+00	-2.634439e+00
1.087375e+03	-1.819526e+00	-3.481091e+00	-2.638783e+00
1.087375e+03	-1.814928e+00	-3.485401e+00	-2.642695e+00
1.087375e+03	-1.810787e+00	-3.489283e+00	-2.646217e+00
1.087375e+03	-1.807111e+00	-3.492729e+00	-2.649344e+00
1.087375e+03	-1.803801e+00	-3.495832e+00	-2.652159e+00
1.087375e+03	-1.800821e+00	-3.498626e+00	-2.654695e+00
1.087375e+03	-1.798137e+00	-3.501142e+00	-2.656977e+00
1.087375e+03	-1.795742e+00	-3.503387e+00	-2.659015e+00
1.087375e+03	-1.793585e+00	-3.505409e+00	-2.660849e+00
1.087375e+03	-1.791643e+00	-3.507229e+00	-2.662501e+00
1.087375e+03	-1.789895e+00	-3.508869e+00	-2.663989e+00
1.087375e+03	-1.788327e+00	-3.510338e+00	-2.665322e+00
1.087375e+03	-1.786916e+00	-3.511661e+00	-2.666522e+00
1.087375e+03	-1.785646e+00	-3.512852e+00	-2.667603e+00
1.087375e+03	-1.784502e+00	-3.513924e+00	-2.668576e+00
1.087375e+03	-1.783473e+00	-3.514889e+00	-2.669452e+00
1.087375e+03	-1.782546e+00	-3.515757e+00	-2.670240e+00
1.087375e+03	-1.781712e+00	-3.516539e+00	-2.670949e+00
1.087375e+03	-1.780961e+00	-3.517243e+00	-2.671588e+00
1.087375e+03	-1.780284e+00	-3.517878e+00	-2.672164e+00
1.087375e+03	-1.779674e+00	-3.518450e+00	-2.672683e+00
1.087375e+03	-1.779125e+00	-3.518964e+00	-2.673150e+00
1.087375e+03	-1.778631e+00	-3.519428e+00	-2.673570e+00
1.087375e+03	-1.778184e+00	-3.519846e+00	-2.673950e+00
1.087375e+03	-1.777782e+00	-3.520223e+00	-2.674292e+00
1.087375e+03	-1.777420e+00	-3.520563e+00	-2.674600e+00
1.087375e+03	-1.777094e+00	-3.520868e+00	-2.674877e+00
1.087375e+03	-1.776799e+00	-3.521145e+00	-2.675128e+00
1.087375e+03	-1.776533e+00	-3.521394e+00	-2.675355e+00
1.087375e+03	-1.776294e+00	-3.521618e+00	-2.675558e+00
1.087375e+03	-1.776079e+00	-3.521820e+00	-2.675741e+00
1.087375e+03	-1.775883e+00	-3.522003e+00	-2.675907e+00
1.087375e+03	-1.775708e+00	-3.522168e+00	-2.676057e+00
1.087375e+03	-1.775549e+00	-3.522317e+00	-2.676192e+00
1.087375e+03	-1.775407e+00	-3.522450e+00	-2.676313e+00
1.087375e+03	-1.775277e+00	-3.522572e+00	-2.676423e+00
1.087375e+03	-1.775161e+00	-3.522681e+00	-2.676522e+00
1.087375e+03	-1.775056e+00	-3.522779e+00	-2.676611e+00
1.087375e+03	-1.774962e+00	-3.522868e+00	-2.676691e+00
1.087375e+03	-1.774876e+00	-3.522948e+00	-2.676764e+00
1.087375e+03	-1.774799e+00	-3.523020e+00	-2.676830e+00
1.087375e+03	-1.774729e+00	-3.523085e+00	-2.676889e+00
1.087375e+03	-1.774666e+00	-3.523144e+00	-2.676942e+00
