# loss | a0 ... a3
8.579281e+03	-3.046667e+00	-2.833333e-01	1.367839e-01
6.380149e+03	-2.879667e+00	-1.163333e-01	-3.021607e-02
4.561600e+03	-2.654941e+00	4.515824e-02	-2.434701e-01
3.512973e+03	-2.449023e+00	1.452836e-01	-4.500576e-01
2.879433e+03	-2.218015e+00	3.052302e-01	-6.744924e-01
2.540060e+03	-2.066305e+00	3.591047e-01	-8.094709e-01
2.233901e+03	-1.915302e+00	3.853150e-01	-9.383850e-01
2.026059e+03	-1.760214e+00	4.472989e-01	-1.065914e+00
1.734285e+03	-1.595419e+00	4.181744e-01	-1.191494e+00
1.517119e+03	-1.469298e+00	3.692580e-01	-1.280565e+00
1.319173e+03	-1.350394e+00	3.042895e-01	-1.365436e+00
1.164126e+03	-1.239758e+00	2.464132e-01	-1.444956e+00
1.012329e+03	-1.130444e+00	1.704620e-01	-1.514265e+00
9.007450e+02	-1.032454e+00	1.058205e-01	-1.568085e+00
8.017512e+02	-9.484697e-01	3.205025e-02	-1.612431e+00
7.186334e+02	-8.742422e-01	-4.317597e-02	-1.648474e+00
6.561341e+02	-8.069109e-01	-1.132302e-01	-1.681685e+00
6.009682e+02	-7.545360e-01	-1.861854e-01	-1.706271e+00
5.616126e+02	-7.073245e-01	-2.521333e-01	-1.728508e+00
5.325555e+02	-6.639561e-01	-3.152953e-01	-1.747755e+00
4.985528e+02	-6.328111e-01	-3.880920e-01	-1.761203e+00
4.661721e+02	-6.103314e-01	-4.620808e-01	-1.769845e+00
4.399329e+02	-5.942022e-01	-5.298393e-01	-1.775546e+00
4.185663e+02	-5.857962e-01	-5.876728e-01	-1.780084e+00
3.967161e+02	-5.838932e-01	-6.444444e-01	-1.783602e+00
3.766388e+02	-5.896576e-01	-6.886154e-01	-1.785736e+00
3.489788e+02	-6.074894e-01	-7.327416e-01	-1.785641e+00
3.226123e+02	-6.260234e-01	-7.800187e-01	-1.783350e+00
3.020780e+02	-6.431129e-01	-8.209248e-01	-1.780681e+00
2.808031e+02	-6.653843e-01	-8.616444e-01	-1.775928e+00
2.615058e+02	-6.895234e-01	-8.890311e-01	-1.768019e+00
2.442247e+02	-7.150691e-01	-9.152290e-01	-1.760845e+00
2.280427e+02	-7.416786e-01	-9.325988e-01	-1.752950e+00
2.151563e+02	-7.654993e-01	-9.469094e-01	-1.745459e+00
2.049642e+02	-7.887407e-01	-9.642031e-01	-1.737881e+00
1.907346e+02	-8.160717e-01	-9.686180e-01	-1.726040e+00
1.750337e+02	-8.453940e-01	-9.651612e-01	-1.714026e+00
1.622791e+02	-8.732448e-01	-9.659827e-01	-1.701410e+00
1.505591e+02	-9.003486e-01	-9.641223e-01	-1.689812e+00
1.411608e+02	-9.254082e-01	-9.635398e-01	-1.678873e+00
1.260515e+02	-9.530011e-01	-9.454562e-01	-1.664314e+00
1.124626e+02	-9.801775e-01	-9.273705e-01	-1.648904e+00
9.996962e+01	-1.006021e+00	-9.059320e-01	-1.633319e+00
8.991135e+01	-1.029563e+00	-8.849241e-01	-1.618534e+00
8.145105e+01	-1.052903e+00	-8.622393e-01	-1.603450e+00
7.565296e+01	-1.072558e+00	-8.409334e-01	-1.589925e+00
7.200312e+01	-1.088820e+00	-8.225304e-01	-1.577776e+00
6.932500e+01	-1.104959e+00	-8.047798e-01	-1.563885e+00
6.766095e+01	-1.121066e+00	-7.885582e-01	-1.549220e+00
6.719256e+01	-1.134348e+00	-7.714289e-01	-1.534378e+00
6.690852e+01	-1.147331e+00	-7.601099e-01	-1.519878e+00
6.812130e+01	-1.158323e+00	-7.448280e-01	-1.506122e+00
6.858414e+01	-1.166670e+00	-7.358119e-01	-1.492835e+00
6.829282e+01	-1.172205e+00	-7.309779e-01	-1.480555e+00
6.795925e+01	-1.178071e+00	-7.268869e-01	-1.467824e+00
6.736356e+01	-1.183277e+00	-7.240087e-01	-1.454763e+00
6.627766e+01	-1.184162e+00	-7.222892e-01	-1.443288e+00
6.414038e+01	-1.179289e+00	-7.226972e-01	-1.433124e+00
6.225849e+01	-1.175266e+00	-7.226821e-01	-1.423016e+00
6.093871e+01	-1.172034e+00	-7.212851e-01	-1.413556e+00
5.799759e+01	-1.168399e+00	-7.258573e-01	-1.403211e+00
5.406949e+01	-1.163116e+00	-7.347484e-01	-1.392915e+00
5.068292e+01	-1.159944e+00	-7.432891e-01	-1.381806e+00
4.777703e+01	-1.152577e+00	-7.486198e-01	-1.371994e+00
4.498899e+01	-1.145715e+00	-7.552314e-01	-1.362758e+00
4.238957e+01	-1.136755e+00	-7.611480e-01	-1.354358e+00
4.025564e+01	-1.126899e+00	-7.650633e-01	-1.347044e+00
3.831824e+01	-1.116778e+00	-7.689980e-01	-1.340105e+00
3.630107e+01	-1.109451e+00	-7.754123e-01	-1.331144e+00
3.449226e+01	-1.102357e+00	-7.814672e-01	-1.321922e+00
3.292174e+01	-1.094153e+00	-7.857053e-01	-1.313052e+00
3.158757e+01	-1.087429e+00	-7.903279e-01	-1.304616e+00
3.037535e+01	-1.080389e+00	-7.951697e-01	-1.296222e+00
2.931712e+01	-1.074692e+00	-7.990145e-01	-1.287714e+00
2.842530e+01	-1.068987e+00	-8.043992e-01	-1.279611e+00
2.756795e+01	-1.063027e+00	-8.069283e-01	-1.271507e+00
2.674733e+01	-1.057298e+00	-8.088298e-01	-1.263290e+00
2.595668e+01	-1.050304e+00	-8.104848e-01	-1.254896e+00
2.531150e+01	-1.044368e+00	-8.134410e-01	-1.246689e+00
2.445320e+01	-1.039948e+00	-8.122689e-01	-1.237902e+00
2.370860e+01	-1.035973e+00	-8.111843e-01	-1.229970e+00
2.278472e+01	-1.033887e+00	-8.062228e-01	-1.221653e+00
2.204619e+01	-1.031035e+00	-8.025714e-01	-1.214021e+00
2.142242e+01	-1.027486e+00	-8.000424e-01	-1.206715e+00
2.076056e+01	-1.025002e+00	-7.979278e-01	-1.198932e+00
2.011291e+01	-1.022709e+00	-7.977659e-01	-1.191002e+00
1.944301e+01	-1.021492e+00	-7.952590e-01	-1.183139e+00
1.877750e+01	-1.020556e+00	-7.930757e-01	-1.175127e+00
1.821043e+01	-1.019131e+00	-7.903883e-01	-1.167736e+00
1.771925e+01	-1.017833e+00	-7.879411e-01	-1.161009e+00
1.730145e+01	-1.016910e+00	-7.832902e-01	-1.154370e+00
1.693002e+01	-1.015609e+00	-7.794506e-01	-1.147757e+00
1.642745e+01	-1.015021e+00	-7.778514e-01	-1.140528e+00
1.596732e+01	-1.012716e+00	-7.775105e-01	-1.133514e+00
1.545585e+01	-1.012022e+00	-7.762635e-01	-1.125921e+00
1.501094e+01	-1.011399e+00	-7.751363e-01	-1.119084e+00
1.455719e+01	-1.011503e+00	-7.741946e-01	-1.112356e+00
1.415866e+01	-1.011600e+00	-7.733204e-01	-1.106217e+00
1.373538e+01	-1.011320e+00	-7.738886e-01	-1.100284e+00
1.333965e+01	-1.011270e+00	-7.745518e-01	-1.094670e+00
1.294924e+01	-1.011456e+00	-7.740744e-01	-1.088310e+00
1.260090e+01	-1.010530e+00	-7.741493e-01	-1.082382e+00
1.230033e+01	-1.009905e+00	-7.738766e-01	-1.076973e+00
1.205560e+01	-1.009973e+00	-7.721506e-01	-1.071671e+00
1.171897e+01	-1.010145e+00	-7.722800e-01	-1.065744e+00
1.141906e+01	-1.009714e+00	-7.728662e-01	-1.060388e+00
1.110198e+01	-1.008461e+00	-7.747090e-01	-1.054969e+00
1.084272e+01	-1.007930e+00	-7.750410e-01	-1.049739e+00
1.058707e+01	-1.007997e+00	-7.751589e-01	-1.044330e+00
1.033577e+01	-1.008220e+00	-7.759745e-01	-1.039007e+00
1.012013e+01	-1.006879e+00	-7.772446e-01	-1.034281e+00
9.930043e+00	-1.006369e+00	-7.772435e-01	-1.029574e+00
9.746701e+00	-1.006070e+00	-7.769633e-01	-1.024768e+00
9.559460e+00	-1.005319e+00	-7.771018e-01	-1.019785e+00
9.384418e+00	-1.004780e+00	-7.779084e-01	-1.014995e+00
9.235357e+00	-1.003751e+00	-7.790894e-01	-1.010754e+00
9.098047e+00	-1.003179e+00	-7.783491e-01	-1.006526e+00
8.961465e+00	-1.002444e+00	-7.781464e-01	-1.002199e+00
8.837339e+00	-1.001942e+00	-7.785284e-01	-9.980381e-01
8.729166e+00	-1.001096e+00	-7.786940e-01	-9.943621e-01
8.621494e+00	-1.000172e+00	-7.774837e-01	-9.906798e-01
8.514088e+00	-9.977210e-01	-7.771480e-01	-9.871731e-01
8.422338e+00	-9.958123e-01	-7.761477e-01	-9.838081e-01
8.336677e+00	-9.942199e-01	-7.757638e-01	-9.804926e-01
8.262871e+00	-9.933324e-01	-7.743244e-01	-9.772292e-01
8.190068e+00	-9.926369e-01	-7.735952e-01	-9.740269e-01
8.121221e+00	-9.927017e-01	-7.723046e-01	-9.706003e-01
8.061383e+00	-9.924190e-01	-7.713768e-01	-9.675050e-01
8.015070e+00	-9.913094e-01	-7.701628e-01	-9.646363e-01
7.981575e+00	-9.902719e-01	-7.687628e-01	-9.619172e-01
7.970863e+00	-9.886036e-01	-7.668682e-01	-9.592334e-01
7.972396e+00	-9.870859e-01	-7.652452e-01	-9.568804e-01
7.937046e+00	-9.860796e-01	-7.646946e-01	-9.542175e-01
7.909299e+00	-9.852395e-01	-7.640925e-01	-9.517745e-01
7.866946e+00	-9.834579e-01	-7.643737e-01	-9.493703e-01
7.802645e+00	-9.821770e-01	-7.651970e-01	-9.468100e-01
7.762651e+00	-9.815025e-01	-7.650729e-01	-9.443201e-01
7.717573e+00	-9.800872e-01	-7.655859e-01	-9.418430e-01
7.684355e+00	-9.794281e-01	-7.653006e-01	-9.392988e-01
7.655056e+00	-9.788171e-01	-7.651343e-01	-9.370770e-01
7.611555e+00	-9.785010e-01	-7.653241e-01	-9.347875e-01
7.565811e+00	-9.783021e-01	-7.657471e-01	-9.326885e-01
7.537846e+00	-9.786889e-01	-7.651779e-01	-9.305114e-01
7.492778e+00	-9.786795e-01	-7.654954e-01	-9.281859e-01
7.455925e+00	-9.784058e-01	-7.658589e-01	-9.261064e-01
7.414751e+00	-9.779454e-01	-7.666831e-01	-9.241028e-01
7.376094e+00	-9.770647e-01	-7.678188e-01	-9.220885e-01
7.345380e+00	-9.763278e-01	-7.688849e-01	-9.203153e-01
7.323651e+00	-9.762399e-01	-7.688808e-01	-9.184282e-01
7.298776e+00	-9.763930e-01	-7.690387e-01	-9.164849e-01
7.278102e+00	-9.766210e-01	-7.691654e-01	-9.147546e-01
7.266182e+00	-9.768478e-01	-7.684848e-01	-9.128307e-01
7.255852e+00	-9.766486e-01	-7.682300e-01	-9.112062e-01
7.252521e+00	-9.761304e-01	-7.674954e-01	-9.094002e-01
7.244894e+00	-9.757460e-01	-7.671402e-01	-9.076019e-01
7.238512e+00	-9.753586e-01	-7.669123e-01	-9.060819e-01
7.234543e+00	-9.751298e-01	-7.665929e-01	-9.047374e-01
7.231610e+00	-9.749367e-01	-7.662957e-01	-9.035323e-01
7.235252e+00	-9.749440e-01	-7.654189e-01	-9.019284e-01
7.235699e+00	-9.745210e-01	-7.650484e-01	-9.006403e-01
7.235001e+00	-9.742437e-01	-7.647768e-01	-8.994828e-01
7.246836e+00	-9.744422e-01	-7.637682e-01	-8.982710e-01
7.255658e+00	-9.748567e-01	-7.629863e-01	-8.970948e-01
7.264719e+00	-9.746686e-01	-7.624051e-01	-8.961256e-01
7.260137e+00	-9.741623e-01	-7.624633e-01	-8.951112e-01
7.252502e+00	-9.736571e-01	-7.627234e-01	-8.943377e-01
7.245609e+00	-9.728326e-01	-7.630718e-01	-8.936318e-01
7.255982e+00	-9.726171e-01	-7.624923e-01	-8.927817e-01
7.251218e+00	-9.721320e-01	-7.626372e-01	-8.918297e-01
7.263859e+00	-9.722395e-01	-7.618639e-01	-8.907024e-01
7.266863e+00	-9.718636e-01	-7.616637e-01	-8.896851e-01
7.263201e+00	-9.711581e-01	-7.618518e-01	-8.887386e-01
7.255030e+00	-9.707082e-01	-7.621976e-01	-8.879261e-01
7.234731e+00	-9.705491e-01	-7.630231e-01	-8.871205e-01
7.214359e+00	-9.703985e-01	-7.640002e-01	-8.864743e-01
7.202422e+00	-9.694953e-01	-7.649935e-01	-8.859037e-01
7.203009e+00	-9.691748e-01	-7.649874e-01	-8.851349e-01
