# loss | a0 ... a3
7.314889e+02	-1.342963e+00	-1.073333e+00	-2.718051e-01
2.532933e+02	-1.181963e+00	-9.123333e-01	-4.328051e-01
3.403233e+01	-9.810579e-01	-8.447674e-01	-6.464201e-01
7.468357e+01	-7.551501e-01	-6.740069e-01	-8.504004e-01
1.996560e+02	-6.416479e-01	-5.739094e-01	-9.632683e-01
2.802890e+02	-5.994162e-01	-5.064303e-01	-1.042264e+00
2.468764e+02	-6.211823e-01	-5.370436e-01	-1.038571e+00
1.133622e+02	-7.163077e-01	-6.553369e-01	-9.393635e-01
3.016021e+01	-8.213910e-01	-7.575130e-01	-8.272445e-01
1.626901e+01	-9.098595e-01	-8.327985e-01	-7.396110e-01
4.451900e+01	-9.841493e-01	-8.869013e-01	-6.747688e-01
1.010243e+02	-1.052231e+00	-9.278735e-01	-6.119613e-01
1.138846e+02	-1.079162e+00	-9.197745e-01	-6.044239e-01
1.250861e+02	-1.098222e+00	-9.158224e-01	-5.998067e-01
9.935959e+01	-1.099709e+00	-8.815008e-01	-6.346804e-01
4.866047e+01	-1.062442e+00	-8.254675e-01	-6.876637e-01
1.569298e+01	-1.012291e+00	-7.605158e-01	-7.546621e-01
1.234431e+01	-9.643192e-01	-7.051938e-01	-8.220874e-01
2.774927e+01	-9.206425e-01	-6.608194e-01	-8.813070e-01
5.444930e+01	-8.811229e-01	-6.211442e-01	-9.348572e-01
5.647641e+01	-8.759586e-01	-6.243444e-01	-9.520503e-01
4.431769e+01	-8.814849e-01	-6.496551e-01	-9.413314e-01
2.619918e+01	-9.020359e-01	-6.886127e-01	-9.209569e-01
1.378108e+01	-9.222259e-01	-7.283840e-01	-8.982208e-01
8.152972e+00	-9.428898e-01	-7.622984e-01	-8.760932e-01
8.154522e+00	-9.614696e-01	-7.943611e-01	-8.559599e-01
1.268064e+01	-9.781333e-01	-8.234257e-01	-8.382206e-01
1.844011e+01	-9.917092e-01	-8.416785e-01	-8.228254e-01
2.327270e+01	-9.981445e-01	-8.536632e-01	-8.095809e-01
2.443649e+01	-9.964441e-01	-8.573069e-01	-8.035320e-01
2.030220e+01	-9.853653e-01	-8.497212e-01	-8.100806e-01
1.511368e+01	-9.714942e-01	-8.364405e-01	-8.242032e-01
1.134700e+01	-9.624746e-01	-8.192309e-01	-8.322188e-01
8.692713e+00	-9.524947e-01	-7.994865e-01	-8.443818e-01
7.803123e+00	-9.436947e-01	-7.776098e-01	-8.553770e-01
8.658577e+00	-9.358423e-01	-7.581033e-01	-8.656956e-01
1.016140e+01	-9.322855e-01	-7.422746e-01	-8.728682e-01
1.171418e+01	-9.313333e-01	-7.305256e-01	-8.805977e-01
1.193585e+01	-9.344809e-01	-7.262532e-01	-8.808860e-01
1.178447e+01	-9.381140e-01	-7.242636e-01	-8.788819e-01
1.093904e+01	-9.451065e-01	-7.251980e-01	-8.737831e-01
9.709180e+00	-9.533578e-01	-7.302728e-01	-8.681228e-01
8.930333e+00	-9.611373e-01	-7.342871e-01	-8.627481e-01
8.452938e+00	-9.674263e-01	-7.381818e-01	-8.585685e-01
8.000897e+00	-9.760253e-01	-7.460013e-01	-8.510721e-01
8.038836e+00	-9.839420e-01	-7.539409e-01	-8.442912e-01
8.504122e+00	-9.913391e-01	-7.610456e-01	-8.387504e-01
8.906344e+00	-9.946714e-01	-7.676408e-01	-8.361753e-01
9.140408e+00	-9.949766e-01	-7.732999e-01	-8.349485e-01
8.950629e+00	-9.923385e-01	-7.758223e-01	-8.368407e-01
8.581132e+00	-9.863831e-01	-7.793386e-01	-8.394377e-01
8.114124e+00	-9.804000e-01	-7.787034e-01	-8.424521e-01
7.656165e+00	-9.741208e-01	-7.774706e-01	-8.492956e-01
7.329079e+00	-9.659839e-01	-7.756272e-01	-8.582323e-01
7.272871e+00	-9.595178e-01	-7.716368e-01	-8.656099e-01
7.428394e+00	-9.540620e-01	-7.686165e-01	-8.722561e-01
7.614923e+00	-9.510036e-01	-7.665656e-01	-8.775013e-01
7.795550e+00	-9.502722e-01	-7.617771e-01	-8.798530e-01
7.760065e+00	-9.524801e-01	-7.599927e-01	-8.807350e-01
7.611435e+00	-9.549681e-01	-7.613135e-01	-8.811059e-01
7.476919e+00	-9.572871e-01	-7.630585e-01	-8.813414e-01
7.351651e+00	-9.600875e-01	-7.647516e-01	-8.812914e-01
7.249840e+00	-9.636728e-01	-7.653676e-01	-8.790051e-01
7.175720e+00	-9.679055e-01	-7.674663e-01	-8.761721e-01
7.171716e+00	-9.714219e-01	-7.698964e-01	-8.752318e-01
7.195631e+00	-9.733124e-01	-7.718854e-01	-8.752715e-01
7.218120e+00	-9.748988e-01	-7.726090e-01	-8.758200e-01
7.242966e+00	-9.762741e-01	-7.734715e-01	-8.767710e-01
7.264518e+00	-9.777067e-01	-7.735429e-01	-8.775178e-01
7.275176e+00	-9.789627e-01	-7.732552e-01	-8.789191e-01
7.250054e+00	-9.783693e-01	-7.739015e-01	-8.818243e-01
7.234008e+00	-9.790931e-01	-7.718875e-01	-8.828507e-01
7.194347e+00	-9.780677e-01	-7.699426e-01	-8.852054e-01
7.189901e+00	-9.762999e-01	-7.657456e-01	-8.866855e-01
7.220539e+00	-9.735656e-01	-7.633897e-01	-8.894949e-01
7.288091e+00	-9.711334e-01	-7.615494e-01	-8.921456e-01
7.292123e+00	-9.705741e-01	-7.617529e-01	-8.927399e-01
7.251016e+00	-9.711646e-01	-7.631579e-01	-8.926079e-01
7.241446e+00	-9.720977e-01	-7.629328e-01	-8.910871e-01
7.204948e+00	-9.724101e-01	-7.642828e-01	-8.886741e-01
7.175569e+00	-9.726334e-01	-7.661484e-01	-8.880174e-01
7.154263e+00	-9.716857e-01	-7.691450e-01	-8.888691e-01
7.153496e+00	-9.719550e-01	-7.722704e-01	-8.896063e-01
7.178113e+00	-9.710599e-01	-7.752828e-01	-8.900920e-01
7.183887e+00	-9.716157e-01	-7.757672e-01	-8.887478e-01
7.189340e+00	-9.711299e-01	-7.761270e-01	-8.878588e-01
7.206686e+00	-9.699329e-01	-7.771675e-01	-8.879103e-01
7.176879e+00	-9.708725e-01	-7.749974e-01	-8.853313e-01
7.160446e+00	-9.713309e-01	-7.732568e-01	-8.849074e-01
7.157340e+00	-9.723717e-01	-7.723407e-01	-8.841730e-01
7.164340e+00	-9.744512e-01	-7.691701e-01	-8.823935e-01
7.196022e+00	-9.760596e-01	-7.659051e-01	-8.817018e-01
7.202906e+00	-9.748090e-01	-7.643083e-01	-8.826210e-01
7.208196e+00	-9.725308e-01	-7.636219e-01	-8.840253e-01
7.238501e+00	-9.715388e-01	-7.622530e-01	-8.845336e-01
7.244925e+00	-9.705261e-01	-7.622241e-01	-8.846968e-01
7.237621e+00	-9.701836e-01	-7.626424e-01	-8.845578e-01
