# loss | a0 ... a3
5.603328e+02	-1.300000e+00	-1.500000e-01	5.200000e-01
3.764317e+02	-1.200000e+00	-2.500000e-01	6.200000e-01
2.157519e+02	-1.076694e+00	-3.542839e-01	6.343187e-01
1.106530e+02	-9.468740e-01	-4.616991e-01	6.598975e-01
6.518361e+01	-8.429609e-01	-5.566539e-01	6.326359e-01
6.100559e+01	-7.514241e-01	-6.476103e-01	6.165613e-01
8.398379e+01	-6.750536e-01	-7.289057e-01	5.999345e-01
9.364859e+01	-6.514311e-01	-7.954512e-01	6.085202e-01
1.021106e+02	-6.404871e-01	-8.580925e-01	6.218439e-01
1.077836e+02	-6.410155e-01	-9.114997e-01	6.423251e-01
1.031388e+02	-6.653584e-01	-9.508767e-01	6.658280e-01
1.047792e+02	-6.816483e-01	-9.828044e-01	6.664457e-01
1.043645e+02	-7.078199e-01	-1.006370e+00	6.825959e-01
1.004873e+02	-7.389086e-01	-1.011537e+00	6.919190e-01
9.806636e+01	-7.627923e-01	-1.013025e+00	6.851133e-01
9.387535e+01	-7.785362e-01	-1.008296e+00	6.673124e-01
8.216277e+01	-7.841649e-01	-9.879322e-01	6.276425e-01
7.044632e+01	-7.889631e-01	-9.647766e-01	5.930651e-01
5.970581e+01	-7.920053e-01	-9.418947e-01	5.506422e-01
4.827694e+01	-7.974991e-01	-9.109860e-01	5.029400e-01
4.052697e+01	-8.041403e-01	-8.817964e-01	4.663546e-01
3.648556e+01	-8.116903e-01	-8.527962e-01	4.280579e-01
3.113065e+01	-8.268157e-01	-8.236685e-01	4.119783e-01
2.759169e+01	-8.426035e-01	-7.967679e-01	3.992507e-01
2.210339e+01	-8.626619e-01	-7.721569e-01	4.027753e-01
1.408983e+01	-8.905409e-01	-7.517861e-01	4.310761e-01
1.108884e+01	-9.171823e-01	-7.345182e-01	4.597984e-01
1.249615e+01	-9.415006e-01	-7.193167e-01	4.858033e-01
1.578943e+01	-9.623982e-01	-7.073925e-01	5.004591e-01
2.027042e+01	-9.809633e-01	-6.970462e-01	5.122078e-01
2.343489e+01	-9.954620e-01	-6.897272e-01	5.136282e-01
2.098478e+01	-1.000216e+00	-6.879145e-01	4.913986e-01
1.915032e+01	-1.004263e+00	-6.860617e-01	4.695491e-01
1.775823e+01	-1.006743e+00	-6.853789e-01	4.481686e-01
1.593562e+01	-1.006641e+00	-6.906534e-01	4.280375e-01
1.478911e+01	-1.003904e+00	-6.968872e-01	4.054416e-01
1.442737e+01	-1.002375e+00	-7.040668e-01	3.879403e-01
1.239212e+01	-1.001964e+00	-7.163305e-01	3.866149e-01
1.012960e+01	-1.003652e+00	-7.301831e-01	3.938960e-01
8.789601e+00	-1.003634e+00	-7.434129e-01	3.990185e-01
8.156967e+00	-1.003506e+00	-7.572569e-01	4.067226e-01
8.302857e+00	-1.002628e+00	-7.702819e-01	4.139294e-01
8.873686e+00	-1.001417e+00	-7.821584e-01	4.181471e-01
8.887257e+00	-9.979685e-01	-7.910825e-01	4.136348e-01
8.876418e+00	-9.941422e-01	-7.978521e-01	4.078250e-01
8.931804e+00	-9.899289e-01	-8.036029e-01	4.002597e-01
8.858373e+00	-9.850368e-01	-8.050309e-01	3.909720e-01
9.157038e+00	-9.804461e-01	-8.060663e-01	3.817028e-01
9.652326e+00	-9.767188e-01	-8.065613e-01	3.744784e-01
9.261171e+00	-9.756411e-01	-8.039987e-01	3.780040e-01
8.929092e+00	-9.747119e-01	-8.017699e-01	3.814608e-01
8.574672e+00	-9.742281e-01	-7.992332e-01	3.855241e-01
8.093421e+00	-9.748636e-01	-7.955222e-01	3.925349e-01
7.788369e+00	-9.752949e-01	-7.921656e-01	3.985319e-01
7.546512e+00	-9.764068e-01	-7.877136e-01	4.061575e-01
7.384907e+00	-9.773724e-01	-7.819203e-01	4.115417e-01
7.340711e+00	-9.785463e-01	-7.758818e-01	4.165192e-01
7.392373e+00	-9.792803e-01	-7.706478e-01	4.207091e-01
7.376573e+00	-9.789633e-01	-7.657540e-01	4.211905e-01
7.437631e+00	-9.789204e-01	-7.608115e-01	4.218991e-01
7.490843e+00	-9.785172e-01	-7.565341e-01	4.205821e-01
7.548725e+00	-9.778994e-01	-7.533823e-01	4.179748e-01
7.623577e+00	-9.774130e-01	-7.512540e-01	4.140347e-01
7.732676e+00	-9.768106e-01	-7.493699e-01	4.119740e-01
7.694134e+00	-9.773210e-01	-7.500402e-01	4.122970e-01
7.671021e+00	-9.779705e-01	-7.504144e-01	4.132531e-01
7.616077e+00	-9.781897e-01	-7.515135e-01	4.150747e-01
7.567007e+00	-9.789128e-01	-7.535140e-01	4.187165e-01
7.559733e+00	-9.790729e-01	-7.558837e-01	4.223851e-01
7.534143e+00	-9.791358e-01	-7.585497e-01	4.237596e-01
7.386159e+00	-9.783576e-01	-7.615246e-01	4.207804e-01
7.276401e+00	-9.773432e-01	-7.646719e-01	4.181883e-01
7.219445e+00	-9.767302e-01	-7.671012e-01	4.161840e-01
7.165283e+00	-9.761167e-01	-7.696530e-01	4.116481e-01
7.162572e+00	-9.760128e-01	-7.712679e-01	4.087343e-01
7.176622e+00	-9.755830e-01	-7.729788e-01	4.065030e-01
7.199873e+00	-9.756071e-01	-7.745985e-01	4.049113e-01
7.224638e+00	-9.755147e-01	-7.761966e-01	4.039871e-01
7.230887e+00	-9.760464e-01	-7.770200e-01	4.044379e-01
7.223927e+00	-9.774986e-01	-7.767840e-01	4.065668e-01
7.231959e+00	-9.783871e-01	-7.766906e-01	4.076779e-01
7.251254e+00	-9.793709e-01	-7.765429e-01	4.092203e-01
7.243964e+00	-9.797636e-01	-7.758697e-01	4.089752e-01
7.230958e+00	-9.802986e-01	-7.746286e-01	4.084715e-01
7.229663e+00	-9.809456e-01	-7.735147e-01	4.086256e-01
7.215332e+00	-9.809097e-01	-7.722783e-01	4.079239e-01
7.215280e+00	-9.813312e-01	-7.707992e-01	4.078967e-01
7.220127e+00	-9.817442e-01	-7.694275e-01	4.075131e-01
7.229704e+00	-9.820565e-01	-7.680294e-01	4.077325e-01
7.241823e+00	-9.823638e-01	-7.669732e-01	4.081717e-01
7.256605e+00	-9.827776e-01	-7.661174e-01	4.084843e-01
7.263598e+00	-9.830180e-01	-7.658708e-01	4.086333e-01
7.272274e+00	-9.834437e-01	-7.658291e-01	4.087576e-01
7.281874e+00	-9.836503e-01	-7.656136e-01	4.094485e-01
7.288768e+00	-9.836501e-01	-7.657207e-01	4.105064e-01
7.271054e+00	-9.831266e-01	-7.663414e-01	4.102893e-01
7.270481e+00	-9.830572e-01	-7.665557e-01	4.105629e-01
7.284752e+00	-9.832738e-01	-7.665085e-01	4.114797e-01
7.278130e+00	-9.831936e-01	-7.665361e-01	4.110472e-01
7.256873e+00	-9.826699e-01	-7.669869e-01	4.101777e-01
7.237753e+00	-9.822078e-01	-7.677056e-01	4.090713e-01
7.232223e+00	-9.820766e-01	-7.679515e-01	4.085321e-01
7.218281e+00	-9.814388e-01	-7.685052e-01	4.075398e-01
7.212500e+00	-9.811969e-01	-7.692460e-01	4.072899e-01
7.201044e+00	-9.803163e-01	-7.700115e-01	4.066812e-01
7.197247e+00	-9.800358e-01	-7.705245e-01	4.068934e-01
7.197804e+00	-9.801014e-01	-7.708437e-01	4.075726e-01
7.218660e+00	-9.807884e-01	-7.706969e-01	4.102210e-01
7.225224e+00	-9.807324e-01	-7.710446e-01	4.108954e-01
7.220677e+00	-9.806445e-01	-7.712726e-01	4.104513e-01
7.209615e+00	-9.803423e-01	-7.713854e-01	4.095847e-01
7.201267e+00	-9.800644e-01	-7.711529e-01	4.089781e-01
7.197348e+00	-9.799687e-01	-7.707810e-01	4.085197e-01
7.195235e+00	-9.797278e-01	-7.706750e-01	4.064396e-01
7.195850e+00	-9.795849e-01	-7.701446e-01	4.060772e-01
7.191080e+00	-9.792658e-01	-7.703928e-01	4.064576e-01
7.189611e+00	-9.790427e-01	-7.706675e-01	4.063300e-01
7.191197e+00	-9.795725e-01	-7.701937e-01	4.080857e-01
7.217006e+00	-9.803092e-01	-7.692595e-01	4.113524e-01
7.237008e+00	-9.808302e-01	-7.686266e-01	4.123550e-01
7.262838e+00	-9.813386e-01	-7.681998e-01	4.134825e-01
7.250148e+00	-9.813846e-01	-7.678269e-01	4.124441e-01
7.228239e+00	-9.808237e-01	-7.676985e-01	4.113202e-01
7.223441e+00	-9.807989e-01	-7.672922e-01	4.104482e-01
7.213987e+00	-9.806191e-01	-7.673670e-01	4.079892e-01
7.216697e+00	-9.804820e-01	-7.670146e-01	4.072383e-01
7.218603e+00	-9.805718e-01	-7.669929e-01	4.070101e-01
7.232995e+00	-9.816069e-01	-7.668207e-01	4.090166e-01
7.264595e+00	-9.826009e-01	-7.667495e-01	4.110843e-01
7.274137e+00	-9.827642e-01	-7.673221e-01	4.118620e-01
7.235735e+00	-9.816399e-01	-7.678191e-01	4.104808e-01
7.238315e+00	-9.812917e-01	-7.677887e-01	4.115208e-01
7.223697e+00	-9.810213e-01	-7.683037e-01	4.105395e-01
7.236117e+00	-9.815107e-01	-7.683605e-01	4.109887e-01
7.231446e+00	-9.813129e-01	-7.688273e-01	4.109457e-01
7.209781e+00	-9.807789e-01	-7.692392e-01	4.090452e-01
7.195498e+00	-9.798995e-01	-7.699477e-01	4.072274e-01
7.192164e+00	-9.791394e-01	-7.706170e-01	4.059740e-01
7.195601e+00	-9.789947e-01	-7.707906e-01	4.052505e-01
7.193933e+00	-9.797962e-01	-7.704938e-01	4.073950e-01
7.203288e+00	-9.802069e-01	-7.707510e-01	4.092547e-01
7.221886e+00	-9.806607e-01	-7.709551e-01	4.107306e-01
