# loss | a0 ... a3
1.072716e+03	-7.148148e-01	-2.840000e+00	-1.807636e+00
1.072716e+03	-7.148148e-01	-2.840000e+00	-1.807636e+00
1.047507e+03	-8.868148e-01	-2.668000e+00	-1.635636e+00
1.086523e+03	-1.104581e+00	-2.460609e+00	-1.436843e+00
1.059308e+03	-1.026401e+00	-2.489463e+00	-1.402040e+00
1.043587e+03	-9.593078e-01	-2.490642e+00	-1.331216e+00
1.028950e+03	-8.214284e-01	-2.608713e+00	-1.389846e+00
1.034765e+03	-7.131226e-01	-2.685255e+00	-1.390416e+00
1.043662e+03	-6.179367e-01	-2.748823e+00	-1.377725e+00
1.049371e+03	-5.485951e-01	-2.790329e+00	-1.350831e+00
1.052240e+03	-4.954029e-01	-2.817638e+00	-1.311078e+00
1.052162e+03	-4.559626e-01	-2.831900e+00	-1.254923e+00
1.052300e+03	-4.204485e-01	-2.844742e+00	-1.204359e+00
1.050311e+03	-4.011150e-01	-2.847882e+00	-1.151149e+00
1.043771e+03	-4.006742e-01	-2.837138e+00	-1.078791e+00
1.035287e+03	-4.043851e-01	-2.823083e+00	-1.002436e+00
1.026711e+03	-4.077311e-01	-2.810420e+00	-9.336538e-01
1.018256e+03	-4.112730e-01	-2.798923e+00	-8.730615e-01
1.005115e+03	-4.238013e-01	-2.780497e+00	-7.994146e-01
9.820544e+02	-4.624512e-01	-2.748438e+00	-7.101396e-01
9.547692e+02	-4.974215e-01	-2.714102e+00	-6.141820e-01
9.207878e+02	-5.458287e-01	-2.674003e+00	-5.159330e-01
8.817746e+02	-5.774212e-01	-2.631221e+00	-4.039612e-01
8.267138e+02	-6.333658e-01	-2.569344e+00	-2.705780e-01
7.711781e+02	-6.882983e-01	-2.508823e+00	-1.387056e-01
7.145530e+02	-7.755998e-01	-2.425544e+00	5.591568e-03
6.764173e+02	-8.445951e-01	-2.351637e+00	1.402050e-01
6.166524e+02	-7.884825e-01	-2.327098e+00	2.416190e-01
5.618794e+02	-7.531143e-01	-2.288930e+00	3.523549e-01
5.093664e+02	-7.383261e-01	-2.236570e+00	4.751703e-01
4.565597e+02	-6.966944e-01	-2.185639e+00	5.961989e-01
4.145005e+02	-6.542257e-01	-2.138221e+00	7.120492e-01
3.849448e+02	-6.040695e-01	-2.094428e+00	8.195741e-01
3.613577e+02	-5.780461e-01	-2.045155e+00	9.292636e-01
3.500172e+02	-5.309470e-01	-1.993264e+00	1.038994e+00
3.488102e+02	-4.922712e-01	-1.946775e+00	1.135046e+00
3.488709e+02	-4.682568e-01	-1.903186e+00	1.220990e+00
3.569936e+02	-4.399537e-01	-1.863078e+00	1.299315e+00
3.631668e+02	-4.211253e-01	-1.823165e+00	1.371495e+00
3.642203e+02	-4.130044e-01	-1.785729e+00	1.436873e+00
3.451737e+02	-4.358188e-01	-1.748441e+00	1.497024e+00
3.379021e+02	-4.451668e-01	-1.714973e+00	1.547399e+00
3.215953e+02	-4.795790e-01	-1.682334e+00	1.593009e+00
3.118074e+02	-5.281114e-01	-1.650114e+00	1.634814e+00
3.140359e+02	-5.584202e-01	-1.621951e+00	1.667302e+00
3.223877e+02	-5.878889e-01	-1.594164e+00	1.695881e+00
3.281235e+02	-5.982020e-01	-1.567802e+00	1.714621e+00
3.346968e+02	-6.094487e-01	-1.544641e+00	1.728005e+00
3.365895e+02	-6.123547e-01	-1.527878e+00	1.729062e+00
3.491112e+02	-6.364505e-01	-1.512027e+00	1.724596e+00
3.508788e+02	-6.401099e-01	-1.497271e+00	1.717645e+00
3.465934e+02	-6.371786e-01	-1.488942e+00	1.698210e+00
3.272475e+02	-6.039258e-01	-1.480166e+00	1.674123e+00
3.107700e+02	-5.401940e-01	-1.469404e+00	1.648027e+00
3.139853e+02	-4.884379e-01	-1.461241e+00	1.617856e+00
3.217940e+02	-4.598013e-01	-1.451834e+00	1.590112e+00
3.294846e+02	-4.401231e-01	-1.444797e+00	1.559785e+00
3.298050e+02	-4.367548e-01	-1.438175e+00	1.530263e+00
3.372633e+02	-4.220936e-01	-1.429669e+00	1.501921e+00
3.392778e+02	-4.170991e-01	-1.421823e+00	1.473521e+00
3.330160e+02	-4.245530e-01	-1.414276e+00	1.445689e+00
3.228436e+02	-4.389079e-01	-1.407222e+00	1.418813e+00
3.069137e+02	-4.672823e-01	-1.397552e+00	1.396134e+00
2.996910e+02	-4.808570e-01	-1.386781e+00	1.371253e+00
2.916697e+02	-4.992292e-01	-1.378610e+00	1.342932e+00
2.831953e+02	-5.282569e-01	-1.368535e+00	1.315973e+00
2.788534e+02	-5.664225e-01	-1.356423e+00	1.291836e+00
2.784429e+02	-5.919412e-01	-1.349677e+00	1.261104e+00
2.762151e+02	-6.000396e-01	-1.340655e+00	1.226026e+00
2.743130e+02	-6.095531e-01	-1.328734e+00	1.191101e+00
2.721829e+02	-6.177618e-01	-1.319762e+00	1.154130e+00
2.690212e+02	-6.218814e-01	-1.311494e+00	1.116033e+00
2.626378e+02	-6.138794e-01	-1.299668e+00	1.074365e+00
2.554970e+02	-5.984144e-01	-1.281771e+00	1.030980e+00
2.501776e+02	-5.853426e-01	-1.267484e+00	9.855946e-01
2.459733e+02	-5.894272e-01	-1.251389e+00	9.465223e-01
2.417907e+02	-5.778436e-01	-1.235966e+00	9.033458e-01
2.384991e+02	-5.662817e-01	-1.217431e+00	8.621096e-01
2.346671e+02	-5.635301e-01	-1.199509e+00	8.221736e-01
2.303102e+02	-5.656689e-01	-1.185408e+00	7.814014e-01
2.270342e+02	-5.582938e-01	-1.164470e+00	7.388119e-01
2.226376e+02	-5.551239e-01	-1.138263e+00	6.980467e-01
2.183490e+02	-5.499846e-01	-1.108497e+00	6.530972e-01
2.133324e+02	-5.495769e-01	-1.084958e+00	6.078870e-01
2.078321e+02	-5.514200e-01	-1.061544e+00	5.677875e-01
1.985470e+02	-5.629978e-01	-1.036883e+00	5.249164e-01
1.917490e+02	-5.649334e-01	-1.009245e+00	4.761260e-01
1.846789e+02	-5.690450e-01	-9.822268e-01	4.337434e-01
1.755399e+02	-5.799363e-01	-9.565282e-01	3.944940e-01
1.637605e+02	-6.005725e-01	-9.290102e-01	3.597796e-01
1.515254e+02	-6.321961e-01	-9.069772e-01	3.289381e-01
1.412370e+02	-6.473775e-01	-8.760040e-01	2.820486e-01
1.317783e+02	-6.587334e-01	-8.477533e-01	2.334018e-01
1.223812e+02	-6.748347e-01	-8.244465e-01	1.866367e-01
1.127457e+02	-6.842278e-01	-7.917210e-01	1.313300e-01
1.037582e+02	-6.945323e-01	-7.559889e-01	7.602619e-02
9.550293e+01	-7.063023e-01	-7.310709e-01	2.071767e-02
8.786215e+01	-7.233848e-01	-7.112573e-01	-2.717471e-02
8.082787e+01	-7.393955e-01	-6.881694e-01	-7.989549e-02
7.421070e+01	-7.578954e-01	-6.722647e-01	-1.295962e-01
6.789492e+01	-7.709879e-01	-6.590179e-01	-1.880580e-01
