# loss | a0 ... a6
6.094768e+02	-8.144444e-01	-1.413333e+00	-6.590561e-01	2.000000e+00	1.508148e+00	-1.710073e+00
3.572930e+02	-6.436444e-01	-1.242533e+00	-4.882561e-01	1.829200e+00	1.337348e+00	-1.880873e+00
2.203755e+02	-7.459025e-01	-1.053149e+00	-3.263885e-01	1.894843e+00	1.122686e+00	-1.739337e+00
3.819041e+02	-8.940200e-01	-8.684565e-01	-1.568981e-01	1.967177e+00	9.288779e-01	-1.566523e+00
2.161643e+02	-9.623407e-01	-6.813160e-01	-3.894663e-02	2.117883e+00	9.800211e-01	-1.344294e+00
1.112833e+02	-9.776723e-01	-5.323119e-01	6.002962e-02	2.163913e+00	1.050454e+00	-1.262645e+00
4.759971e+01	-9.246354e-01	-3.860026e-01	8.722780e-02	2.209417e+00	1.116029e+00	-1.164532e+00
5.320611e+01	-8.637466e-01	-2.572653e-01	7.656196e-02	2.261077e+00	1.184340e+00	-1.035475e+00
9.889570e+01	-8.564054e-01	-1.666763e-01	8.547857e-02	2.329272e+00	1.239972e+00	-8.993009e-01
8.459116e+01	-9.411595e-01	-1.371887e-01	1.729990e-01	2.337533e+00	1.245941e+00	-8.894516e-01
8.136048e+01	-1.026840e+00	-1.215602e-01	2.468842e-01	2.367567e+00	1.234383e+00	-8.902631e-01
4.632550e+01	-1.059826e+00	-1.191008e-01	3.000435e-01	2.431323e+00	1.184785e+00	-8.294423e-01
3.872538e+01	-1.078593e+00	-1.188359e-01	3.504799e-01	2.497926e+00	1.134150e+00	-7.728126e-01
5.871882e+01	-1.085648e+00	-1.125995e-01	3.764243e-01	2.556631e+00	1.087306e+00	-7.388766e-01
9.825736e+01	-1.085387e+00	-9.971737e-02	3.574284e-01	2.620861e+00	1.053442e+00	-7.085301e-01
1.302591e+02	-1.108823e+00	-9.575449e-02	3.671077e-01	2.666661e+00	1.018411e+00	-7.166735e-01
5.937276e+01	-1.199657e+00	-7.110819e-02	4.133569e-01	2.599384e+00	1.072404e+00	-8.022908e-01
1.394760e+02	-1.281448e+00	-5.031864e-02	4.472167e-01	2.538718e+00	1.133173e+00	-8.760899e-01
2.330333e+02	-1.324636e+00	-3.516440e-02	4.310563e-01	2.515916e+00	1.180733e+00	-9.133318e-01
1.975248e+02	-1.299847e+00	9.820313e-03	3.563943e-01	2.522878e+00	1.199685e+00	-9.153355e-01
1.394170e+02	-1.252022e+00	6.242404e-02	2.729746e-01	2.539168e+00	1.203219e+00	-8.957813e-01
1.113289e+02	-1.196760e+00	1.142388e-01	1.947911e-01	2.558859e+00	1.202797e+00	-8.678497e-01
8.413209e+01	-1.146098e+00	1.466388e-01	1.716092e-01	2.572772e+00	1.166395e+00	-8.409843e-01
9.320365e+01	-1.091427e+00	1.544612e-01	1.517702e-01	2.611284e+00	1.120647e+00	-8.005660e-01
9.458776e+01	-1.077904e+00	1.083744e-01	1.971769e-01	2.644266e+00	1.083657e+00	-7.769007e-01
8.456596e+01	-1.082643e+00	6.968545e-02	2.514462e-01	2.646176e+00	1.067455e+00	-7.750680e-01
4.474087e+01	-1.119697e+00	1.532195e-02	3.193720e-01	2.631793e+00	1.077948e+00	-8.119027e-01
4.135073e+01	-1.163748e+00	-5.221559e-02	3.848030e-01	2.629886e+00	1.099103e+00	-8.426445e-01
6.622414e+01	-1.194354e+00	-9.949366e-02	4.192650e-01	2.633889e+00	1.117639e+00	-8.734928e-01
9.255611e+01	-1.213645e+00	-1.243917e-01	4.224586e-01	2.637959e+00	1.139387e+00	-8.992151e-01
9.468282e+01	-1.209820e+00	-1.261886e-01	4.106841e-01	2.640113e+00	1.146625e+00	-9.173873e-01
7.385415e+01	-1.186653e+00	-1.207606e-01	3.887520e-01	2.650337e+00	1.143758e+00	-9.134614e-01
4.949169e+01	-1.148912e+00	-1.120859e-01	3.642428e-01	2.667227e+00	1.130470e+00	-8.918936e-01
4.615636e+01	-1.106020e+00	-1.052333e-01	3.416960e-01	2.686838e+00	1.108886e+00	-8.575869e-01
6.491680e+01	-1.073615e+00	-9.820213e-02	3.236170e-01	2.698679e+00	1.084209e+00	-8.372874e-01
6.541639e+01	-1.058971e+00	-8.534270e-02	3.154633e-01	2.685578e+00	1.082043e+00	-8.430748e-01
5.503146e+01	-1.055049e+00	-6.875862e-02	3.100600e-01	2.655162e+00	1.088700e+00	-8.497234e-01
4.124688e+01	-1.061056e+00	-5.213351e-02	3.088398e-01	2.613123e+00	1.101040e+00	-8.588899e-01
3.317549e+01	-1.077033e+00	-4.971979e-02	3.164501e-01	2.575710e+00	1.112804e+00	-8.685563e-01
3.491499e+01	-1.101806e+00	-5.692005e-02	3.278582e-01	2.542779e+00	1.137096e+00	-8.840189e-01
4.213047e+01	-1.112570e+00	-5.663181e-02	3.358034e-01	2.514933e+00	1.144785e+00	-8.925197e-01
