# loss | a0 ... a6
9.997420e+02	-9.000000e-01	-1.425000e+00	5.950000e-01	2.900000e+00	1.550000e+00	2.750000e-01
5.612512e+02	-8.000000e-01	-1.325000e+00	6.950000e-01	2.800000e+00	1.450000e+00	1.750000e-01
4.230283e+02	-6.670341e-01	-1.203347e+00	7.665022e-01	2.698012e+00	1.333997e+00	9.684364e-02
7.618564e+02	-5.392146e-01	-1.094903e+00	8.265545e-01	2.597512e+00	1.224414e+00	3.804775e-02
3.366898e+02	-5.511050e-01	-1.010960e+00	8.353613e-01	2.535404e+00	1.198755e+00	1.033315e-01
1.916716e+02	-6.067224e-01	-9.284845e-01	8.531543e-01	2.472218e+00	1.180081e+00	1.613964e-01
1.330968e+02	-6.653897e-01	-8.557018e-01	8.693643e-01	2.417041e+00	1.168596e+00	2.170825e-01
8.936130e+01	-7.401570e-01	-7.887716e-01	8.896661e-01	2.361736e+00	1.175911e+00	2.594401e-01
6.230339e+01	-8.177879e-01	-7.273967e-01	9.119408e-01	2.310807e+00	1.184865e+00	2.965843e-01
4.898480e+01	-8.844495e-01	-6.669229e-01	9.234113e-01	2.263445e+00	1.191901e+00	3.294697e-01
4.268210e+01	-9.430251e-01	-6.090323e-01	9.268510e-01	2.217242e+00	1.198196e+00	3.539217e-01
4.153698e+01	-9.915718e-01	-5.497357e-01	9.193953e-01	2.173053e+00	1.204317e+00	3.752890e-01
4.634457e+01	-1.032194e+00	-4.968368e-01	9.129612e-01	2.132266e+00	1.208425e+00	3.946971e-01
4.406719e+01	-1.050264e+00	-4.467078e-01	8.850833e-01	2.099309e+00	1.204852e+00	4.114165e-01
4.512786e+01	-1.064446e+00	-4.007773e-01	8.612446e-01	2.067418e+00	1.198907e+00	4.256292e-01
4.897562e+01	-1.074880e+00	-3.607441e-01	8.384620e-01	2.040154e+00	1.192793e+00	4.388417e-01
4.862466e+01	-1.077886e+00	-3.356159e-01	8.125444e-01	2.024762e+00	1.180889e+00	4.506900e-01
5.005562e+01	-1.076973e+00	-3.136969e-01	7.914187e-01	2.009645e+00	1.167306e+00	4.613022e-01
5.297291e+01	-1.076886e+00	-2.970481e-01	7.741547e-01	1.997797e+00	1.154728e+00	4.709156e-01
4.999164e+01	-1.081095e+00	-2.996272e-01	7.744245e-01	1.994569e+00	1.140071e+00	4.787761e-01
4.757701e+01	-1.085981e+00	-3.048697e-01	7.800756e-01	1.991187e+00	1.125993e+00	4.857733e-01
4.630567e+01	-1.089725e+00	-3.101619e-01	7.842687e-01	1.989912e+00	1.113930e+00	4.921929e-01
4.346167e+01	-1.096572e+00	-3.243833e-01	7.965422e-01	1.994553e+00	1.103193e+00	4.972698e-01
4.232534e+01	-1.105654e+00	-3.379740e-01	8.124478e-01	1.997166e+00	1.095034e+00	5.016424e-01
4.259814e+01	-1.114497e+00	-3.518023e-01	8.265215e-01	2.000697e+00	1.087391e+00	5.053082e-01
4.400942e+01	-1.125605e+00	-3.646284e-01	8.411532e-01	2.003357e+00	1.082477e+00	5.076777e-01
4.583756e+01	-1.134907e+00	-3.771282e-01	8.510270e-01	2.009740e+00	1.078834e+00	5.095629e-01
4.817781e+01	-1.143152e+00	-3.867751e-01	8.599819e-01	2.014650e+00	1.076743e+00	5.112754e-01
4.810945e+01	-1.148160e+00	-3.860552e-01	8.595911e-01	2.016494e+00	1.078415e+00	5.121594e-01
4.784723e+01	-1.151666e+00	-3.845491e-01	8.592248e-01	2.018388e+00	1.080240e+00	5.127455e-01
4.715534e+01	-1.154497e+00	-3.848054e-01	8.557472e-01	2.023729e+00	1.082050e+00	5.132049e-01
4.508966e+01	-1.153145e+00	-3.792146e-01	8.479735e-01	2.027184e+00	1.084509e+00	5.130644e-01
4.314703e+01	-1.151912e+00	-3.724203e-01	8.393248e-01	2.029436e+00	1.087369e+00	5.127718e-01
4.098969e+01	-1.150105e+00	-3.657224e-01	8.272892e-01	2.034604e+00	1.091346e+00	5.123290e-01
3.899782e+01	-1.146806e+00	-3.568905e-01	8.123477e-01	2.040284e+00	1.095315e+00	5.108605e-01
3.793064e+01	-1.145600e+00	-3.470844e-01	7.995015e-01	2.043719e+00	1.100840e+00	5.091837e-01
3.759101e+01	-1.143287e+00	-3.397001e-01	7.903941e-01	2.047387e+00	1.105329e+00	5.079573e-01
3.733830e+01	-1.141617e+00	-3.357227e-01	7.846140e-01	2.053486e+00	1.110385e+00	5.063765e-01
3.745674e+01	-1.140952e+00	-3.307991e-01	7.826631e-01	2.056387e+00	1.115008e+00	5.043618e-01
3.757433e+01	-1.140487e+00	-3.274348e-01	7.838030e-01	2.058141e+00	1.118081e+00	5.023055e-01
3.746937e+01	-1.142148e+00	-3.266650e-01	7.912583e-01	2.058490e+00	1.119757e+00	4.990451e-01
3.752426e+01	-1.143840e+00	-3.274066e-01	8.014163e-01	2.058673e+00	1.121260e+00	4.962248e-01
3.742763e+01	-1.143372e+00	-3.289803e-01	8.107452e-01	2.060321e+00	1.122093e+00	4.938798e-01
3.684333e+01	-1.140747e+00	-3.326447e-01	8.200260e-01	2.065536e+00	1.122803e+00	4.914258e-01
3.623859e+01	-1.137943e+00	-3.362638e-01	8.278752e-01	2.069661e+00	1.122057e+00	4.890178e-01
3.578859e+01	-1.134778e+00	-3.400752e-01	8.374169e-01	2.072510e+00	1.120346e+00	4.866868e-01
3.535402e+01	-1.130795e+00	-3.432795e-01	8.461848e-01	2.074313e+00	1.117468e+00	4.837596e-01
3.510550e+01	-1.128359e+00	-3.470026e-01	8.538727e-01	2.077440e+00	1.115796e+00	4.808558e-01
3.445032e+01	-1.122149e+00	-3.504929e-01	8.600089e-01	2.081580e+00	1.113083e+00	4.786285e-01
3.398582e+01	-1.115829e+00	-3.527502e-01	8.659343e-01	2.084562e+00	1.110747e+00	4.759692e-01
3.355236e+01	-1.111381e+00	-3.553138e-01	8.704346e-01	2.089051e+00	1.109731e+00	4.730139e-01
3.287933e+01	-1.103586e+00	-3.565431e-01	8.717394e-01	2.093485e+00	1.107664e+00	4.707352e-01
3.203753e+01	-1.095955e+00	-3.570957e-01	8.702992e-01	2.099806e+00	1.107398e+00	4.678940e-01
3.148764e+01	-1.088444e+00	-3.573535e-01	8.700635e-01	2.104926e+00	1.107082e+00	4.652693e-01
3.109997e+01	-1.082677e+00	-3.568270e-01	8.703045e-01	2.107899e+00	1.107104e+00	4.626140e-01
3.044170e+01	-1.079238e+00	-3.566882e-01	8.704145e-01	2.112097e+00	1.108852e+00	4.589643e-01
2.987304e+01	-1.076789e+00	-3.566415e-01	8.726986e-01	2.115026e+00	1.111346e+00	4.556627e-01
2.945280e+01	-1.074694e+00	-3.555178e-01	8.749419e-01	2.115762e+00	1.113641e+00	4.525552e-01
2.913106e+01	-1.074926e+00	-3.546630e-01	8.799152e-01	2.115884e+00	1.118508e+00	4.489798e-01
2.921477e+01	-1.074414e+00	-3.515391e-01	8.838467e-01	2.113539e+00	1.122313e+00	4.452551e-01
2.926364e+01	-1.073992e+00	-3.512490e-01	8.867652e-01	2.114138e+00	1.125322e+00	4.420040e-01
2.954800e+01	-1.073482e+00	-3.524757e-01	8.924752e-01	2.113705e+00	1.126815e+00	4.382880e-01
2.926357e+01	-1.071021e+00	-3.554264e-01	8.952693e-01	2.117455e+00	1.128609e+00	4.353479e-01
2.900361e+01	-1.068719e+00	-3.563646e-01	8.952181e-01	2.120187e+00	1.130701e+00	4.325459e-01
2.813293e+01	-1.063821e+00	-3.581238e-01	8.910316e-01	2.125196e+00	1.131997e+00	4.299827e-01
2.723003e+01	-1.059219e+00	-3.615055e-01	8.868248e-01	2.132125e+00	1.133256e+00	4.277843e-01
2.671542e+01	-1.055044e+00	-3.635743e-01	8.853547e-01	2.136037e+00	1.134213e+00	4.253403e-01
2.640642e+01	-1.050344e+00	-3.662205e-01	8.879804e-01	2.137976e+00	1.135165e+00	4.226430e-01
2.609995e+01	-1.045420e+00	-3.689002e-01	8.909817e-01	2.139187e+00	1.134754e+00	4.199845e-01
2.560147e+01	-1.041299e+00	-3.722043e-01	8.892805e-01	2.143444e+00	1.135033e+00	4.176929e-01
2.513924e+01	-1.035296e+00	-3.756892e-01	8.880929e-01	2.146512e+00	1.135098e+00	4.155090e-01
2.482908e+01	-1.031634e+00	-3.797408e-01	8.880762e-01	2.149301e+00	1.134630e+00	4.128465e-01
2.455346e+01	-1.028913e+00	-3.837764e-01	8.875455e-01	2.152828e+00	1.135087e+00	4.104922e-01
2.431485e+01	-1.024581e+00	-3.880798e-01	8.890830e-01	2.155578e+00	1.136589e+00	4.082382e-01
2.409264e+01	-1.021573e+00	-3.911662e-01	8.882983e-01	2.157350e+00	1.137471e+00	4.057885e-01
2.398233e+01	-1.021008e+00	-3.952933e-01	8.892519e-01	2.159247e+00	1.138550e+00	4.031935e-01
2.408526e+01	-1.022144e+00	-3.991541e-01	8.922825e-01	2.159350e+00	1.141063e+00	4.001228e-01
2.432579e+01	-1.023586e+00	-4.014695e-01	8.937499e-01	2.158191e+00	1.143067e+00	3.968180e-01
2.434332e+01	-1.022577e+00	-4.052965e-01	8.940416e-01	2.159214e+00	1.144132e+00	3.943443e-01
2.389323e+01	-1.017705e+00	-4.088842e-01	8.909894e-01	2.161435e+00	1.144913e+00	3.923354e-01
2.363482e+01	-1.014311e+00	-4.122095e-01	8.884648e-01	2.162140e+00	1.146257e+00	3.905201e-01
2.345497e+01	-1.011684e+00	-4.152809e-01	8.866873e-01	2.162791e+00	1.146886e+00	3.882194e-01
2.334028e+01	-1.008660e+00	-4.181791e-01	8.859778e-01	2.162059e+00	1.147947e+00	3.853772e-01
2.324425e+01	-1.005606e+00	-4.210072e-01	8.858365e-01	2.161293e+00	1.148626e+00	3.827694e-01
2.295580e+01	-1.002132e+00	-4.238370e-01	8.822937e-01	2.161659e+00	1.149062e+00	3.807521e-01
2.260831e+01	-9.990889e-01	-4.268803e-01	8.756994e-01	2.162670e+00	1.149880e+00	3.785766e-01
2.231769e+01	-9.949147e-01	-4.287465e-01	8.708615e-01	2.162197e+00	1.151221e+00	3.766005e-01
2.208445e+01	-9.914742e-01	-4.320458e-01	8.670838e-01	2.162206e+00	1.151640e+00	3.747724e-01
2.185467e+01	-9.877700e-01	-4.344029e-01	8.617210e-01	2.160278e+00	1.152603e+00	3.727818e-01
2.168918e+01	-9.856114e-01	-4.376150e-01	8.571935e-01	2.159798e+00	1.154269e+00	3.709219e-01
2.154657e+01	-9.836420e-01	-4.422143e-01	8.548505e-01	2.159296e+00	1.154857e+00	3.691743e-01
2.140030e+01	-9.836408e-01	-4.484083e-01	8.502025e-01	2.160056e+00	1.155971e+00	3.674011e-01
2.120014e+01	-9.814966e-01	-4.538803e-01	8.455119e-01	2.160316e+00	1.155667e+00	3.656835e-01
2.116695e+01	-9.808952e-01	-4.593671e-01	8.449499e-01	2.158783e+00	1.156753e+00	3.639529e-01
2.111112e+01	-9.807045e-01	-4.646729e-01	8.418682e-01	2.157062e+00	1.158531e+00	3.619900e-01
2.109286e+01	-9.797586e-01	-4.706489e-01	8.407320e-01	2.155006e+00	1.160774e+00	3.605337e-01
2.115244e+01	-9.793985e-01	-4.761370e-01	8.400606e-01	2.152678e+00	1.162066e+00	3.588429e-01
2.113749e+01	-9.785982e-01	-4.808942e-01	8.373499e-01	2.149869e+00	1.163907e+00	3.570374e-01
2.125679e+01	-9.778292e-01	-4.858935e-01	8.367945e-01	2.146328e+00	1.165879e+00	3.552346e-01
2.104567e+01	-9.756508e-01	-4.907696e-01	8.327541e-01	2.144089e+00	1.166784e+00	3.538164e-01
2.085095e+01	-9.741553e-01	-4.968491e-01	8.276766e-01	2.142241e+00	1.167345e+00	3.521056e-01
2.058300e+01	-9.714836e-01	-5.043475e-01	8.231744e-01	2.141431e+00	1.167540e+00	3.510575e-01
2.000615e+01	-9.671095e-01	-5.079253e-01	8.149927e-01	2.139246e+00	1.168256e+00	3.499003e-01
1.937902e+01	-9.627623e-01	-5.125067e-01	8.034055e-01	2.136509e+00	1.168259e+00	3.486552e-01
1.888590e+01	-9.590475e-01	-5.158598e-01	7.923151e-01	2.133527e+00	1.168363e+00	3.473386e-01
1.848268e+01	-9.548104e-01	-5.185362e-01	7.832896e-01	2.130666e+00	1.169892e+00	3.461079e-01
1.814070e+01	-9.520055e-01	-5.230770e-01	7.753650e-01	2.127127e+00	1.171874e+00	3.447948e-01
1.783637e+01	-9.502945e-01	-5.273219e-01	7.681407e-01	2.124806e+00	1.174443e+00	3.435626e-01
1.754978e+01	-9.492930e-01	-5.308772e-01	7.616077e-01	2.120755e+00	1.176892e+00	3.419837e-01
1.730814e+01	-9.518692e-01	-5.355833e-01	7.550416e-01	2.115516e+00	1.179857e+00	3.399403e-01
1.711514e+01	-9.538623e-01	-5.415456e-01	7.492249e-01	2.111604e+00	1.182474e+00	3.384403e-01
1.697582e+01	-9.548028e-01	-5.466952e-01	7.443464e-01	2.107190e+00	1.184916e+00	3.367447e-01
1.698141e+01	-9.587519e-01	-5.559301e-01	7.402340e-01	2.103112e+00	1.185841e+00	3.348158e-01
1.658995e+01	-9.588446e-01	-5.625222e-01	7.312542e-01	2.099524e+00	1.186466e+00	3.332590e-01
1.630641e+01	-9.586576e-01	-5.684174e-01	7.244152e-01	2.095585e+00	1.188335e+00	3.318077e-01
1.556179e+01	-9.563327e-01	-5.736072e-01	7.108596e-01	2.091489e+00	1.189852e+00	3.303712e-01
1.500312e+01	-9.549733e-01	-5.797054e-01	7.000681e-01	2.088219e+00	1.191412e+00	3.291593e-01
1.449521e+01	-9.531952e-01	-5.856691e-01	6.906747e-01	2.084763e+00	1.192883e+00	3.278808e-01
1.382453e+01	-9.508599e-01	-5.922156e-01	6.771004e-01	2.080979e+00	1.194139e+00	3.265309e-01
1.328219e+01	-9.482313e-01	-5.977580e-01	6.659217e-01	2.076991e+00	1.195755e+00	3.248932e-01
1.282928e+01	-9.470698e-01	-6.042668e-01	6.570059e-01	2.073381e+00	1.197521e+00	3.234979e-01
1.230659e+01	-9.465243e-01	-6.125616e-01	6.462053e-01	2.070028e+00	1.199431e+00	3.220448e-01
1.185110e+01	-9.467204e-01	-6.205191e-01	6.363172e-01	2.066537e+00	1.200450e+00	3.204118e-01
1.144196e+01	-9.473243e-01	-6.274887e-01	6.298786e-01	2.062292e+00	1.203080e+00	3.186484e-01
1.115119e+01	-9.497988e-01	-6.371277e-01	6.256841e-01	2.057414e+00	1.206471e+00	3.166170e-01
1.069885e+01	-9.504689e-01	-6.445610e-01	6.166956e-01	2.053406e+00	1.209544e+00	3.149451e-01
1.036596e+01	-9.515017e-01	-6.508073e-01	6.099338e-01	2.048997e+00	1.212615e+00	3.128418e-01
9.891752e+00	-9.514087e-01	-6.589581e-01	6.006066e-01	2.044786e+00	1.215382e+00	3.108412e-01
9.369547e+00	-9.508929e-01	-6.655051e-01	5.906177e-01	2.041519e+00	1.217569e+00	3.087150e-01
8.842160e+00	-9.506829e-01	-6.706044e-01	5.802768e-01	2.037659e+00	1.220385e+00	3.065626e-01
8.174394e+00	-9.493540e-01	-6.759457e-01	5.669749e-01	2.034787e+00	1.222545e+00	3.041022e-01
7.671653e+00	-9.484551e-01	-6.816038e-01	5.563493e-01	2.031269e+00	1.225312e+00	3.016870e-01
7.174235e+00	-9.481020e-01	-6.863790e-01	5.443323e-01	2.028159e+00	1.227860e+00	2.995439e-01
6.706194e+00	-9.478032e-01	-6.909560e-01	5.311973e-01	2.024826e+00	1.231217e+00	2.970572e-01
6.312589e+00	-9.478576e-01	-6.964015e-01	5.191629e-01	2.022674e+00	1.233932e+00	2.949018e-01
5.983275e+00	-9.489990e-01	-7.019302e-01	5.087899e-01	2.020519e+00	1.236079e+00	2.927157e-01
5.658000e+00	-9.523875e-01	-7.095083e-01	5.011123e-01	2.018700e+00	1.237892e+00	2.902211e-01
5.381268e+00	-9.562653e-01	-7.164792e-01	4.928105e-01	2.018041e+00	1.239315e+00	2.879738e-01
5.194266e+00	-9.588549e-01	-7.229855e-01	4.859821e-01	2.016889e+00	1.241152e+00	2.857791e-01
5.013227e+00	-9.605213e-01	-7.293723e-01	4.780752e-01	2.016219e+00	1.242613e+00	2.833300e-01
4.877101e+00	-9.622097e-01	-7.349738e-01	4.706435e-01	2.016084e+00	1.244122e+00	2.809416e-01
4.818185e+00	-9.644187e-01	-7.405631e-01	4.649274e-01	2.016181e+00	1.245814e+00	2.789129e-01
4.723558e+00	-9.648224e-01	-7.450223e-01	4.574995e-01	2.017049e+00	1.247643e+00	2.769911e-01
4.686661e+00	-9.659279e-01	-7.497121e-01	4.505991e-01	2.018037e+00	1.249446e+00	2.753220e-01
4.685460e+00	-9.674147e-01	-7.531840e-01	4.458796e-01	2.019365e+00	1.250888e+00	2.734335e-01
4.663507e+00	-9.677172e-01	-7.550830e-01	4.401976e-01	2.021216e+00	1.252321e+00	2.714880e-01
4.684837e+00	-9.684701e-01	-7.560333e-01	4.367019e-01	2.022586e+00	1.253723e+00	2.694189e-01
4.706427e+00	-9.693398e-01	-7.576715e-01	4.334337e-01	2.024986e+00	1.254690e+00	2.678183e-01
4.712394e+00	-9.698572e-01	-7.582862e-01	4.315300e-01	2.028179e+00	1.255288e+00	2.664308e-01
4.718953e+00	-9.707923e-01	-7.592489e-01	4.304164e-01	2.032012e+00	1.255804e+00	2.653097e-01
4.733947e+00	-9.712554e-01	-7.601208e-01	4.294029e-01	2.035227e+00	1.256075e+00	2.641053e-01
4.738602e+00	-9.721635e-01	-7.600197e-01	4.303730e-01	2.039747e+00	1.256107e+00	2.631773e-01
4.755779e+00	-9.725709e-01	-7.599871e-01	4.314365e-01	2.043533e+00	1.256023e+00	2.623124e-01
4.734797e+00	-9.721815e-01	-7.603208e-01	4.308610e-01	2.047100e+00	1.255428e+00	2.615901e-01
4.691278e+00	-9.707311e-01	-7.606264e-01	4.299188e-01	2.051169e+00	1.254302e+00	2.610784e-01
4.686885e+00	-9.703656e-01	-7.603184e-01	4.305684e-01	2.054911e+00	1.253485e+00	2.605758e-01
4.679724e+00	-9.693403e-01	-7.601191e-01	4.301569e-01	2.058431e+00	1.252438e+00	2.603016e-01
4.682377e+00	-9.684331e-01	-7.587313e-01	4.320595e-01	2.061742e+00	1.251584e+00	2.600394e-01
4.692505e+00	-9.675597e-01	-7.576509e-01	4.331270e-01	2.065098e+00	1.250822e+00	2.600861e-01
4.713743e+00	-9.667825e-01	-7.572289e-01	4.348976e-01	2.067717e+00	1.250143e+00	2.599717e-01
4.742587e+00	-9.661756e-01	-7.562932e-01	4.387063e-01	2.070124e+00	1.250001e+00	2.600164e-01
4.772416e+00	-9.652968e-01	-7.552816e-01	4.415071e-01	2.072061e+00	1.249889e+00	2.601261e-01
4.814095e+00	-9.649251e-01	-7.547057e-01	4.441657e-01	2.073689e+00	1.249565e+00	2.600995e-01
4.834806e+00	-9.641715e-01	-7.533481e-01	4.455254e-01	2.074835e+00	1.249853e+00	2.601481e-01
4.850146e+00	-9.625204e-01	-7.524201e-01	4.463976e-01	2.075904e+00	1.249809e+00	2.601003e-01
4.867440e+00	-9.623253e-01	-7.519381e-01	4.478306e-01	2.076613e+00	1.249459e+00	2.602724e-01
4.890307e+00	-9.632681e-01	-7.520878e-01	4.495822e-01	2.076093e+00	1.248835e+00	2.602126e-01
4.906668e+00	-9.636964e-01	-7.512662e-01	4.507633e-01	2.075709e+00	1.248443e+00	2.601482e-01
4.884128e+00	-9.634341e-01	-7.510800e-01	4.506173e-01	2.075816e+00	1.248079e+00	2.605655e-01
4.831470e+00	-9.631377e-01	-7.505317e-01	4.484085e-01	2.075623e+00	1.247538e+00	2.609502e-01
4.793722e+00	-9.623588e-01	-7.499546e-01	4.457015e-01	2.074932e+00	1.247009e+00	2.612947e-01
4.779357e+00	-9.621405e-01	-7.497972e-01	4.449188e-01	2.074506e+00	1.246983e+00	2.618017e-01
4.760893e+00	-9.633998e-01	-7.498937e-01	4.466964e-01	2.073403e+00	1.247036e+00	2.622604e-01
4.752462e+00	-9.644943e-01	-7.498620e-01	4.478454e-01	2.072616e+00	1.247284e+00	2.628515e-01
4.753442e+00	-9.648427e-01	-7.502860e-01	4.493771e-01	2.071474e+00	1.247827e+00	2.631415e-01
4.719791e+00	-9.642297e-01	-7.504016e-01	4.490897e-01	2.069654e+00	1.248273e+00	2.633868e-01
4.703654e+00	-9.640905e-01	-7.510254e-01	4.491711e-01	2.068096e+00	1.248788e+00	2.636676e-01
4.706068e+00	-9.642466e-01	-7.511441e-01	4.500973e-01	2.066658e+00	1.249349e+00	2.638366e-01
4.700149e+00	-9.636149e-01	-7.507348e-01	4.512102e-01	2.064598e+00	1.249613e+00	2.638940e-01
4.662054e+00	-9.626744e-01	-7.504174e-01	4.505336e-01	2.063029e+00	1.249640e+00	2.641786e-01
4.644794e+00	-9.627270e-01	-7.504193e-01	4.499786e-01	2.061668e+00	1.249897e+00	2.643151e-01
4.625544e+00	-9.636978e-01	-7.504136e-01	4.495742e-01	2.060171e+00	1.249625e+00	2.645305e-01
4.604454e+00	-9.637304e-01	-7.503788e-01	4.488856e-01	2.058470e+00	1.249638e+00	2.646094e-01
4.580860e+00	-9.637369e-01	-7.504422e-01	4.476557e-01	2.057436e+00	1.249622e+00	2.647437e-01
4.553647e+00	-9.631999e-01	-7.508690e-01	4.456545e-01	2.057247e+00	1.249392e+00	2.651989e-01
4.545556e+00	-9.630072e-01	-7.500952e-01	4.448559e-01	2.056726e+00	1.249546e+00	2.652895e-01
4.538597e+00	-9.634807e-01	-7.504836e-01	4.446914e-01	2.055887e+00	1.249487e+00	2.653505e-01
4.542338e+00	-9.647876e-01	-7.515562e-01	4.456919e-01	2.054791e+00	1.249041e+00	2.653801e-01
4.568424e+00	-9.657643e-01	-7.522344e-01	4.473864e-01	2.054329e+00	1.248685e+00	2.654157e-01
4.589800e+00	-9.663897e-01	-7.524592e-01	4.482355e-01	2.053722e+00	1.248879e+00	2.653560e-01
4.609674e+00	-9.673672e-01	-7.516174e-01	4.488072e-01	2.053210e+00	1.249041e+00	2.651098e-01
4.599189e+00	-9.676155e-01	-7.510601e-01	4.485120e-01	2.053382e+00	1.248971e+00	2.652342e-01
4.577056e+00	-9.671721e-01	-7.507303e-01	4.475581e-01	2.053239e+00	1.249236e+00	2.652414e-01
4.538700e+00	-9.658015e-01	-7.500972e-01	4.458219e-01	2.053461e+00	1.249291e+00	2.653690e-01
4.534165e+00	-9.651980e-01	-7.498745e-01	4.451520e-01	2.053407e+00	1.249768e+00	2.653692e-01
4.527211e+00	-9.643679e-01	-7.496048e-01	4.438423e-01	2.053612e+00	1.249957e+00	2.654105e-01
4.538241e+00	-9.643871e-01	-7.499170e-01	4.443800e-01	2.053564e+00	1.250503e+00	2.652863e-01
4.556463e+00	-9.649728e-01	-7.503010e-01	4.457805e-01	2.054200e+00	1.250662e+00	2.652560e-01
4.559427e+00	-9.646459e-01	-7.505058e-01	4.460322e-01	2.054475e+00	1.250674e+00	2.652427e-01
4.566222e+00	-9.646160e-01	-7.497362e-01	4.467033e-01	2.054617e+00	1.250306e+00	2.649698e-01
4.550091e+00	-9.637327e-01	-7.495110e-01	4.457984e-01	2.055155e+00	1.250011e+00	2.651032e-01
4.553862e+00	-9.637289e-01	-7.501634e-01	4.463664e-01	2.055534e+00	1.249827e+00	2.651148e-01
4.590968e+00	-9.655304e-01	-7.512185e-01	4.484667e-01	2.055975e+00	1.249240e+00	2.650240e-01
4.633838e+00	-9.662807e-01	-7.518163e-01	4.501154e-01	2.055791e+00	1.249099e+00	2.649549e-01
4.641742e+00	-9.661200e-01	-7.523072e-01	4.503433e-01	2.056266e+00	1.248963e+00	2.649733e-01
4.608811e+00	-9.656658e-01	-7.515664e-01	4.491267e-01	2.057357e+00	1.248900e+00	2.650334e-01
4.578087e+00	-9.653372e-01	-7.509795e-01	4.474169e-01	2.057895e+00	1.248564e+00	2.650378e-01
4.560314e+00	-9.644216e-01	-7.507221e-01	4.458300e-01	2.058293e+00	1.248593e+00	2.650554e-01
4.554124e+00	-9.640634e-01	-7.506636e-01	4.447012e-01	2.058091e+00	1.248394e+00	2.648565e-01
4.559309e+00	-9.633365e-01	-7.515743e-01	4.443516e-01	2.058229e+00	1.248450e+00	2.646903e-01
4.562451e+00	-9.630437e-01	-7.512497e-01	4.447799e-01	2.058404e+00	1.248873e+00	2.646042e-01
4.584447e+00	-9.632122e-01	-7.507467e-01	4.464331e-01	2.058731e+00	1.250109e+00	2.645417e-01
4.607568e+00	-9.632544e-01	-7.511869e-01	4.475283e-01	2.058876e+00	1.250809e+00	2.646349e-01
4.645944e+00	-9.636215e-01	-7.510244e-01	4.492545e-01	2.058798e+00	1.251198e+00	2.644548e-01
4.641430e+00	-9.631787e-01	-7.511375e-01	4.493464e-01	2.058292e+00	1.250971e+00	2.643143e-01
4.663482e+00	-9.635749e-01	-7.510483e-01	4.505401e-01	2.058134e+00	1.250377e+00	2.639421e-01
4.653795e+00	-9.637751e-01	-7.509370e-01	4.501852e-01	2.058282e+00	1.250203e+00	2.639737e-01
4.612489e+00	-9.632936e-01	-7.497208e-01	4.483273e-01	2.058629e+00	1.250019e+00	2.641010e-01
4.596108e+00	-9.633559e-01	-7.485805e-01	4.468382e-01	2.058327e+00	1.250196e+00	2.642302e-01
4.574261e+00	-9.634485e-01	-7.488472e-01	4.452208e-01	2.058699e+00	1.249669e+00	2.644021e-01
4.564608e+00	-9.637015e-01	-7.495341e-01	4.432408e-01	2.059616e+00	1.248554e+00	2.645784e-01
4.567866e+00	-9.646206e-01	-7.502387e-01	4.441108e-01	2.060119e+00	1.248331e+00	2.646755e-01
4.578497e+00	-9.653684e-01	-7.511817e-01	4.451457e-01	2.060230e+00	1.248071e+00	2.647660e-01
4.614985e+00	-9.658019e-01	-7.518516e-01	4.480198e-01	2.060154e+00	1.248242e+00	2.647545e-01
4.648560e+00	-9.659413e-01	-7.520342e-01	4.500227e-01	2.059806e+00	1.248341e+00	2.647457e-01
4.665940e+00	-9.663481e-01	-7.521842e-01	4.505285e-01	2.059704e+00	1.248486e+00	2.647283e-01
4.631089e+00	-9.658437e-01	-7.512002e-01	4.492465e-01	2.059573e+00	1.248922e+00	2.645751e-01
4.593468e+00	-9.648843e-01	-7.500776e-01	4.474259e-01	2.059617e+00	1.249095e+00	2.645312e-01
4.579678e+00	-9.645850e-01	-7.497676e-01	4.462645e-01	2.059440e+00	1.249264e+00	2.645534e-01
4.580036e+00	-9.634915e-01	-7.492211e-01	4.461828e-01	2.059317e+00	1.249633e+00	2.645373e-01
4.573108e+00	-9.622553e-01	-7.486206e-01	4.444865e-01	2.059332e+00	1.249230e+00	2.646346e-01
4.569793e+00	-9.626578e-01	-7.490732e-01	4.448044e-01	2.059052e+00	1.249418e+00	2.646231e-01
4.583332e+00	-9.642548e-01	-7.507928e-01	4.469350e-01	2.058549e+00	1.248929e+00	2.643575e-01
4.612112e+00	-9.654211e-01	-7.528684e-01	4.476184e-01	2.058431e+00	1.248360e+00	2.643339e-01
4.661628e+00	-9.661952e-01	-7.534024e-01	4.495309e-01	2.058116e+00	1.248785e+00	2.643081e-01
4.638538e+00	-9.659690e-01	-7.535588e-01	4.483625e-01	2.057334e+00	1.248689e+00	2.641091e-01
4.609327e+00	-9.651396e-01	-7.537771e-01	4.470307e-01	2.057179e+00	1.248983e+00	2.642157e-01
4.594211e+00	-9.648694e-01	-7.529619e-01	4.465110e-01	2.057163e+00	1.249525e+00	2.642736e-01
4.568365e+00	-9.643550e-01	-7.516270e-01	4.449859e-01	2.056957e+00	1.249980e+00	2.643675e-01
4.567376e+00	-9.635821e-01	-7.494797e-01	4.442451e-01	2.057072e+00	1.250004e+00	2.641750e-01
4.573444e+00	-9.635825e-01	-7.489220e-01	4.440468e-01	2.057250e+00	1.250456e+00	2.642782e-01
4.608442e+00	-9.643230e-01	-7.480797e-01	4.461361e-01	2.056943e+00	1.250841e+00	2.639810e-01
4.655763e+00	-9.649861e-01	-7.474988e-01	4.479307e-01	2.056785e+00	1.251450e+00	2.639222e-01
4.656057e+00	-9.654863e-01	-7.484697e-01	4.488208e-01	2.057242e+00	1.251282e+00	2.641981e-01
4.608274e+00	-9.661860e-01	-7.506947e-01	4.475992e-01	2.058231e+00	1.250331e+00	2.648998e-01
4.625898e+00	-9.670703e-01	-7.522915e-01	4.481492e-01	2.058799e+00	1.249519e+00	2.652831e-01
4.607893e+00	-9.666347e-01	-7.532220e-01	4.466679e-01	2.059342e+00	1.248790e+00	2.656576e-01
4.583190e+00	-9.650686e-01	-7.530876e-01	4.441521e-01	2.059673e+00	1.248049e+00	2.658712e-01
4.579540e+00	-9.634324e-01	-7.522863e-01	4.415314e-01	2.059382e+00	1.247859e+00	2.658303e-01
4.572916e+00	-9.633536e-01	-7.519722e-01	4.419514e-01	2.059189e+00	1.247894e+00	2.657420e-01
4.568043e+00	-9.646028e-01	-7.522554e-01	4.451295e-01	2.058667e+00	1.248065e+00	2.653337e-01
4.599648e+00	-9.656035e-01	-7.511780e-01	4.486605e-01	2.057794e+00	1.248288e+00	2.648492e-01
4.685122e+00	-9.662017e-01	-7.508175e-01	4.521243e-01	2.057219e+00	1.249048e+00	2.644748e-01
