# loss | a0 ... a6
9.310062e+03	-2.661481e+00	-2.743333e+00	-1.851103e+00	2.497778e+00	6.666667e-03	-8.774443e-01
6.806007e+03	-2.492481e+00	-2.912333e+00	-2.020103e+00	2.328778e+00	1.756667e-01	-1.046444e+00
4.371803e+03	-2.341989e+00	-3.061162e+00	-2.166263e+00	2.135902e+00	4.006565e-01	-1.252218e+00
2.805294e+03	-2.207233e+00	-3.193620e+00	-2.295213e+00	1.933515e+00	6.015576e-01	-1.435358e+00
1.882769e+03	-2.085891e+00	-3.312892e+00	-2.411325e+00	1.742064e+00	7.934624e-01	-1.580812e+00
1.521951e+03	-2.004585e+00	-3.392811e+00	-2.489127e+00	1.604518e+00	9.264657e-01	-1.681783e+00
1.365387e+03	-1.931377e+00	-3.464764e+00	-2.559165e+00	1.479869e+00	1.051475e+00	-1.775301e+00
1.343602e+03	-1.865457e+00	-3.529554e+00	-2.622231e+00	1.373424e+00	1.173324e+00	-1.852169e+00
1.401924e+03	-1.806099e+00	-3.587895e+00	-2.679019e+00	1.297565e+00	1.289050e+00	-1.912192e+00
1.494669e+03	-1.760215e+00	-3.632992e+00	-2.722917e+00	1.240025e+00	1.380932e+00	-1.955905e+00
1.592373e+03	-1.718899e+00	-3.673600e+00	-2.762444e+00	1.199734e+00	1.459304e+00	-1.989345e+00
1.691662e+03	-1.681695e+00	-3.710166e+00	-2.798036e+00	1.169226e+00	1.530939e+00	-2.017567e+00
1.772091e+03	-1.648196e+00	-3.743091e+00	-2.830085e+00	1.150935e+00	1.586938e+00	-2.036825e+00
1.823270e+03	-1.620755e+00	-3.770061e+00	-2.856338e+00	1.148719e+00	1.624404e+00	-2.048822e+00
1.868648e+03	-1.596046e+00	-3.794347e+00	-2.879977e+00	1.147080e+00	1.656957e+00	-2.057722e+00
1.893484e+03	-1.573797e+00	-3.816215e+00	-2.901263e+00	1.150411e+00	1.677220e+00	-2.056501e+00
1.916083e+03	-1.553762e+00	-3.835906e+00	-2.920430e+00	1.155045e+00	1.695744e+00	-2.055376e+00
1.920505e+03	-1.536828e+00	-3.852549e+00	-2.936631e+00	1.162809e+00	1.703430e+00	-2.045996e+00
1.917462e+03	-1.521581e+00	-3.867536e+00	-2.951218e+00	1.176240e+00	1.707077e+00	-2.036462e+00
1.896972e+03	-1.507851e+00	-3.881030e+00	-2.964354e+00	1.193943e+00	1.700634e+00	-2.021060e+00
1.877639e+03	-1.495487e+00	-3.893182e+00	-2.976182e+00	1.209364e+00	1.694024e+00	-2.007795e+00
1.845604e+03	-1.484832e+00	-3.903654e+00	-2.986376e+00	1.226454e+00	1.680502e+00	-1.988280e+00
1.799245e+03	-1.475237e+00	-3.913085e+00	-2.995555e+00	1.248338e+00	1.659400e+00	-1.964465e+00
1.752561e+03	-1.466598e+00	-3.921576e+00	-3.003821e+00	1.272166e+00	1.638331e+00	-1.942516e+00
1.709530e+03	-1.458818e+00	-3.929222e+00	-3.011263e+00	1.293368e+00	1.618625e+00	-1.922801e+00
1.671554e+03	-1.452024e+00	-3.935900e+00	-3.017763e+00	1.312649e+00	1.601434e+00	-1.905050e+00
1.618383e+03	-1.445907e+00	-3.941912e+00	-3.023616e+00	1.338058e+00	1.576151e+00	-1.881976e+00
1.567292e+03	-1.440398e+00	-3.947326e+00	-3.028886e+00	1.361584e+00	1.551408e+00	-1.858173e+00
1.513948e+03	-1.435438e+00	-3.952201e+00	-3.033631e+00	1.388209e+00	1.524947e+00	-1.834579e+00
1.454208e+03	-1.431065e+00	-3.956499e+00	-3.037814e+00	1.417109e+00	1.493414e+00	-1.807291e+00
1.403229e+03	-1.427128e+00	-3.960369e+00	-3.041581e+00	1.443209e+00	1.465246e+00	-1.782387e+00
1.355535e+03	-1.423583e+00	-3.963854e+00	-3.044973e+00	1.468232e+00	1.437401e+00	-1.755525e+00
1.312019e+03	-1.420390e+00	-3.966991e+00	-3.048027e+00	1.498022e+00	1.412138e+00	-1.730388e+00
1.272416e+03	-1.417556e+00	-3.969777e+00	-3.050739e+00	1.526380e+00	1.387427e+00	-1.702922e+00
1.240135e+03	-1.415004e+00	-3.972285e+00	-3.053180e+00	1.552023e+00	1.365442e+00	-1.677843e+00
1.212932e+03	-1.412706e+00	-3.974544e+00	-3.055379e+00	1.576658e+00	1.345869e+00	-1.652693e+00
1.186562e+03	-1.410637e+00	-3.976577e+00	-3.057358e+00	1.607739e+00	1.325910e+00	-1.628795e+00
1.163939e+03	-1.408790e+00	-3.978392e+00	-3.059125e+00	1.638720e+00	1.306363e+00	-1.603923e+00
1.146996e+03	-1.407128e+00	-3.980027e+00	-3.060716e+00	1.666726e+00	1.289148e+00	-1.581241e+00
1.132638e+03	-1.405630e+00	-3.981498e+00	-3.062148e+00	1.697666e+00	1.271033e+00	-1.558961e+00
1.122216e+03	-1.404282e+00	-3.982823e+00	-3.063438e+00	1.727212e+00	1.258387e+00	-1.536906e+00
1.114910e+03	-1.403074e+00	-3.984011e+00	-3.064594e+00	1.756163e+00	1.245833e+00	-1.516833e+00
1.109768e+03	-1.401986e+00	-3.985080e+00	-3.065635e+00	1.783553e+00	1.236877e+00	-1.496568e+00
1.105417e+03	-1.401006e+00	-3.986043e+00	-3.066572e+00	1.811878e+00	1.231554e+00	-1.476080e+00
1.102802e+03	-1.400124e+00	-3.986910e+00	-3.067416e+00	1.837419e+00	1.227289e+00	-1.459397e+00
1.100200e+03	-1.399331e+00	-3.987690e+00	-3.068175e+00	1.861913e+00	1.226619e+00	-1.442004e+00
1.098164e+03	-1.398616e+00	-3.988392e+00	-3.068858e+00	1.883747e+00	1.227258e+00	-1.428148e+00
1.096606e+03	-1.397973e+00	-3.989024e+00	-3.069474e+00	1.905182e+00	1.228241e+00	-1.416346e+00
1.095384e+03	-1.397394e+00	-3.989593e+00	-3.070028e+00	1.925412e+00	1.229967e+00	-1.405294e+00
1.093507e+03	-1.396872e+00	-3.990106e+00	-3.070527e+00	1.944146e+00	1.233803e+00	-1.397750e+00
1.091480e+03	-1.396402e+00	-3.990568e+00	-3.070977e+00	1.961697e+00	1.239307e+00	-1.389826e+00
1.089963e+03	-1.395979e+00	-3.990984e+00	-3.071382e+00	1.977533e+00	1.244562e+00	-1.382701e+00
1.088660e+03	-1.395598e+00	-3.991359e+00	-3.071746e+00	1.992257e+00	1.249797e+00	-1.377178e+00
1.086703e+03	-1.395253e+00	-3.991697e+00	-3.072076e+00	2.004999e+00	1.256603e+00	-1.375397e+00
1.085232e+03	-1.394943e+00	-3.992002e+00	-3.072372e+00	2.016741e+00	1.263126e+00	-1.373502e+00
1.084158e+03	-1.394664e+00	-3.992276e+00	-3.072640e+00	2.027673e+00	1.269255e+00	-1.371936e+00
1.083286e+03	-1.394413e+00	-3.992524e+00	-3.072880e+00	2.037400e+00	1.274948e+00	-1.371633e+00
1.082702e+03	-1.394185e+00	-3.992747e+00	-3.073098e+00	2.045811e+00	1.279973e+00	-1.371661e+00
1.082070e+03	-1.393980e+00	-3.992948e+00	-3.073294e+00	2.052762e+00	1.285199e+00	-1.373119e+00
1.081630e+03	-1.393796e+00	-3.993130e+00	-3.073470e+00	2.058914e+00	1.289823e+00	-1.374936e+00
1.081082e+03	-1.393630e+00	-3.993293e+00	-3.073629e+00	2.064343e+00	1.294314e+00	-1.378860e+00
1.080527e+03	-1.393479e+00	-3.993441e+00	-3.073773e+00	2.067909e+00	1.297836e+00	-1.383845e+00
1.080043e+03	-1.393344e+00	-3.993574e+00	-3.073903e+00	2.070727e+00	1.300570e+00	-1.389015e+00
1.079740e+03	-1.393222e+00	-3.993694e+00	-3.074020e+00	2.073460e+00	1.302825e+00	-1.393193e+00
1.079306e+03	-1.393112e+00	-3.993802e+00	-3.074125e+00	2.075959e+00	1.305087e+00	-1.399185e+00
1.078825e+03	-1.393012e+00	-3.993900e+00	-3.074220e+00	2.077943e+00	1.305440e+00	-1.404885e+00
1.078233e+03	-1.392922e+00	-3.993988e+00	-3.074306e+00	2.079148e+00	1.304765e+00	-1.411000e+00
1.077588e+03	-1.392841e+00	-3.994068e+00	-3.074383e+00	2.079358e+00	1.305311e+00	-1.418696e+00
1.077063e+03	-1.392769e+00	-3.994139e+00	-3.074453e+00	2.079567e+00	1.305748e+00	-1.425549e+00
1.076464e+03	-1.392702e+00	-3.994204e+00	-3.074516e+00	2.079963e+00	1.305372e+00	-1.433040e+00
1.075876e+03	-1.392643e+00	-3.994263e+00	-3.074573e+00	2.079904e+00	1.303633e+00	-1.439081e+00
1.075364e+03	-1.392589e+00	-3.994316e+00	-3.074625e+00	2.079163e+00	1.302075e+00	-1.444546e+00
1.074847e+03	-1.392541e+00	-3.994363e+00	-3.074671e+00	2.078037e+00	1.301162e+00	-1.451323e+00
1.074374e+03	-1.392497e+00	-3.994406e+00	-3.074713e+00	2.076966e+00	1.300276e+00	-1.458129e+00
1.074004e+03	-1.392458e+00	-3.994445e+00	-3.074750e+00	2.075374e+00	1.299634e+00	-1.463996e+00
1.073615e+03	-1.392422e+00	-3.994480e+00	-3.074784e+00	2.073488e+00	1.298455e+00	-1.470145e+00
1.073235e+03	-1.392390e+00	-3.994511e+00	-3.074815e+00	2.072068e+00	1.296604e+00	-1.475968e+00
1.072926e+03	-1.392361e+00	-3.994540e+00	-3.074843e+00	2.070775e+00	1.294937e+00	-1.481301e+00
1.072698e+03	-1.392335e+00	-3.994566e+00	-3.074868e+00	2.069470e+00	1.292832e+00	-1.484748e+00
1.072488e+03	-1.392311e+00	-3.994589e+00	-3.074891e+00	2.067734e+00	1.290358e+00	-1.488418e+00
1.072298e+03	-1.392290e+00	-3.994610e+00	-3.074911e+00	2.066491e+00	1.288481e+00	-1.493157e+00
1.072131e+03	-1.392271e+00	-3.994629e+00	-3.074930e+00	2.065284e+00	1.287249e+00	-1.498623e+00
1.072030e+03	-1.392253e+00	-3.994646e+00	-3.074946e+00	2.064044e+00	1.285513e+00	-1.502489e+00
1.071952e+03	-1.392237e+00	-3.994662e+00	-3.074961e+00	2.063059e+00	1.283573e+00	-1.506400e+00
1.071911e+03	-1.392223e+00	-3.994675e+00	-3.074975e+00	2.062352e+00	1.282275e+00	-1.509404e+00
1.071895e+03	-1.392210e+00	-3.994688e+00	-3.074987e+00	2.061428e+00	1.281073e+00	-1.512005e+00
1.071932e+03	-1.392199e+00	-3.994699e+00	-3.074998e+00	2.061037e+00	1.279046e+00	-1.513226e+00
1.071973e+03	-1.392188e+00	-3.994710e+00	-3.075008e+00	2.060655e+00	1.277406e+00	-1.514832e+00
1.071956e+03	-1.392179e+00	-3.994719e+00	-3.075017e+00	2.060478e+00	1.277055e+00	-1.516718e+00
1.071962e+03	-1.392170e+00	-3.994727e+00	-3.075025e+00	2.061288e+00	1.276197e+00	-1.517772e+00
1.071959e+03	-1.392163e+00	-3.994735e+00	-3.075033e+00	2.062048e+00	1.275893e+00	-1.517995e+00
1.071974e+03	-1.392156e+00	-3.994742e+00	-3.075039e+00	2.062809e+00	1.275406e+00	-1.517900e+00
1.071923e+03	-1.392150e+00	-3.994748e+00	-3.075045e+00	2.062830e+00	1.275907e+00	-1.519091e+00
1.071853e+03	-1.392144e+00	-3.994753e+00	-3.075051e+00	2.063107e+00	1.276932e+00	-1.519874e+00
1.071821e+03	-1.392139e+00	-3.994758e+00	-3.075056e+00	2.062596e+00	1.277789e+00	-1.520255e+00
1.071811e+03	-1.392134e+00	-3.994763e+00	-3.075060e+00	2.062225e+00	1.278296e+00	-1.520222e+00
1.071770e+03	-1.392130e+00	-3.994767e+00	-3.075064e+00	2.062751e+00	1.279063e+00	-1.520637e+00
1.071693e+03	-1.392126e+00	-3.994771e+00	-3.075068e+00	2.063237e+00	1.280996e+00	-1.522772e+00
1.071660e+03	-1.392123e+00	-3.994774e+00	-3.075071e+00	2.063679e+00	1.282030e+00	-1.524155e+00
1.071640e+03	-1.392120e+00	-3.994777e+00	-3.075074e+00	2.064719e+00	1.282526e+00	-1.523860e+00
1.071632e+03	-1.392117e+00	-3.994780e+00	-3.075076e+00	2.065404e+00	1.283058e+00	-1.523276e+00
