# loss | a0 ... a6
3.663079e+03	-1.997778e+00	-1.250000e+00	-7.151678e-01	1.668148e+00	6.703704e-01	-2.337933e+00
2.187410e+03	-1.832578e+00	-1.084800e+00	-8.803678e-01	1.502948e+00	8.355704e-01	-2.503133e+00
1.077376e+03	-1.626904e+00	-8.753980e-01	-1.102464e+00	1.387345e+00	1.024596e+00	-2.571972e+00
8.156725e+02	-1.406551e+00	-6.715037e-01	-1.330881e+00	1.533571e+00	9.054587e-01	-2.438954e+00
1.031735e+03	-1.189926e+00	-5.086565e-01	-1.537423e+00	1.676054e+00	7.816759e-01	-2.295391e+00
1.158501e+03	-1.043735e+00	-3.941703e-01	-1.667336e+00	1.603706e+00	7.777126e-01	-2.243537e+00
1.213314e+03	-8.986379e-01	-2.926585e-01	-1.781981e+00	1.493777e+00	8.336455e-01	-2.235508e+00
1.214315e+03	-7.798443e-01	-2.415817e-01	-1.848411e+00	1.398998e+00	8.976479e-01	-2.194182e+00
1.240167e+03	-6.690161e-01	-2.008667e-01	-1.909334e+00	1.315903e+00	9.489227e-01	-2.142908e+00
1.235941e+03	-5.827596e-01	-1.711491e-01	-1.957463e+00	1.281624e+00	9.936556e-01	-2.049477e+00
1.229202e+03	-5.046359e-01	-1.471535e-01	-2.001172e+00	1.257212e+00	1.033763e+00	-1.942147e+00
1.212708e+03	-4.511880e-01	-1.441072e-01	-2.032127e+00	1.235697e+00	1.068909e+00	-1.843912e+00
1.192534e+03	-4.115691e-01	-1.564297e-01	-2.047685e+00	1.216330e+00	1.100624e+00	-1.755427e+00
1.166954e+03	-3.851676e-01	-1.718725e-01	-2.057167e+00	1.225975e+00	1.105082e+00	-1.665510e+00
1.123996e+03	-3.704754e-01	-1.894238e-01	-2.064958e+00	1.243887e+00	1.124356e+00	-1.563945e+00
1.053532e+03	-3.575195e-01	-2.070911e-01	-2.070799e+00	1.294939e+00	1.166377e+00	-1.437802e+00
9.843513e+02	-3.633395e-01	-2.393147e-01	-2.066879e+00	1.340570e+00	1.205169e+00	-1.327595e+00
9.353076e+02	-3.706338e-01	-2.647815e-01	-2.062874e+00	1.377872e+00	1.241275e+00	-1.243458e+00
8.777380e+02	-4.003462e-01	-3.013890e-01	-2.051457e+00	1.409333e+00	1.279309e+00	-1.182016e+00
8.201724e+02	-4.353065e-01	-3.358303e-01	-2.040349e+00	1.455372e+00	1.326720e+00	-1.122982e+00
7.572692e+02	-4.732200e-01	-3.787396e-01	-2.020476e+00	1.512101e+00	1.358342e+00	-1.054969e+00
6.992023e+02	-5.087249e-01	-4.209990e-01	-1.997051e+00	1.571729e+00	1.377085e+00	-9.887300e-01
6.423592e+02	-5.551586e-01	-4.627226e-01	-1.969550e+00	1.619980e+00	1.403656e+00	-9.572397e-01
5.746440e+02	-6.152905e-01	-5.118569e-01	-1.937234e+00	1.660100e+00	1.427748e+00	-9.465759e-01
5.105331e+02	-6.697406e-01	-5.572708e-01	-1.906572e+00	1.670553e+00	1.435353e+00	-9.488415e-01
4.401997e+02	-7.292686e-01	-6.093007e-01	-1.872328e+00	1.671066e+00	1.438448e+00	-9.541148e-01
3.658234e+02	-7.900578e-01	-6.727450e-01	-1.828052e+00	1.670874e+00	1.440266e+00	-9.615105e-01
3.054039e+02	-8.495642e-01	-7.290285e-01	-1.784061e+00	1.648208e+00	1.442337e+00	-1.001140e+00
2.541955e+02	-9.080713e-01	-7.697768e-01	-1.738742e+00	1.635391e+00	1.434569e+00	-1.039143e+00
2.120093e+02	-9.619103e-01	-8.105998e-01	-1.693965e+00	1.608752e+00	1.413847e+00	-1.076231e+00
1.873595e+02	-1.016551e+00	-8.470101e-01	-1.644634e+00	1.582129e+00	1.400888e+00	-1.122556e+00
1.705951e+02	-1.069350e+00	-8.753289e-01	-1.592322e+00	1.566736e+00	1.382366e+00	-1.163946e+00
1.676601e+02	-1.116127e+00	-9.006255e-01	-1.544256e+00	1.552792e+00	1.365542e+00	-1.201458e+00
1.717925e+02	-1.154942e+00	-9.201006e-01	-1.502758e+00	1.541680e+00	1.345160e+00	-1.229758e+00
1.736792e+02	-1.185143e+00	-9.378379e-01	-1.464161e+00	1.550505e+00	1.318512e+00	-1.237530e+00
1.807643e+02	-1.206945e+00	-9.499208e-01	-1.431225e+00	1.556285e+00	1.298459e+00	-1.251268e+00
1.859281e+02	-1.229131e+00	-9.469965e-01	-1.393772e+00	1.558254e+00	1.288872e+00	-1.280091e+00
1.848506e+02	-1.242209e+00	-9.439692e-01	-1.360497e+00	1.572369e+00	1.274313e+00	-1.291623e+00
1.808228e+02	-1.253713e+00	-9.318348e-01	-1.329813e+00	1.583123e+00	1.265746e+00	-1.311076e+00
1.706581e+02	-1.252515e+00	-9.176791e-01	-1.304838e+00	1.594253e+00	1.256607e+00	-1.324949e+00
1.523209e+02	-1.248422e+00	-8.936627e-01	-1.282415e+00	1.613214e+00	1.264720e+00	-1.339678e+00
1.396140e+02	-1.243795e+00	-8.725281e-01	-1.261699e+00	1.628753e+00	1.274946e+00	-1.357436e+00
1.198702e+02	-1.236760e+00	-8.469685e-01	-1.245967e+00	1.661770e+00	1.281582e+00	-1.356021e+00
1.025748e+02	-1.225681e+00	-8.184907e-01	-1.234085e+00	1.691669e+00	1.288015e+00	-1.353800e+00
8.756510e+01	-1.205772e+00	-7.899067e-01	-1.222702e+00	1.720986e+00	1.297960e+00	-1.349261e+00
7.725680e+01	-1.181965e+00	-7.630971e-01	-1.213708e+00	1.749301e+00	1.309783e+00	-1.341584e+00
6.651627e+01	-1.160716e+00	-7.387639e-01	-1.205784e+00	1.786423e+00	1.312972e+00	-1.321727e+00
5.918358e+01	-1.135198e+00	-7.171275e-01	-1.198836e+00	1.820097e+00	1.315248e+00	-1.302512e+00
5.120753e+01	-1.112094e+00	-7.041585e-01	-1.189022e+00	1.853323e+00	1.311678e+00	-1.277383e+00
4.533164e+01	-1.091388e+00	-6.946769e-01	-1.177235e+00	1.881618e+00	1.305924e+00	-1.256758e+00
3.919903e+01	-1.072063e+00	-6.917773e-01	-1.163157e+00	1.908831e+00	1.297550e+00	-1.233580e+00
3.515427e+01	-1.053453e+00	-6.903978e-01	-1.151172e+00	1.935830e+00	1.286471e+00	-1.208702e+00
3.360892e+01	-1.035531e+00	-6.901616e-01	-1.137641e+00	1.957889e+00	1.275437e+00	-1.188408e+00
3.259892e+01	-1.020163e+00	-6.942954e-01	-1.120621e+00	1.973008e+00	1.259701e+00	-1.175247e+00
3.046031e+01	-1.007242e+00	-7.000132e-01	-1.101112e+00	1.981115e+00	1.255592e+00	-1.176899e+00
2.823197e+01	-9.964890e-01	-7.079904e-01	-1.080805e+00	1.988535e+00	1.251964e+00	-1.177543e+00
2.421675e+01	-9.881716e-01	-7.129705e-01	-1.060445e+00	1.988446e+00	1.258679e+00	-1.190585e+00
1.994733e+01	-9.832315e-01	-7.188616e-01	-1.038439e+00	1.983802e+00	1.271002e+00	-1.209143e+00
1.665044e+01	-9.803519e-01	-7.265337e-01	-1.015523e+00	1.976804e+00	1.280143e+00	-1.231679e+00
1.533117e+01	-9.783323e-01	-7.344506e-01	-9.931671e-01	1.969536e+00	1.290588e+00	-1.255213e+00
1.497588e+01	-9.767017e-01	-7.423101e-01	-9.722236e-01	1.961319e+00	1.296399e+00	-1.275847e+00
1.504333e+01	-9.754351e-01	-7.499765e-01	-9.523776e-01	1.951634e+00	1.298436e+00	-1.297607e+00
1.403352e+01	-9.744656e-01	-7.577301e-01	-9.342963e-01	1.946719e+00	1.294917e+00	-1.312231e+00
1.223849e+01	-9.736655e-01	-7.661972e-01	-9.174228e-01	1.944506e+00	1.287509e+00	-1.319939e+00
1.130768e+01	-9.739359e-01	-7.735197e-01	-9.015742e-01	1.942385e+00	1.281183e+00	-1.326882e+00
1.103217e+01	-9.742322e-01	-7.805697e-01	-8.867936e-01	1.940914e+00	1.276151e+00	-1.333099e+00
1.038406e+01	-9.740365e-01	-7.868552e-01	-8.742632e-01	1.941552e+00	1.267972e+00	-1.333900e+00
1.025428e+01	-9.737166e-01	-7.915175e-01	-8.636724e-01	1.942222e+00	1.261205e+00	-1.334024e+00
1.013351e+01	-9.734099e-01	-7.949839e-01	-8.536630e-01	1.945529e+00	1.254431e+00	-1.331576e+00
9.737482e+00	-9.721246e-01	-7.968987e-01	-8.460916e-01	1.952491e+00	1.253335e+00	-1.324961e+00
9.421541e+00	-9.711774e-01	-7.983039e-01	-8.391879e-01	1.959588e+00	1.251340e+00	-1.318178e+00
9.019460e+00	-9.690135e-01	-7.982469e-01	-8.343295e-01	1.966636e+00	1.249078e+00	-1.309992e+00
8.626714e+00	-9.677721e-01	-7.967240e-01	-8.284829e-01	1.971837e+00	1.250081e+00	-1.308043e+00
7.992168e+00	-9.662162e-01	-7.937927e-01	-8.243684e-01	1.978612e+00	1.253472e+00	-1.304851e+00
7.535447e+00	-9.652788e-01	-7.900734e-01	-8.196541e-01	1.984239e+00	1.257981e+00	-1.304891e+00
7.106995e+00	-9.632414e-01	-7.852058e-01	-8.169816e-01	1.989715e+00	1.261955e+00	-1.304336e+00
6.834314e+00	-9.614273e-01	-7.808463e-01	-8.146197e-01	1.995354e+00	1.265117e+00	-1.301901e+00
6.417348e+00	-9.595491e-01	-7.771308e-01	-8.128080e-01	2.002214e+00	1.265169e+00	-1.296434e+00
6.148782e+00	-9.582091e-01	-7.722132e-01	-8.111379e-01	2.007674e+00	1.266142e+00	-1.294137e+00
5.891846e+00	-9.568622e-01	-7.672760e-01	-8.100748e-01	2.011789e+00	1.266064e+00	-1.293655e+00
5.760849e+00	-9.558286e-01	-7.626616e-01	-8.093976e-01	2.015639e+00	1.266452e+00	-1.292282e+00
5.643702e+00	-9.551430e-01	-7.585948e-01	-8.088280e-01	2.019534e+00	1.266273e+00	-1.290523e+00
5.660497e+00	-9.551080e-01	-7.540958e-01	-8.079126e-01	2.022769e+00	1.266979e+00	-1.290529e+00
5.545412e+00	-9.543752e-01	-7.499358e-01	-8.078356e-01	2.026642e+00	1.265795e+00	-1.288270e+00
5.256028e+00	-9.543294e-01	-7.464130e-01	-8.077000e-01	2.028020e+00	1.262190e+00	-1.288003e+00
5.049847e+00	-9.548954e-01	-7.435869e-01	-8.073776e-01	2.029275e+00	1.258909e+00	-1.287756e+00
4.913425e+00	-9.553599e-01	-7.408345e-01	-8.071982e-01	2.029713e+00	1.255630e+00	-1.288256e+00
4.871420e+00	-9.557717e-01	-7.383740e-01	-8.069524e-01	2.028885e+00	1.253508e+00	-1.289778e+00
4.816889e+00	-9.569002e-01	-7.366278e-01	-8.062307e-01	2.028405e+00	1.251264e+00	-1.291042e+00
4.778513e+00	-9.583829e-01	-7.356637e-01	-8.052509e-01	2.028138e+00	1.250271e+00	-1.291649e+00
4.738949e+00	-9.597385e-01	-7.351386e-01	-8.041256e-01	2.027779e+00	1.249139e+00	-1.292236e+00
4.756859e+00	-9.610369e-01	-7.342737e-01	-8.027691e-01	2.026244e+00	1.249824e+00	-1.294505e+00
4.758486e+00	-9.628922e-01	-7.340600e-01	-8.014831e-01	2.024990e+00	1.250137e+00	-1.295822e+00
4.780097e+00	-9.642966e-01	-7.338914e-01	-8.005118e-01	2.023830e+00	1.250486e+00	-1.296910e+00
4.802478e+00	-9.662619e-01	-7.338888e-01	-7.995622e-01	2.023004e+00	1.251087e+00	-1.296715e+00
4.752728e+00	-9.676655e-01	-7.347286e-01	-7.986197e-01	2.023441e+00	1.250901e+00	-1.294443e+00
4.781413e+00	-9.690554e-01	-7.355566e-01	-7.975438e-01	2.022937e+00	1.251981e+00	-1.293381e+00
4.801585e+00	-9.699156e-01	-7.362644e-01	-7.966036e-01	2.022600e+00	1.252675e+00	-1.291924e+00
4.825392e+00	-9.707855e-01	-7.372471e-01	-7.958695e-01	2.022577e+00	1.253515e+00	-1.290078e+00
4.910242e+00	-9.714772e-01	-7.387373e-01	-7.949464e-01	2.021706e+00	1.255171e+00	-1.288675e+00
4.899565e+00	-9.717973e-01	-7.398312e-01	-7.947566e-01	2.021682e+00	1.255314e+00	-1.285634e+00
