# loss | a0 ... a6
2.906301e+03	-5.044444e-01	5.666667e-02	-3.906147e-01	1.336296e+00	2.827407e+00	-1.364274e+00
2.756608e+03	-6.696444e-01	-1.085333e-01	-2.254147e-01	1.171096e+00	2.992607e+00	-1.529474e+00
2.374559e+03	-5.360190e-01	-3.297097e-01	-2.533966e-01	9.635975e-01	3.188226e+00	-1.686739e+00
2.180544e+03	-3.882949e-01	-5.878216e-01	-4.194735e-01	7.767739e-01	3.364045e+00	-1.827678e+00
1.970867e+03	-4.525926e-01	-8.489888e-01	-6.106888e-01	5.809426e-01	3.456618e+00	-1.967654e+00
1.861898e+03	-5.526227e-01	-1.044624e+00	-7.875025e-01	4.451304e-01	3.534281e+00	-2.070419e+00
1.847150e+03	-6.884187e-01	-1.198689e+00	-9.157750e-01	3.228875e-01	3.603770e+00	-2.162245e+00
1.923602e+03	-8.445258e-01	-1.295201e+00	-1.039197e+00	1.974519e-01	3.673970e+00	-2.246750e+00
1.933453e+03	-8.534383e-01	-1.293726e+00	-1.174903e+00	8.450336e-02	3.737182e+00	-2.322843e+00
1.923991e+03	-8.510648e-01	-1.276337e+00	-1.262855e+00	-2.709618e-03	3.785934e+00	-2.381563e+00
1.877800e+03	-8.393493e-01	-1.222364e+00	-1.324118e+00	-7.732643e-02	3.829872e+00	-2.434446e+00
1.826196e+03	-8.363059e-01	-1.158383e+00	-1.331746e+00	-1.445126e-01	3.869440e+00	-2.482070e+00
1.767473e+03	-8.413705e-01	-1.069608e+00	-1.328575e+00	-2.036459e-01	3.907025e+00	-2.526072e+00
1.731165e+03	-8.455529e-01	-9.860325e-01	-1.328672e+00	-2.520763e-01	3.937844e+00	-2.562151e+00
1.702896e+03	-8.767805e-01	-8.968373e-01	-1.304900e+00	-2.949993e-01	3.967718e+00	-2.596023e+00
1.695545e+03	-9.075644e-01	-8.233875e-01	-1.283458e+00	-3.304501e-01	4.002662e+00	-2.630133e+00
1.701861e+03	-9.477686e-01	-7.577301e-01	-1.264365e+00	-3.623718e-01	4.034126e+00	-2.660848e+00
1.713977e+03	-9.918390e-01	-7.129424e-01	-1.235598e+00	-3.891549e-01	4.061860e+00	-2.687682e+00
1.725945e+03	-1.034175e+00	-6.878473e-01	-1.214094e+00	-4.132716e-01	4.086835e+00	-2.711847e+00
1.733354e+03	-1.059333e+00	-6.757155e-01	-1.221397e+00	-4.340423e-01	4.114272e+00	-2.736516e+00
1.728211e+03	-1.084714e+00	-6.868028e-01	-1.215226e+00	-4.527453e-01	4.138978e+00	-2.758730e+00
1.715961e+03	-1.109727e+00	-7.176516e-01	-1.191884e+00	-4.688649e-01	4.160271e+00	-2.777875e+00
1.704328e+03	-1.114483e+00	-7.467698e-01	-1.187744e+00	-4.833797e-01	4.179444e+00	-2.795115e+00
1.693638e+03	-1.118272e+00	-7.802388e-01	-1.200984e+00	-4.964306e-01	4.196913e+00	-2.810829e+00
1.683867e+03	-1.109159e+00	-8.148549e-01	-1.232665e+00	-5.079741e-01	4.214417e+00	-2.826248e+00
1.679173e+03	-1.096602e+00	-8.477081e-01	-1.262906e+00	-5.180551e-01	4.229703e+00	-2.839714e+00
1.679878e+03	-1.085943e+00	-8.818320e-01	-1.287642e+00	-5.270097e-01	4.244652e+00	-2.852733e+00
1.682122e+03	-1.058714e+00	-9.085618e-01	-1.326563e+00	-5.350677e-01	4.258183e+00	-2.864526e+00
1.685602e+03	-1.031300e+00	-9.242884e-01	-1.359484e+00	-5.423235e-01	4.270367e+00	-2.875145e+00
1.691423e+03	-1.011406e+00	-9.389090e-01	-1.390895e+00	-5.487200e-01	4.281108e+00	-2.884507e+00
1.697724e+03	-9.795704e-01	-9.460125e-01	-1.422443e+00	-5.544773e-01	4.290814e+00	-2.892973e+00
1.699033e+03	-9.609681e-01	-9.422199e-01	-1.429466e+00	-5.596616e-01	4.299554e+00	-2.900596e+00
1.699811e+03	-9.450485e-01	-9.369536e-01	-1.430879e+00	-5.642919e-01	4.307889e+00	-2.907849e+00
1.701022e+03	-9.307907e-01	-9.338420e-01	-1.428417e+00	-5.684024e-01	4.315288e+00	-2.914287e+00
1.702061e+03	-9.183646e-01	-9.299361e-01	-1.425182e+00	-5.721027e-01	4.321967e+00	-2.920103e+00
1.694187e+03	-9.236486e-01	-9.126075e-01	-1.396777e+00	-5.754346e-01	4.327982e+00	-2.925340e+00
1.686414e+03	-9.344273e-01	-8.990226e-01	-1.363209e+00	-5.784126e-01	4.333697e+00	-2.930316e+00
1.679905e+03	-9.489067e-01	-8.904392e-01	-1.329997e+00	-5.810704e-01	4.338798e+00	-2.934757e+00
1.673067e+03	-9.696379e-01	-8.785114e-01	-1.282962e+00	-5.834457e-01	4.343641e+00	-2.938977e+00
1.669149e+03	-9.923392e-01	-8.654744e-01	-1.241376e+00	-5.855845e-01	4.348002e+00	-2.942776e+00
1.668325e+03	-1.012604e+00	-8.576254e-01	-1.208358e+00	-5.875099e-01	4.351937e+00	-2.946206e+00
1.669389e+03	-1.028485e+00	-8.502163e-01	-1.176601e+00	-5.892213e-01	4.355672e+00	-2.949469e+00
1.670940e+03	-1.043867e+00	-8.459704e-01	-1.165943e+00	-5.907622e-01	4.359035e+00	-2.952407e+00
1.672455e+03	-1.052287e+00	-8.426042e-01	-1.154130e+00	-5.921498e-01	4.362063e+00	-2.955052e+00
1.672121e+03	-1.052287e+00	-8.380432e-01	-1.158993e+00	-5.933992e-01	4.364790e+00	-2.957435e+00
1.671493e+03	-1.051249e+00	-8.368658e-01	-1.166919e+00	-5.945119e-01	4.367403e+00	-2.959723e+00
1.669650e+03	-1.044932e+00	-8.390587e-01	-1.191318e+00	-5.955135e-01	4.369761e+00	-2.961790e+00
1.668485e+03	-1.040901e+00	-8.411202e-01	-1.220437e+00	-5.964155e-01	4.371884e+00	-2.963651e+00
1.667747e+03	-1.027458e+00	-8.428344e-01	-1.244947e+00	-5.972276e-01	4.373796e+00	-2.965327e+00
1.667984e+03	-1.013986e+00	-8.466751e-01	-1.268593e+00	-5.979598e-01	4.375519e+00	-2.966838e+00
1.668921e+03	-9.974389e-01	-8.512675e-01	-1.281457e+00	-5.986191e-01	4.377071e+00	-2.968198e+00
1.671522e+03	-9.811154e-01	-8.598985e-01	-1.309424e+00	-5.992042e-01	4.378603e+00	-2.969549e+00
1.672867e+03	-9.751165e-01	-8.619999e-01	-1.320978e+00	-5.997310e-01	4.379982e+00	-2.970764e+00
1.673148e+03	-9.727753e-01	-8.683808e-01	-1.318735e+00	-6.002068e-01	4.381231e+00	-2.971867e+00
1.672299e+03	-9.746419e-01	-8.678003e-01	-1.309309e+00	-6.006352e-01	4.382357e+00	-2.972860e+00
1.671668e+03	-9.776371e-01	-8.724459e-01	-1.299818e+00	-6.010135e-01	4.383489e+00	-2.973865e+00
1.671410e+03	-9.821096e-01	-8.760888e-01	-1.298013e+00	-6.013541e-01	4.384508e+00	-2.974769e+00
1.672031e+03	-9.840798e-01	-8.809541e-01	-1.305391e+00	-6.016624e-01	4.385430e+00	-2.975588e+00
1.672704e+03	-9.854122e-01	-8.868605e-01	-1.308836e+00	-6.019329e-01	4.386374e+00	-2.976431e+00
1.673150e+03	-9.887581e-01	-8.923632e-01	-1.308983e+00	-6.021763e-01	4.387226e+00	-2.977194e+00
1.671925e+03	-9.987930e-01	-8.915331e-01	-1.296566e+00	-6.023955e-01	4.387994e+00	-2.977880e+00
1.669929e+03	-1.013584e+00	-8.841429e-01	-1.275453e+00	-6.025941e-01	4.388690e+00	-2.978503e+00
1.669183e+03	-1.025424e+00	-8.793949e-01	-1.257978e+00	-6.027728e-01	4.389319e+00	-2.979067e+00
1.668886e+03	-1.032997e+00	-8.747125e-01	-1.252532e+00	-6.029337e-01	4.389886e+00	-2.979575e+00
1.668523e+03	-1.036452e+00	-8.693497e-01	-1.246259e+00	-6.030721e-01	4.390501e+00	-2.980130e+00
1.668555e+03	-1.045824e+00	-8.598262e-01	-1.229174e+00	-6.031976e-01	4.391062e+00	-2.980638e+00
1.668364e+03	-1.043869e+00	-8.552067e-01	-1.219676e+00	-6.033105e-01	4.391568e+00	-2.981095e+00
1.667962e+03	-1.039598e+00	-8.520528e-01	-1.220733e+00	-6.034122e-01	4.392023e+00	-2.981507e+00
1.667415e+03	-1.031790e+00	-8.487605e-01	-1.229973e+00	-6.034976e-01	4.392534e+00	-2.981973e+00
1.667169e+03	-1.019702e+00	-8.466671e-01	-1.246038e+00	-6.035688e-01	4.393099e+00	-2.982493e+00
1.667344e+03	-1.009911e+00	-8.490630e-01	-1.255270e+00	-6.036330e-01	4.393608e+00	-2.982960e+00
1.668004e+03	-9.996219e-01	-8.495956e-01	-1.269110e+00	-6.036907e-01	4.394069e+00	-2.983384e+00
1.668530e+03	-9.938680e-01	-8.518945e-01	-1.276379e+00	-6.037426e-01	4.394484e+00	-2.983766e+00
1.668616e+03	-9.910370e-01	-8.558422e-01	-1.273943e+00	-6.037837e-01	4.394960e+00	-2.984207e+00
1.669367e+03	-9.871303e-01	-8.631163e-01	-1.282676e+00	-6.038208e-01	4.395389e+00	-2.984603e+00
1.669688e+03	-9.856536e-01	-8.662633e-01	-1.285088e+00	-6.038540e-01	4.395778e+00	-2.984964e+00
1.669737e+03	-9.876985e-01	-8.706471e-01	-1.284446e+00	-6.038840e-01	4.396127e+00	-2.985288e+00
1.670436e+03	-9.870682e-01	-8.755668e-01	-1.291857e+00	-6.039112e-01	4.396446e+00	-2.985583e+00
1.670252e+03	-9.926206e-01	-8.794866e-01	-1.287893e+00	-6.039357e-01	4.396732e+00	-2.985849e+00
1.669793e+03	-9.983276e-01	-8.797182e-01	-1.282403e+00	-6.039577e-01	4.396990e+00	-2.986088e+00
1.669684e+03	-1.004371e+00	-8.826477e-01	-1.275601e+00	-6.039717e-01	4.397320e+00	-2.986397e+00
