# loss | a0 ... a6
5.716746e+02	-6.666667e-01	-5.000000e-01	-3.698799e-01	1.555556e+00	9.166667e-01	-1.763471e+00
4.971588e+02	-8.166667e-01	-6.500000e-01	-2.198799e-01	1.405556e+00	1.066667e+00	-1.913471e+00
4.702011e+02	-8.356814e-01	-8.408082e-01	-3.420991e-01	1.555407e+00	9.243416e-01	-1.768595e+00
2.617026e+02	-8.726634e-01	-9.901947e-01	-4.658547e-01	1.756686e+00	1.044769e+00	-1.569805e+00
4.444989e+01	-8.626453e-01	-9.058856e-01	-6.320944e-01	1.982221e+00	1.221992e+00	-1.336309e+00
5.223696e+01	-8.944407e-01	-8.132931e-01	-7.180615e-01	2.138348e+00	1.348988e+00	-1.177303e+00
1.979441e+02	-9.050660e-01	-7.029004e-01	-8.240715e-01	2.289466e+00	1.455383e+00	-1.023646e+00
4.351426e+02	-9.130530e-01	-6.185257e-01	-9.204535e-01	2.400282e+00	1.550157e+00	-8.690080e-01
3.767906e+02	-9.456221e-01	-5.732256e-01	-9.969344e-01	2.348491e+00	1.517828e+00	-9.012580e-01
2.330706e+02	-9.929904e-01	-5.736844e-01	-1.047705e+00	2.258924e+00	1.441757e+00	-9.799461e-01
1.323991e+02	-1.030937e+00	-5.934927e-01	-1.086002e+00	2.173683e+00	1.371430e+00	-1.045442e+00
5.665445e+01	-1.050728e+00	-6.479767e-01	-1.101485e+00	2.086889e+00	1.293864e+00	-1.114994e+00
2.987885e+01	-1.059776e+00	-7.292529e-01	-1.081606e+00	2.008177e+00	1.224095e+00	-1.177576e+00
5.438796e+01	-1.064841e+00	-8.083149e-01	-1.045523e+00	1.942959e+00	1.165937e+00	-1.232948e+00
1.103857e+02	-1.054752e+00	-8.724061e-01	-1.012798e+00	1.882618e+00	1.115678e+00	-1.283904e+00
1.283581e+02	-1.060878e+00	-8.925018e-01	-9.490951e-01	1.825926e+00	1.107390e+00	-1.337760e+00
1.344396e+02	-1.070311e+00	-8.837114e-01	-8.813117e-01	1.765977e+00	1.111272e+00	-1.399243e+00
1.322257e+02	-1.075972e+00	-8.458345e-01	-7.996336e-01	1.722275e+00	1.127381e+00	-1.461718e+00
1.165826e+02	-1.056553e+00	-7.891639e-01	-7.723034e-01	1.700696e+00	1.152149e+00	-1.503345e+00
1.158864e+02	-1.039060e+00	-7.381714e-01	-7.478049e-01	1.684506e+00	1.181093e+00	-1.528956e+00
1.149252e+02	-1.012283e+00	-6.992960e-01	-7.516488e-01	1.683622e+00	1.195192e+00	-1.535648e+00
1.097939e+02	-9.819513e-01	-6.759391e-01	-7.633903e-01	1.690825e+00	1.217642e+00	-1.524060e+00
9.388807e+01	-9.462195e-01	-6.711185e-01	-7.929178e-01	1.715844e+00	1.235493e+00	-1.494270e+00
6.993441e+01	-9.240692e-01	-6.894257e-01	-8.186520e-01	1.756751e+00	1.239818e+00	-1.461085e+00
5.068326e+01	-8.992511e-01	-7.151588e-01	-8.465688e-01	1.795861e+00	1.239095e+00	-1.424406e+00
3.876563e+01	-8.799454e-01	-7.374308e-01	-8.728072e-01	1.836270e+00	1.238703e+00	-1.390663e+00
2.757251e+01	-8.819907e-01	-7.628914e-01	-8.917564e-01	1.875845e+00	1.242449e+00	-1.356514e+00
2.069454e+01	-8.872764e-01	-7.923517e-01	-9.063331e-01	1.921153e+00	1.243155e+00	-1.319758e+00
1.915404e+01	-8.956653e-01	-8.158883e-01	-9.136927e-01	1.961619e+00	1.245522e+00	-1.288029e+00
2.182625e+01	-9.113728e-01	-8.402685e-01	-9.186801e-01	2.000641e+00	1.247221e+00	-1.259715e+00
2.083492e+01	-9.383850e-01	-8.431721e-01	-9.061907e-01	2.034027e+00	1.253428e+00	-1.243841e+00
2.120609e+01	-9.607326e-01	-8.409303e-01	-8.975213e-01	2.061730e+00	1.261237e+00	-1.232930e+00
2.061676e+01	-9.918633e-01	-8.276108e-01	-8.809380e-01	2.085622e+00	1.270990e+00	-1.228520e+00
1.961931e+01	-1.011999e+00	-8.023859e-01	-8.759714e-01	2.105968e+00	1.281447e+00	-1.227351e+00
2.045130e+01	-1.031069e+00	-7.754862e-01	-8.668091e-01	2.121513e+00	1.290728e+00	-1.234126e+00
2.151065e+01	-1.040570e+00	-7.482544e-01	-8.589211e-01	2.129868e+00	1.296220e+00	-1.245363e+00
2.317972e+01	-1.048360e+00	-7.248910e-01	-8.528343e-01	2.134171e+00	1.297325e+00	-1.257699e+00
2.397031e+01	-1.046700e+00	-7.115971e-01	-8.518387e-01	2.138290e+00	1.297646e+00	-1.266594e+00
2.404125e+01	-1.045722e+00	-7.008223e-01	-8.503018e-01	2.141079e+00	1.294934e+00	-1.278311e+00
1.984635e+01	-1.041361e+00	-6.987564e-01	-8.544096e-01	2.140609e+00	1.282566e+00	-1.290446e+00
1.512423e+01	-1.024948e+00	-6.996919e-01	-8.562666e-01	2.136033e+00	1.271362e+00	-1.301105e+00
1.161935e+01	-1.012149e+00	-7.034623e-01	-8.545181e-01	2.129443e+00	1.259727e+00	-1.312374e+00
9.061605e+00	-9.959369e-01	-7.118910e-01	-8.521409e-01	2.123592e+00	1.249316e+00	-1.321598e+00
7.788358e+00	-9.817608e-01	-7.213494e-01	-8.481234e-01	2.115218e+00	1.238975e+00	-1.330210e+00
7.480461e+00	-9.662075e-01	-7.315236e-01	-8.431410e-01	2.105906e+00	1.231565e+00	-1.341243e+00
7.827968e+00	-9.502611e-01	-7.414119e-01	-8.363326e-01	2.096023e+00	1.226819e+00	-1.352127e+00
8.364379e+00	-9.388720e-01	-7.469947e-01	-8.273716e-01	2.085004e+00	1.223561e+00	-1.362483e+00
7.968616e+00	-9.349709e-01	-7.542411e-01	-8.155301e-01	2.074147e+00	1.224483e+00	-1.372464e+00
7.641630e+00	-9.315107e-01	-7.608071e-01	-8.046840e-01	2.065193e+00	1.227411e+00	-1.379476e+00
7.151232e+00	-9.331915e-01	-7.681346e-01	-7.942430e-01	2.057204e+00	1.232194e+00	-1.384004e+00
6.810941e+00	-9.356366e-01	-7.709862e-01	-7.856893e-01	2.049681e+00	1.239271e+00	-1.387107e+00
6.963802e+00	-9.381085e-01	-7.743137e-01	-7.793558e-01	2.043389e+00	1.244713e+00	-1.388202e+00
7.149273e+00	-9.403253e-01	-7.714467e-01	-7.761089e-01	2.037872e+00	1.250295e+00	-1.388367e+00
7.251226e+00	-9.471461e-01	-7.692565e-01	-7.739262e-01	2.034147e+00	1.252483e+00	-1.385754e+00
7.251131e+00	-9.507118e-01	-7.634218e-01	-7.763343e-01	2.031245e+00	1.255307e+00	-1.382305e+00
7.049188e+00	-9.522614e-01	-7.600860e-01	-7.806589e-01	2.030249e+00	1.257883e+00	-1.375472e+00
6.547225e+00	-9.512877e-01	-7.561854e-01	-7.895105e-01	2.031348e+00	1.259045e+00	-1.367368e+00
5.981114e+00	-9.481748e-01	-7.548280e-01	-7.996875e-01	2.032948e+00	1.258411e+00	-1.358845e+00
5.562226e+00	-9.455147e-01	-7.513610e-01	-8.114995e-01	2.035205e+00	1.256946e+00	-1.348324e+00
5.482044e+00	-9.428198e-01	-7.487278e-01	-8.226653e-01	2.036795e+00	1.255799e+00	-1.337430e+00
5.263829e+00	-9.453991e-01	-7.481154e-01	-8.325585e-01	2.040870e+00	1.253429e+00	-1.326520e+00
5.308609e+00	-9.477365e-01	-7.475604e-01	-8.415240e-01	2.044577e+00	1.251418e+00	-1.316108e+00
5.063177e+00	-9.577761e-01	-7.447728e-01	-8.457307e-01	2.046728e+00	1.250048e+00	-1.308105e+00
5.038327e+00	-9.670230e-01	-7.420034e-01	-8.493458e-01	2.049019e+00	1.248720e+00	-1.300762e+00
5.026960e+00	-9.745059e-01	-7.422065e-01	-8.492611e-01	2.050917e+00	1.248531e+00	-1.295413e+00
5.070118e+00	-9.836464e-01	-7.414185e-01	-8.471382e-01	2.051145e+00	1.249019e+00	-1.292072e+00
5.152036e+00	-9.881666e-01	-7.426326e-01	-8.446807e-01	2.050928e+00	1.248555e+00	-1.290200e+00
5.285615e+00	-9.921343e-01	-7.432405e-01	-8.418731e-01	2.050861e+00	1.248552e+00	-1.287987e+00
5.404006e+00	-9.957619e-01	-7.427123e-01	-8.388391e-01	2.050358e+00	1.249665e+00	-1.287621e+00
5.538954e+00	-9.986405e-01	-7.415016e-01	-8.347988e-01	2.050339e+00	1.251074e+00	-1.288398e+00
5.627166e+00	-1.000219e+00	-7.400093e-01	-8.312423e-01	2.049217e+00	1.251756e+00	-1.289133e+00
5.662261e+00	-1.001106e+00	-7.394381e-01	-8.287482e-01	2.047828e+00	1.251442e+00	-1.290304e+00
5.345865e+00	-9.956542e-01	-7.388804e-01	-8.275754e-01	2.045855e+00	1.252190e+00	-1.292370e+00
5.148148e+00	-9.910518e-01	-7.368975e-01	-8.270350e-01	2.044878e+00	1.252409e+00	-1.294452e+00
4.896001e+00	-9.822277e-01	-7.361999e-01	-8.261566e-01	2.043854e+00	1.253110e+00	-1.297045e+00
4.770874e+00	-9.744675e-01	-7.370504e-01	-8.264286e-01	2.043045e+00	1.253214e+00	-1.298400e+00
4.700769e+00	-9.666767e-01	-7.396547e-01	-8.261112e-01	2.041095e+00	1.252600e+00	-1.300248e+00
4.722585e+00	-9.611065e-01	-7.415816e-01	-8.237761e-01	2.037868e+00	1.253045e+00	-1.302695e+00
4.717981e+00	-9.569024e-01	-7.449188e-01	-8.205314e-01	2.035603e+00	1.252656e+00	-1.304607e+00
4.752512e+00	-9.528012e-01	-7.485126e-01	-8.184536e-01	2.034663e+00	1.250666e+00	-1.307039e+00
4.858042e+00	-9.490977e-01	-7.505964e-01	-8.166317e-01	2.033851e+00	1.249570e+00	-1.308823e+00
5.002805e+00	-9.456635e-01	-7.526715e-01	-8.153113e-01	2.033958e+00	1.248505e+00	-1.308972e+00
4.942290e+00	-9.461042e-01	-7.516795e-01	-8.111924e-01	2.033957e+00	1.247915e+00	-1.309984e+00
4.911367e+00	-9.461357e-01	-7.496287e-01	-8.079525e-01	2.033502e+00	1.248101e+00	-1.311937e+00
4.731147e+00	-9.504848e-01	-7.485090e-01	-8.041089e-01	2.033572e+00	1.247961e+00	-1.314126e+00
4.658309e+00	-9.533342e-01	-7.478032e-01	-8.005369e-01	2.033440e+00	1.248497e+00	-1.316031e+00
4.627152e+00	-9.558532e-01	-7.473795e-01	-7.976132e-01	2.033203e+00	1.247765e+00	-1.317794e+00
4.625254e+00	-9.628374e-01	-7.464320e-01	-7.936178e-01	2.033358e+00	1.247767e+00	-1.319266e+00
4.658768e+00	-9.672199e-01	-7.440688e-01	-7.932545e-01	2.034981e+00	1.247689e+00	-1.319437e+00
4.701193e+00	-9.719487e-01	-7.406806e-01	-7.957538e-01	2.037919e+00	1.247571e+00	-1.318484e+00
4.703857e+00	-9.739032e-01	-7.395426e-01	-7.990068e-01	2.039667e+00	1.247930e+00	-1.317135e+00
4.561937e+00	-9.713120e-01	-7.404148e-01	-8.039723e-01	2.042325e+00	1.247082e+00	-1.313747e+00
4.540792e+00	-9.702661e-01	-7.398758e-01	-8.075393e-01	2.044714e+00	1.246179e+00	-1.311742e+00
4.588690e+00	-9.708334e-01	-7.377398e-01	-8.095734e-01	2.046834e+00	1.245299e+00	-1.311209e+00
4.629169e+00	-9.698667e-01	-7.369000e-01	-8.120698e-01	2.049949e+00	1.245024e+00	-1.308727e+00
4.637208e+00	-9.719206e-01	-7.372275e-01	-8.123028e-01	2.052086e+00	1.245877e+00	-1.307689e+00
4.629855e+00	-9.693416e-01	-7.387998e-01	-8.142258e-01	2.052945e+00	1.246134e+00	-1.306144e+00
4.584823e+00	-9.694438e-01	-7.403517e-01	-8.145271e-01	2.051606e+00	1.247497e+00	-1.306139e+00
4.556132e+00	-9.697034e-01	-7.425102e-01	-8.143558e-01	2.050554e+00	1.249135e+00	-1.305209e+00
4.558522e+00	-9.716088e-01	-7.427652e-01	-8.131500e-01	2.049653e+00	1.249914e+00	-1.305414e+00
4.541330e+00	-9.682742e-01	-7.440106e-01	-8.140890e-01	2.049721e+00	1.250150e+00	-1.305364e+00
