# loss | a0 ... a6
2.330502e+02	-8.000000e-01	-5.250000e-01	9.250000e-01	2.000000e+00	1.400000e+00	6.125000e-01
1.044016e+02	-9.000000e-01	-4.250000e-01	8.250000e-01	1.900000e+00	1.300000e+00	5.125000e-01
6.836228e+01	-1.015450e+00	-4.539617e-01	7.775009e-01	1.815737e+00	1.204348e+00	4.151560e-01
8.540640e+01	-1.104545e+00	-5.478940e-01	6.694534e-01	1.809741e+00	1.110724e+00	3.364304e-01
6.715944e+01	-1.075299e+00	-5.532900e-01	5.774587e-01	1.858493e+00	1.076145e+00	3.389255e-01
8.938570e+01	-1.048516e+00	-5.572230e-01	4.940892e-01	1.904920e+00	1.051312e+00	3.416292e-01
1.111995e+02	-1.031205e+00	-5.579762e-01	4.366850e-01	1.959327e+00	1.056634e+00	3.452639e-01
5.780104e+01	-1.044821e+00	-5.839828e-01	4.742732e-01	1.986417e+00	1.103884e+00	3.298060e-01
2.603139e+01	-1.053708e+00	-5.990983e-01	5.139294e-01	2.010841e+00	1.160408e+00	3.207160e-01
2.046709e+01	-1.057922e+00	-6.236439e-01	5.491917e-01	2.035447e+00	1.211092e+00	3.167311e-01
2.636047e+01	-1.041916e+00	-6.296122e-01	5.718611e-01	2.055686e+00	1.253629e+00	3.163260e-01
4.039599e+01	-1.026988e+00	-6.349197e-01	5.919230e-01	2.073553e+00	1.288619e+00	3.117308e-01
5.362158e+01	-1.002351e+00	-6.355679e-01	6.022956e-01	2.090345e+00	1.318178e+00	3.133603e-01
4.126964e+01	-9.621881e-01	-6.551675e-01	5.952209e-01	2.096601e+00	1.315681e+00	3.224197e-01
3.372819e+01	-9.235538e-01	-6.746767e-01	5.865479e-01	2.100917e+00	1.308596e+00	3.274928e-01
3.235836e+01	-8.876809e-01	-6.902665e-01	5.762296e-01	2.106529e+00	1.298652e+00	3.329703e-01
2.646458e+01	-8.699364e-01	-7.086990e-01	5.661834e-01	2.097358e+00	1.279271e+00	3.262867e-01
2.187364e+01	-8.530895e-01	-7.136436e-01	5.555794e-01	2.086933e+00	1.260187e+00	3.116703e-01
2.028130e+01	-8.395560e-01	-7.221386e-01	5.471247e-01	2.075909e+00	1.241636e+00	2.962931e-01
1.673897e+01	-8.440289e-01	-7.284249e-01	5.426655e-01	2.059124e+00	1.227579e+00	2.724798e-01
1.820989e+01	-8.520191e-01	-7.366352e-01	5.382244e-01	2.044696e+00	1.215852e+00	2.516949e-01
2.300940e+01	-8.618545e-01	-7.457241e-01	5.339295e-01	2.032416e+00	1.205730e+00	2.356289e-01
1.967109e+01	-8.776197e-01	-7.453613e-01	5.246623e-01	2.029299e+00	1.204947e+00	2.398157e-01
1.587444e+01	-8.931628e-01	-7.431956e-01	5.164544e-01	2.028543e+00	1.206835e+00	2.456807e-01
1.282415e+01	-9.094106e-01	-7.488658e-01	5.086691e-01	2.028609e+00	1.207901e+00	2.525098e-01
8.311131e+00	-9.249089e-01	-7.393040e-01	4.975313e-01	2.032974e+00	1.216707e+00	2.654664e-01
6.202007e+00	-9.388135e-01	-7.278541e-01	4.862143e-01	2.037128e+00	1.224651e+00	2.773049e-01
5.796759e+00	-9.528515e-01	-7.197610e-01	4.765691e-01	2.041169e+00	1.232366e+00	2.877063e-01
5.883446e+00	-9.661596e-01	-7.086790e-01	4.692349e-01	2.041538e+00	1.242641e+00	2.914412e-01
6.660422e+00	-9.783194e-01	-7.031163e-01	4.630154e-01	2.041704e+00	1.250969e+00	2.935917e-01
7.679233e+00	-9.893776e-01	-7.011061e-01	4.575180e-01	2.040866e+00	1.257610e+00	2.951219e-01
7.710242e+00	-9.974123e-01	-7.112185e-01	4.537187e-01	2.039133e+00	1.261239e+00	2.937142e-01
7.301575e+00	-1.001558e+00	-7.220446e-01	4.503392e-01	2.034894e+00	1.262223e+00	2.893098e-01
7.224935e+00	-1.005162e+00	-7.314634e-01	4.472778e-01	2.031101e+00	1.263198e+00	2.855552e-01
6.222834e+00	-1.001088e+00	-7.398104e-01	4.408146e-01	2.026964e+00	1.260330e+00	2.795556e-01
5.401548e+00	-9.954032e-01	-7.456289e-01	4.341997e-01	2.024449e+00	1.256181e+00	2.744723e-01
5.041073e+00	-9.901003e-01	-7.499092e-01	4.284702e-01	2.021665e+00	1.252937e+00	2.698864e-01
4.888994e+00	-9.807966e-01	-7.526572e-01	4.219921e-01	2.020635e+00	1.249428e+00	2.664714e-01
5.173291e+00	-9.723177e-01	-7.548554e-01	4.159564e-01	2.020631e+00	1.246151e+00	2.643951e-01
5.731583e+00	-9.644966e-01	-7.593865e-01	4.118105e-01	2.020752e+00	1.243363e+00	2.610894e-01
6.035475e+00	-9.590876e-01	-7.700266e-01	4.119662e-01	2.022456e+00	1.242727e+00	2.585822e-01
6.453882e+00	-9.536796e-01	-7.798790e-01	4.120867e-01	2.025968e+00	1.243012e+00	2.573218e-01
6.910953e+00	-9.491697e-01	-7.871113e-01	4.129149e-01	2.028706e+00	1.243342e+00	2.552971e-01
6.785897e+00	-9.456921e-01	-7.866505e-01	4.138394e-01	2.033601e+00	1.245761e+00	2.549055e-01
6.597986e+00	-9.438056e-01	-7.851868e-01	4.153539e-01	2.038488e+00	1.248535e+00	2.531687e-01
6.415061e+00	-9.424225e-01	-7.823705e-01	4.174241e-01	2.042353e+00	1.251472e+00	2.520819e-01
6.057057e+00	-9.436462e-01	-7.775250e-01	4.200045e-01	2.047459e+00	1.253900e+00	2.523814e-01
5.835279e+00	-9.448616e-01	-7.730907e-01	4.226157e-01	2.051358e+00	1.256378e+00	2.528913e-01
5.660980e+00	-9.461263e-01	-7.691512e-01	4.248757e-01	2.055681e+00	1.258347e+00	2.541986e-01
5.334799e+00	-9.493291e-01	-7.692313e-01	4.269534e-01	2.061163e+00	1.257996e+00	2.575098e-01
5.172770e+00	-9.523619e-01	-7.690549e-01	4.291755e-01	2.064812e+00	1.257271e+00	2.594792e-01
5.068408e+00	-9.550052e-01	-7.671524e-01	4.310008e-01	2.067331e+00	1.256760e+00	2.612113e-01
4.906368e+00	-9.572214e-01	-7.615998e-01	4.319897e-01	2.067526e+00	1.255317e+00	2.601435e-01
4.837378e+00	-9.591642e-01	-7.560977e-01	4.327813e-01	2.068520e+00	1.253920e+00	2.602689e-01
4.782855e+00	-9.608562e-01	-7.531122e-01	4.337311e-01	2.067567e+00	1.252089e+00	2.601146e-01
4.700567e+00	-9.618941e-01	-7.544449e-01	4.348724e-01	2.064989e+00	1.249979e+00	2.606739e-01
4.667226e+00	-9.627794e-01	-7.552765e-01	4.360012e-01	2.061549e+00	1.248233e+00	2.606375e-01
4.693246e+00	-9.634547e-01	-7.547862e-01	4.366543e-01	2.058510e+00	1.246267e+00	2.599481e-01
4.754603e+00	-9.631628e-01	-7.540701e-01	4.366635e-01	2.054706e+00	1.245353e+00	2.589333e-01
4.862111e+00	-9.623226e-01	-7.529417e-01	4.366337e-01	2.050833e+00	1.244271e+00	2.579880e-01
4.854315e+00	-9.614718e-01	-7.525549e-01	4.363855e-01	2.048141e+00	1.243697e+00	2.589244e-01
4.773709e+00	-9.608315e-01	-7.531209e-01	4.360058e-01	2.045339e+00	1.244589e+00	2.605481e-01
4.692943e+00	-9.598230e-01	-7.546041e-01	4.357792e-01	2.043514e+00	1.245583e+00	2.629597e-01
4.692863e+00	-9.585007e-01	-7.560235e-01	4.355088e-01	2.042115e+00	1.246183e+00	2.653858e-01
4.676155e+00	-9.577330e-01	-7.574534e-01	4.359867e-01	2.040172e+00	1.247863e+00	2.659251e-01
4.716871e+00	-9.566405e-01	-7.595562e-01	4.362276e-01	2.039190e+00	1.249041e+00	2.672846e-01
4.714645e+00	-9.556004e-01	-7.582440e-01	4.363784e-01	2.038098e+00	1.250293e+00	2.675785e-01
4.717969e+00	-9.548387e-01	-7.551821e-01	4.367877e-01	2.036750e+00	1.252012e+00	2.663148e-01
4.789156e+00	-9.549821e-01	-7.521196e-01	4.372181e-01	2.034968e+00	1.253908e+00	2.655849e-01
4.867793e+00	-9.544168e-01	-7.504146e-01	4.372604e-01	2.034910e+00	1.254230e+00	2.647303e-01
4.804570e+00	-9.539936e-01	-7.534368e-01	4.374761e-01	2.035767e+00	1.253365e+00	2.646729e-01
4.767876e+00	-9.536685e-01	-7.565675e-01	4.377048e-01	2.036774e+00	1.252395e+00	2.646950e-01
4.754110e+00	-9.538791e-01	-7.600955e-01	4.375070e-01	2.038340e+00	1.250975e+00	2.652862e-01
4.777893e+00	-9.537906e-01	-7.603213e-01	4.365189e-01	2.039965e+00	1.249231e+00	2.646844e-01
4.814040e+00	-9.537775e-01	-7.599126e-01	4.357206e-01	2.041822e+00	1.247478e+00	2.641230e-01
4.836001e+00	-9.543513e-01	-7.601416e-01	4.352305e-01	2.043245e+00	1.246407e+00	2.638044e-01
4.848731e+00	-9.553810e-01	-7.566506e-01	4.356352e-01	2.043642e+00	1.246589e+00	2.603472e-01
4.880278e+00	-9.557007e-01	-7.544990e-01	4.359711e-01	2.045300e+00	1.247366e+00	2.591424e-01
4.893083e+00	-9.567359e-01	-7.533137e-01	4.360443e-01	2.046520e+00	1.247551e+00	2.585125e-01
4.705250e+00	-9.573643e-01	-7.550322e-01	4.358934e-01	2.048530e+00	1.248067e+00	2.617099e-01
4.638061e+00	-9.586596e-01	-7.565446e-01	4.357503e-01	2.049787e+00	1.248853e+00	2.638085e-01
4.651175e+00	-9.594180e-01	-7.586568e-01	4.355869e-01	2.051372e+00	1.249003e+00	2.649280e-01
4.630204e+00	-9.602850e-01	-7.580822e-01	4.349351e-01	2.051027e+00	1.249044e+00	2.641275e-01
4.639344e+00	-9.601631e-01	-7.578929e-01	4.344801e-01	2.050268e+00	1.249183e+00	2.626933e-01
4.646530e+00	-9.600364e-01	-7.567366e-01	4.341267e-01	2.050283e+00	1.249579e+00	2.621354e-01
4.664700e+00	-9.595363e-01	-7.556668e-01	4.336006e-01	2.050598e+00	1.249785e+00	2.619643e-01
4.658786e+00	-9.593697e-01	-7.555691e-01	4.330996e-01	2.051011e+00	1.250314e+00	2.628789e-01
4.685260e+00	-9.588235e-01	-7.554271e-01	4.329232e-01	2.050254e+00	1.250519e+00	2.621016e-01
4.716389e+00	-9.575380e-01	-7.583869e-01	4.332536e-01	2.049227e+00	1.250474e+00	2.616291e-01
4.761289e+00	-9.562572e-01	-7.598923e-01	4.332306e-01	2.048438e+00	1.250527e+00	2.612443e-01
4.796410e+00	-9.559523e-01	-7.615894e-01	4.334335e-01	2.047476e+00	1.250330e+00	2.606222e-01
4.804543e+00	-9.561222e-01	-7.634719e-01	4.334514e-01	2.045643e+00	1.250076e+00	2.613111e-01
4.829394e+00	-9.558890e-01	-7.626584e-01	4.327505e-01	2.044064e+00	1.249465e+00	2.609271e-01
4.841352e+00	-9.554984e-01	-7.615882e-01	4.323102e-01	2.043746e+00	1.249259e+00	2.608427e-01
