# loss | a0 ... a6
5.656020e+02	-1.400000e+00	-9.000000e-01	4.850000e-01	1.200000e+00	1.100000e+00	5.750000e-01
2.761894e+02	-1.300000e+00	-8.000000e-01	3.850000e-01	1.300000e+00	1.200000e+00	6.750000e-01
2.413753e+02	-1.189524e+00	-7.075448e-01	2.967422e-01	1.386787e+00	1.286805e+00	7.933755e-01
3.182490e+02	-1.097115e+00	-6.219576e-01	2.529080e-01	1.457061e+00	1.372772e+00	8.331137e-01
2.793495e+02	-1.057406e+00	-5.820795e-01	2.951097e-01	1.506993e+00	1.415219e+00	7.822054e-01
2.655710e+02	-1.028327e+00	-5.480061e-01	3.485781e-01	1.545236e+00	1.474219e+00	7.223102e-01
2.530438e+02	-1.004233e+00	-5.232928e-01	4.041386e-01	1.558771e+00	1.484986e+00	6.516631e-01
1.983963e+02	-9.913656e-01	-5.262334e-01	4.532714e-01	1.575522e+00	1.433809e+00	5.866962e-01
1.516790e+02	-9.844059e-01	-5.346032e-01	5.015434e-01	1.588242e+00	1.381078e+00	5.195566e-01
1.164892e+02	-9.795703e-01	-5.481519e-01	5.478047e-01	1.599687e+00	1.327313e+00	4.603925e-01
8.214532e+01	-9.763681e-01	-5.725392e-01	5.846513e-01	1.625180e+00	1.259602e+00	4.131530e-01
6.747123e+01	-9.720674e-01	-5.978688e-01	6.171828e-01	1.650069e+00	1.194498e+00	3.826757e-01
6.995348e+01	-9.680744e-01	-6.225366e-01	6.452577e-01	1.682315e+00	1.136782e+00	3.615677e-01
7.107623e+01	-9.634294e-01	-6.446097e-01	6.655154e-01	1.726819e+00	1.106636e+00	3.701854e-01
7.920113e+01	-9.576865e-01	-6.619781e-01	6.810650e-01	1.769483e+00	1.084283e+00	3.854480e-01
9.028102e+01	-9.537747e-01	-6.768272e-01	6.952556e-01	1.810636e+00	1.070795e+00	3.976108e-01
7.411901e+01	-9.536950e-01	-6.774344e-01	7.057986e-01	1.846188e+00	1.091420e+00	3.931396e-01
6.154847e+01	-9.542856e-01	-6.786060e-01	7.147958e-01	1.882110e+00	1.111107e+00	3.910904e-01
4.669966e+01	-9.556479e-01	-6.764731e-01	7.222872e-01	1.914402e+00	1.136522e+00	3.820108e-01
3.135511e+01	-9.568821e-01	-6.681677e-01	7.267077e-01	1.944518e+00	1.171457e+00	3.644813e-01
2.522232e+01	-9.568203e-01	-6.586087e-01	7.291495e-01	1.974166e+00	1.204949e+00	3.435695e-01
2.868156e+01	-9.553467e-01	-6.479839e-01	7.297420e-01	2.000333e+00	1.235846e+00	3.237709e-01
3.122922e+01	-9.477620e-01	-6.370409e-01	7.243606e-01	2.027471e+00	1.255447e+00	3.186618e-01
3.343177e+01	-9.377693e-01	-6.267022e-01	7.172624e-01	2.054187e+00	1.270957e+00	3.204121e-01
3.484946e+01	-9.268389e-01	-6.183760e-01	7.104941e-01	2.076574e+00	1.277754e+00	3.156572e-01
2.936744e+01	-9.145836e-01	-6.136745e-01	7.017600e-01	2.093476e+00	1.265943e+00	3.037655e-01
2.474207e+01	-9.027691e-01	-6.084148e-01	6.919083e-01	2.110591e+00	1.253443e+00	2.963823e-01
1.962254e+01	-8.914138e-01	-6.061587e-01	6.822092e-01	2.126408e+00	1.238299e+00	3.023510e-01
1.750230e+01	-8.865293e-01	-6.074870e-01	6.729560e-01	2.139560e+00	1.219683e+00	3.079356e-01
1.958312e+01	-8.821519e-01	-6.092660e-01	6.638052e-01	2.151285e+00	1.201240e+00	3.131076e-01
2.362727e+01	-8.793715e-01	-6.111324e-01	6.561658e-01	2.160638e+00	1.184570e+00	3.129797e-01
2.404780e+01	-8.831081e-01	-6.132705e-01	6.503404e-01	2.164632e+00	1.173134e+00	2.993674e-01
2.446857e+01	-8.906905e-01	-6.168337e-01	6.460727e-01	2.167867e+00	1.165351e+00	2.842005e-01
2.588568e+01	-8.990310e-01	-6.194489e-01	6.430847e-01	2.168020e+00	1.162704e+00	2.656609e-01
2.543942e+01	-9.114220e-01	-6.237590e-01	6.411009e-01	2.166093e+00	1.170695e+00	2.551831e-01
2.173493e+01	-9.223735e-01	-6.276084e-01	6.387554e-01	2.166973e+00	1.182437e+00	2.591042e-01
1.790652e+01	-9.319189e-01	-6.326134e-01	6.364072e-01	2.167127e+00	1.192583e+00	2.694558e-01
1.506500e+01	-9.392699e-01	-6.387703e-01	6.316843e-01	2.167124e+00	1.203294e+00	2.924448e-01
1.676497e+01	-9.462762e-01	-6.449060e-01	6.276501e-01	2.165869e+00	1.212758e+00	3.133144e-01
1.831102e+01	-9.526664e-01	-6.498216e-01	6.247517e-01	2.162073e+00	1.222667e+00	3.215276e-01
1.651568e+01	-9.567149e-01	-6.522774e-01	6.211252e-01	2.151023e+00	1.231381e+00	3.127375e-01
1.581729e+01	-9.602586e-01	-6.551953e-01	6.180588e-01	2.139650e+00	1.237049e+00	3.014872e-01
1.642847e+01	-9.629414e-01	-6.575784e-01	6.143695e-01	2.128792e+00	1.241151e+00	2.907342e-01
1.618773e+01	-9.620042e-01	-6.615106e-01	6.086029e-01	2.116812e+00	1.238574e+00	2.809904e-01
1.429148e+01	-9.583211e-01	-6.648413e-01	6.007695e-01	2.106271e+00	1.233516e+00	2.789203e-01
1.283029e+01	-9.541713e-01	-6.680963e-01	5.934304e-01	2.096582e+00	1.228544e+00	2.768547e-01
9.819892e+00	-9.461262e-01	-6.727869e-01	5.829428e-01	2.088422e+00	1.221012e+00	2.848175e-01
8.959710e+00	-9.388752e-01	-6.770633e-01	5.733629e-01	2.081316e+00	1.214124e+00	2.931763e-01
9.902381e+00	-9.329223e-01	-6.814881e-01	5.643719e-01	2.074949e+00	1.207869e+00	3.011928e-01
1.030624e+01	-9.293891e-01	-6.854871e-01	5.559522e-01	2.066985e+00	1.205212e+00	3.012199e-01
1.082084e+01	-9.271860e-01	-6.894897e-01	5.484908e-01	2.060063e+00	1.203131e+00	3.014906e-01
1.043082e+01	-9.253758e-01	-6.924476e-01	5.419743e-01	2.052635e+00	1.204052e+00	2.989618e-01
8.801185e+00	-9.273290e-01	-6.954545e-01	5.364495e-01	2.044609e+00	1.208702e+00	2.909411e-01
7.824585e+00	-9.297615e-01	-6.981834e-01	5.310885e-01	2.038295e+00	1.214034e+00	2.853003e-01
7.409797e+00	-9.322781e-01	-7.004595e-01	5.267950e-01	2.032106e+00	1.220892e+00	2.778608e-01
7.059047e+00	-9.366868e-01	-7.036235e-01	5.222096e-01	2.028969e+00	1.231288e+00	2.755851e-01
7.135159e+00	-9.402787e-01	-7.069698e-01	5.177441e-01	2.026181e+00	1.240100e+00	2.747501e-01
7.153889e+00	-9.435022e-01	-7.105753e-01	5.131390e-01	2.023986e+00	1.247266e+00	2.761942e-01
6.414294e+00	-9.459390e-01	-7.153344e-01	5.066311e-01	2.024537e+00	1.251097e+00	2.831006e-01
6.198345e+00	-9.481931e-01	-7.199839e-01	5.002685e-01	2.025086e+00	1.253794e+00	2.900850e-01
6.278534e+00	-9.505646e-01	-7.244817e-01	4.945809e-01	2.025085e+00	1.255214e+00	2.941322e-01
5.808025e+00	-9.532370e-01	-7.290750e-01	4.883573e-01	2.025066e+00	1.252899e+00	2.916109e-01
5.331225e+00	-9.558037e-01	-7.329081e-01	4.824024e-01	2.024538e+00	1.250029e+00	2.875088e-01
5.029105e+00	-9.578315e-01	-7.362754e-01	4.769922e-01	2.023612e+00	1.247885e+00	2.834964e-01
4.846090e+00	-9.593553e-01	-7.392845e-01	4.711570e-01	2.022640e+00	1.244647e+00	2.758149e-01
5.054291e+00	-9.611561e-01	-7.420834e-01	4.659937e-01	2.022423e+00	1.241853e+00	2.686281e-01
5.299851e+00	-9.624528e-01	-7.444230e-01	4.607364e-01	2.022644e+00	1.239850e+00	2.642097e-01
5.124911e+00	-9.637191e-01	-7.464588e-01	4.551195e-01	2.024657e+00	1.239340e+00	2.643088e-01
4.979551e+00	-9.641430e-01	-7.485670e-01	4.496818e-01	2.027057e+00	1.238578e+00	2.651336e-01
4.837199e+00	-9.644973e-01	-7.505073e-01	4.446090e-01	2.029932e+00	1.238921e+00	2.678246e-01
4.695551e+00	-9.649448e-01	-7.519237e-01	4.401807e-01	2.033264e+00	1.242245e+00	2.699792e-01
4.695729e+00	-9.653422e-01	-7.534359e-01	4.360876e-01	2.036668e+00	1.244702e+00	2.709891e-01
4.746976e+00	-9.660021e-01	-7.543950e-01	4.327119e-01	2.039749e+00	1.247281e+00	2.720681e-01
4.579120e+00	-9.674299e-01	-7.547782e-01	4.306143e-01	2.042285e+00	1.251284e+00	2.682469e-01
4.628271e+00	-9.691553e-01	-7.551582e-01	4.292523e-01	2.044396e+00	1.254945e+00	2.642261e-01
4.929244e+00	-9.702733e-01	-7.554146e-01	4.278957e-01	2.046193e+00	1.257917e+00	2.596166e-01
5.214125e+00	-9.710130e-01	-7.559338e-01	4.263686e-01	2.048126e+00	1.258855e+00	2.562640e-01
5.501899e+00	-9.715699e-01	-7.562879e-01	4.253135e-01	2.049973e+00	1.260131e+00	2.539659e-01
5.254503e+00	-9.720599e-01	-7.572693e-01	4.240400e-01	2.052808e+00	1.259661e+00	2.554409e-01
4.780579e+00	-9.720400e-01	-7.586189e-01	4.226863e-01	2.055955e+00	1.256546e+00	2.608685e-01
4.826491e+00	-9.723354e-01	-7.600932e-01	4.217131e-01	2.058753e+00	1.254049e+00	2.656589e-01
5.219931e+00	-9.723342e-01	-7.613340e-01	4.208337e-01	2.061587e+00	1.251708e+00	2.698297e-01
5.137620e+00	-9.727563e-01	-7.615012e-01	4.215625e-01	2.062997e+00	1.250196e+00	2.682706e-01
5.074536e+00	-9.736196e-01	-7.619051e-01	4.223738e-01	2.064019e+00	1.248357e+00	2.664907e-01
4.870063e+00	-9.739124e-01	-7.617292e-01	4.232674e-01	2.064245e+00	1.247535e+00	2.612149e-01
5.013576e+00	-9.740978e-01	-7.608270e-01	4.246824e-01	2.064057e+00	1.248570e+00	2.538538e-01
5.377057e+00	-9.736925e-01	-7.600525e-01	4.256721e-01	2.064287e+00	1.249512e+00	2.497917e-01
5.942078e+00	-9.735058e-01	-7.593606e-01	4.269411e-01	2.064271e+00	1.250321e+00	2.459227e-01
5.091476e+00	-9.721554e-01	-7.593675e-01	4.271367e-01	2.066367e+00	1.252299e+00	2.529112e-01
4.801234e+00	-9.708028e-01	-7.590289e-01	4.276541e-01	2.068513e+00	1.254238e+00	2.593274e-01
4.878185e+00	-9.697634e-01	-7.589665e-01	4.280042e-01	2.070004e+00	1.254788e+00	2.648050e-01
4.958405e+00	-9.685169e-01	-7.586077e-01	4.288187e-01	2.070406e+00	1.254668e+00	2.666659e-01
4.948734e+00	-9.672541e-01	-7.582652e-01	4.295374e-01	2.069697e+00	1.254640e+00	2.669364e-01
4.830200e+00	-9.668332e-01	-7.576790e-01	4.306082e-01	2.069077e+00	1.254049e+00	2.651689e-01
4.760326e+00	-9.668073e-01	-7.563560e-01	4.325427e-01	2.066950e+00	1.253281e+00	2.591321e-01
5.063679e+00	-9.670612e-01	-7.553961e-01	4.341816e-01	2.065117e+00	1.252656e+00	2.540988e-01
5.287618e+00	-9.669514e-01	-7.549214e-01	4.352624e-01	2.063850e+00	1.251500e+00	2.518780e-01
4.954537e+00	-9.657188e-01	-7.548978e-01	4.354771e-01	2.063938e+00	1.249795e+00	2.548961e-01
4.697416e+00	-9.648704e-01	-7.546368e-01	4.357434e-01	2.064351e+00	1.248339e+00	2.595934e-01
4.695643e+00	-9.647247e-01	-7.548713e-01	4.360662e-01	2.064607e+00	1.246994e+00	2.642245e-01
4.750232e+00	-9.656308e-01	-7.545335e-01	4.370760e-01	2.064456e+00	1.246642e+00	2.667106e-01
4.896293e+00	-9.664979e-01	-7.547038e-01	4.380871e-01	2.064534e+00	1.246376e+00	2.696662e-01
4.785437e+00	-9.667852e-01	-7.542907e-01	4.389355e-01	2.063455e+00	1.246462e+00	2.685705e-01
4.599513e+00	-9.667490e-01	-7.531856e-01	4.399789e-01	2.060920e+00	1.248022e+00	2.627962e-01
4.953205e+00	-9.670218e-01	-7.521192e-01	4.413022e-01	2.058643e+00	1.249422e+00	2.564064e-01
5.452841e+00	-9.673620e-01	-7.513228e-01	4.421548e-01	2.056867e+00	1.249998e+00	2.525586e-01
5.127729e+00	-9.674901e-01	-7.510482e-01	4.420899e-01	2.056735e+00	1.250534e+00	2.553929e-01
4.635983e+00	-9.671140e-01	-7.510163e-01	4.417094e-01	2.057181e+00	1.250799e+00	2.619146e-01
4.558332e+00	-9.664223e-01	-7.512658e-01	4.410425e-01	2.057902e+00	1.250354e+00	2.672419e-01
4.587591e+00	-9.659050e-01	-7.510100e-01	4.406199e-01	2.057782e+00	1.250526e+00	2.686370e-01
4.619442e+00	-9.654329e-01	-7.510921e-01	4.402724e-01	2.057947e+00	1.249996e+00	2.693948e-01
4.642778e+00	-9.649957e-01	-7.511501e-01	4.399319e-01	2.057663e+00	1.249131e+00	2.697774e-01
4.552621e+00	-9.656794e-01	-7.512389e-01	4.401424e-01	2.055931e+00	1.248245e+00	2.635318e-01
4.728445e+00	-9.661157e-01	-7.513583e-01	4.401169e-01	2.054669e+00	1.247405e+00	2.592128e-01
4.992172e+00	-9.659219e-01	-7.513649e-01	4.401607e-01	2.053572e+00	1.246801e+00	2.559563e-01
