# loss | a0 ... a6
2.359473e+03	-7.500000e-01	-6.000000e-01	2.100000e-01	1.700000e+00	5.000000e-01	7.250000e-01
1.322278e+03	-8.500000e-01	-5.000000e-01	3.100000e-01	1.600000e+00	6.000000e-01	6.250000e-01
6.594097e+02	-9.704102e-01	-3.660910e-01	4.096000e-01	1.499786e+00	7.201236e-01	5.139125e-01
3.918827e+02	-1.092287e+00	-3.838919e-01	5.104612e-01	1.418341e+00	8.382033e-01	4.113999e-01
3.081686e+02	-1.184434e+00	-4.480510e-01	5.824733e-01	1.402002e+00	9.400931e-01	3.999793e-01
3.345762e+02	-1.264765e+00	-5.081636e-01	6.476112e-01	1.390375e+00	1.034618e+00	4.015811e-01
4.248779e+02	-1.331074e+00	-5.700792e-01	7.022264e-01	1.393346e+00	1.120648e+00	4.094821e-01
4.340491e+02	-1.338146e+00	-5.951596e-01	7.281818e-01	1.419692e+00	1.187112e+00	4.430568e-01
4.315784e+02	-1.331929e+00	-6.186373e-01	7.471373e-01	1.449747e+00	1.245709e+00	4.826093e-01
4.205033e+02	-1.320732e+00	-6.444849e-01	7.577743e-01	1.490032e+00	1.295312e+00	5.236485e-01
3.566154e+02	-1.284492e+00	-6.397538e-01	7.525827e-01	1.537718e+00	1.327439e+00	5.660518e-01
3.009427e+02	-1.244974e+00	-6.329121e-01	7.445781e-01	1.584257e+00	1.353137e+00	6.067993e-01
2.540874e+02	-1.202702e+00	-6.239106e-01	7.337031e-01	1.632676e+00	1.372501e+00	6.467232e-01
2.057120e+02	-1.153226e+00	-6.016067e-01	7.160882e-01	1.679107e+00	1.375324e+00	6.750118e-01
1.801241e+02	-1.104710e+00	-5.741713e-01	6.983887e-01	1.721424e+00	1.377111e+00	7.022590e-01
1.737089e+02	-1.059968e+00	-5.520977e-01	6.816190e-01	1.760369e+00	1.374998e+00	7.246834e-01
1.721535e+02	-1.020040e+00	-5.335821e-01	6.648157e-01	1.791641e+00	1.362228e+00	7.304532e-01
1.815730e+02	-9.841751e-01	-5.170780e-01	6.488681e-01	1.822172e+00	1.349724e+00	7.337756e-01
1.929929e+02	-9.537480e-01	-5.007531e-01	6.350879e-01	1.844277e+00	1.336041e+00	7.301284e-01
1.884880e+02	-9.353053e-01	-4.954810e-01	6.254716e-01	1.856629e+00	1.317773e+00	7.089994e-01
1.809112e+02	-9.205540e-01	-4.908057e-01	6.172758e-01	1.865572e+00	1.299864e+00	6.846420e-01
1.697691e+02	-9.097196e-01	-4.897953e-01	6.102489e-01	1.872628e+00	1.281865e+00	6.578271e-01
1.408949e+02	-9.110623e-01	-4.960138e-01	6.065296e-01	1.873891e+00	1.262566e+00	6.167297e-01
1.138108e+02	-9.138131e-01	-5.034277e-01	6.042124e-01	1.874387e+00	1.244842e+00	5.765296e-01
8.852134e+01	-9.179502e-01	-5.151049e-01	6.032184e-01	1.873460e+00	1.227196e+00	5.368195e-01
5.984788e+01	-9.289591e-01	-5.330450e-01	6.053087e-01	1.869587e+00	1.209091e+00	4.884498e-01
4.006359e+01	-9.400571e-01	-5.489736e-01	6.072438e-01	1.866548e+00	1.193000e+00	4.425136e-01
2.924554e+01	-9.505910e-01	-5.668282e-01	6.091597e-01	1.865903e+00	1.178405e+00	4.013435e-01
2.570515e+01	-9.616580e-01	-5.890022e-01	6.114476e-01	1.868897e+00	1.165627e+00	3.621873e-01
2.956201e+01	-9.721536e-01	-6.107810e-01	6.135387e-01	1.872805e+00	1.154766e+00	3.281163e-01
3.869890e+01	-9.808190e-01	-6.306291e-01	6.148641e-01	1.877958e+00	1.145537e+00	2.995188e-01
4.268543e+01	-9.864924e-01	-6.512295e-01	6.142897e-01	1.889183e+00	1.142117e+00	2.880239e-01
4.542064e+01	-9.906869e-01	-6.695258e-01	6.130142e-01	1.901331e+00	1.140338e+00	2.806164e-01
4.836755e+01	-9.936580e-01	-6.864127e-01	6.117819e-01	1.912417e+00	1.138581e+00	2.746749e-01
4.067009e+01	-9.927558e-01	-7.001649e-01	6.084786e-01	1.929353e+00	1.144708e+00	2.862699e-01
3.524580e+01	-9.910284e-01	-7.090990e-01	6.048990e-01	1.944586e+00	1.150623e+00	2.973962e-01
3.177227e+01	-9.880888e-01	-7.155770e-01	6.007838e-01	1.958878e+00	1.155708e+00	3.081023e-01
2.733010e+01	-9.829864e-01	-7.149828e-01	5.956446e-01	1.975061e+00	1.164575e+00	3.215429e-01
2.488240e+01	-9.772251e-01	-7.112545e-01	5.903597e-01	1.989777e+00	1.172885e+00	3.345017e-01
2.423242e+01	-9.712817e-01	-7.060152e-01	5.850266e-01	2.003428e+00	1.180823e+00	3.464372e-01
2.343222e+01	-9.648587e-01	-6.961432e-01	5.795546e-01	2.016254e+00	1.189339e+00	3.552099e-01
2.265875e+01	-9.590538e-01	-6.844050e-01	5.748000e-01	2.027619e+00	1.197961e+00	3.608987e-01
2.237088e+01	-9.534881e-01	-6.720241e-01	5.701819e-01	2.037329e+00	1.205561e+00	3.645593e-01
2.037499e+01	-9.489316e-01	-6.581528e-01	5.662909e-01	2.044452e+00	1.212045e+00	3.618073e-01
1.896453e+01	-9.452431e-01	-6.469604e-01	5.629937e-01	2.050453e+00	1.217068e+00	3.577128e-01
1.793420e+01	-9.420056e-01	-6.355558e-01	5.601621e-01	2.055639e+00	1.222138e+00	3.528329e-01
1.569975e+01	-9.408699e-01	-6.289502e-01	5.586261e-01	2.058690e+00	1.224910e+00	3.426897e-01
1.435958e+01	-9.400006e-01	-6.223177e-01	5.573851e-01	2.061047e+00	1.227838e+00	3.328272e-01
1.372573e+01	-9.390733e-01	-6.172866e-01	5.563875e-01	2.062942e+00	1.229723e+00	3.230512e-01
1.270471e+01	-9.391502e-01	-6.188255e-01	5.563122e-01	2.063646e+00	1.229365e+00	3.111747e-01
1.232058e+01	-9.388976e-01	-6.217341e-01	5.562645e-01	2.064275e+00	1.228755e+00	3.014140e-01
1.212622e+01	-9.392536e-01	-6.264136e-01	5.563632e-01	2.064930e+00	1.227870e+00	2.930976e-01
1.076430e+01	-9.393315e-01	-6.388214e-01	5.564578e-01	2.065719e+00	1.225596e+00	2.893049e-01
9.685523e+00	-9.400571e-01	-6.514719e-01	5.567742e-01	2.066464e+00	1.223683e+00	2.861401e-01
9.054937e+00	-9.405032e-01	-6.629865e-01	5.570377e-01	2.067208e+00	1.221774e+00	2.829620e-01
8.324502e+00	-9.403344e-01	-6.768747e-01	5.566672e-01	2.068180e+00	1.219520e+00	2.830126e-01
8.072641e+00	-9.396833e-01	-6.896070e-01	5.562240e-01	2.069167e+00	1.217671e+00	2.837232e-01
8.261881e+00	-9.395519e-01	-7.019778e-01	5.559316e-01	2.069962e+00	1.216168e+00	2.847890e-01
8.801265e+00	-9.385831e-01	-7.127242e-01	5.547959e-01	2.070697e+00	1.214916e+00	2.874271e-01
9.607186e+00	-9.374297e-01	-7.212290e-01	5.533867e-01	2.071316e+00	1.213924e+00	2.903284e-01
1.058620e+01	-9.364426e-01	-7.289519e-01	5.521542e-01	2.071701e+00	1.213463e+00	2.929879e-01
1.129337e+01	-9.352783e-01	-7.336088e-01	5.504955e-01	2.071691e+00	1.213769e+00	2.953356e-01
1.154004e+01	-9.336341e-01	-7.350632e-01	5.483620e-01	2.071210e+00	1.214245e+00	2.967680e-01
1.150509e+01	-9.322016e-01	-7.353021e-01	5.464960e-01	2.070654e+00	1.215008e+00	2.974143e-01
1.082495e+01	-9.310987e-01	-7.325997e-01	5.444156e-01	2.069345e+00	1.216318e+00	2.967938e-01
9.957338e+00	-9.295802e-01	-7.277255e-01	5.419522e-01	2.067859e+00	1.217823e+00	2.959584e-01
9.085875e+00	-9.281936e-01	-7.225887e-01	5.397971e-01	2.066412e+00	1.219284e+00	2.941735e-01
8.170961e+00	-9.268319e-01	-7.156114e-01	5.373367e-01	2.064414e+00	1.220700e+00	2.912084e-01
7.539787e+00	-9.258497e-01	-7.087464e-01	5.350274e-01	2.062441e+00	1.222432e+00	2.880834e-01
7.270199e+00	-9.250969e-01	-7.027024e-01	5.329366e-01	2.060727e+00	1.224150e+00	2.858134e-01
7.215766e+00	-9.247467e-01	-6.974469e-01	5.306087e-01	2.059116e+00	1.225718e+00	2.840392e-01
7.297097e+00	-9.245091e-01	-6.930531e-01	5.285894e-01	2.057620e+00	1.227232e+00	2.826747e-01
7.343960e+00	-9.246878e-01	-6.908784e-01	5.268189e-01	2.056296e+00	1.228601e+00	2.823554e-01
7.251984e+00	-9.251906e-01	-6.913843e-01	5.251615e-01	2.055175e+00	1.229803e+00	2.829893e-01
7.155151e+00	-9.259227e-01	-6.919544e-01	5.236101e-01	2.054181e+00	1.230851e+00	2.837707e-01
6.968236e+00	-9.269975e-01	-6.944324e-01	5.222643e-01	2.053365e+00	1.231683e+00	2.854392e-01
6.756555e+00	-9.286121e-01	-6.988796e-01	5.210000e-01	2.052685e+00	1.232170e+00	2.876902e-01
6.695342e+00	-9.300645e-01	-7.036757e-01	5.198381e-01	2.052132e+00	1.232614e+00	2.905467e-01
6.686265e+00	-9.316465e-01	-7.084600e-01	5.187229e-01	2.051441e+00	1.232752e+00	2.922158e-01
6.650531e+00	-9.334179e-01	-7.137229e-01	5.176361e-01	2.050287e+00	1.232209e+00	2.924252e-01
6.655528e+00	-9.354272e-01	-7.188781e-01	5.167789e-01	2.049264e+00	1.231913e+00	2.924259e-01
6.726827e+00	-9.370695e-01	-7.229291e-01	5.156750e-01	2.048357e+00	1.231603e+00	2.926215e-01
6.699193e+00	-9.387031e-01	-7.257103e-01	5.144354e-01	2.047406e+00	1.231390e+00	2.920091e-01
6.683053e+00	-9.403862e-01	-7.289430e-01	5.133522e-01	2.046352e+00	1.230874e+00	2.908987e-01
6.588665e+00	-9.415509e-01	-7.302116e-01	5.119020e-01	2.045295e+00	1.230512e+00	2.897270e-01
6.423383e+00	-9.425465e-01	-7.302606e-01	5.100223e-01	2.044349e+00	1.230108e+00	2.882156e-01
6.222163e+00	-9.431505e-01	-7.292266e-01	5.080506e-01	2.043515e+00	1.229959e+00	2.866881e-01
6.042802e+00	-9.436683e-01	-7.280128e-01	5.062568e-01	2.042537e+00	1.229814e+00	2.850777e-01
5.891207e+00	-9.437980e-01	-7.261305e-01	5.041328e-01	2.041834e+00	1.229822e+00	2.839311e-01
5.792589e+00	-9.437812e-01	-7.242346e-01	5.020366e-01	2.041188e+00	1.229721e+00	2.831002e-01
5.703971e+00	-9.438877e-01	-7.224186e-01	5.000413e-01	2.040615e+00	1.229935e+00	2.823285e-01
5.630316e+00	-9.437998e-01	-7.200607e-01	4.977280e-01	2.040286e+00	1.230588e+00	2.821623e-01
5.583518e+00	-9.438430e-01	-7.188589e-01	4.956831e-01	2.040044e+00	1.231193e+00	2.820254e-01
5.569724e+00	-9.438767e-01	-7.182200e-01	4.937700e-01	2.039962e+00	1.231668e+00	2.825466e-01
5.546327e+00	-9.443180e-01	-7.195800e-01	4.920288e-01	2.040087e+00	1.232179e+00	2.832505e-01
5.583013e+00	-9.444406e-01	-7.206992e-01	4.901563e-01	2.040327e+00	1.232562e+00	2.845092e-01
5.615237e+00	-9.446349e-01	-7.214905e-01	4.885506e-01	2.040489e+00	1.233161e+00	2.855369e-01
5.664159e+00	-9.447928e-01	-7.230183e-01	4.869696e-01	2.040655e+00	1.233691e+00	2.864560e-01
5.705285e+00	-9.448386e-01	-7.241216e-01	4.853652e-01	2.040774e+00	1.234025e+00	2.869103e-01
5.708628e+00	-9.453549e-01	-7.257198e-01	4.841552e-01	2.040858e+00	1.234563e+00	2.871979e-01
5.600984e+00	-9.460993e-01	-7.275912e-01	4.830798e-01	2.040709e+00	1.234762e+00	2.860527e-01
5.494008e+00	-9.470657e-01	-7.293566e-01	4.821346e-01	2.040443e+00	1.235197e+00	2.850984e-01
5.424551e+00	-9.477470e-01	-7.309783e-01	4.811968e-01	2.040369e+00	1.235639e+00	2.844121e-01
5.379481e+00	-9.488013e-01	-7.332891e-01	4.803377e-01	2.040465e+00	1.236143e+00	2.839554e-01
5.309457e+00	-9.494293e-01	-7.345966e-01	4.792514e-01	2.040521e+00	1.236433e+00	2.830128e-01
5.214211e+00	-9.499888e-01	-7.356313e-01	4.783554e-01	2.040351e+00	1.236825e+00	2.817726e-01
5.135980e+00	-9.502226e-01	-7.356579e-01	4.770491e-01	2.040280e+00	1.237214e+00	2.808681e-01
5.061810e+00	-9.503150e-01	-7.356790e-01	4.759166e-01	2.040251e+00	1.237760e+00	2.799895e-01
4.990988e+00	-9.506597e-01	-7.361869e-01	4.749439e-01	2.040145e+00	1.238119e+00	2.787981e-01
4.948606e+00	-9.510655e-01	-7.369084e-01	4.736968e-01	2.040399e+00	1.238513e+00	2.781322e-01
4.903888e+00	-9.511726e-01	-7.373585e-01	4.724887e-01	2.040410e+00	1.238624e+00	2.769390e-01
4.875481e+00	-9.512651e-01	-7.377458e-01	4.714176e-01	2.040464e+00	1.238983e+00	2.764740e-01
4.876177e+00	-9.511354e-01	-7.375538e-01	4.700001e-01	2.040783e+00	1.239712e+00	2.773597e-01
4.891088e+00	-9.508358e-01	-7.373036e-01	4.686794e-01	2.041085e+00	1.240290e+00	2.780273e-01
4.892458e+00	-9.508525e-01	-7.379352e-01	4.675988e-01	2.041287e+00	1.240589e+00	2.780582e-01
4.918116e+00	-9.507361e-01	-7.387425e-01	4.664724e-01	2.041558e+00	1.240970e+00	2.784718e-01
4.923473e+00	-9.504924e-01	-7.390583e-01	4.652515e-01	2.041566e+00	1.241029e+00	2.782601e-01
4.920781e+00	-9.506507e-01	-7.399278e-01	4.643403e-01	2.041724e+00	1.241186e+00	2.780737e-01
4.898341e+00	-9.508945e-01	-7.409236e-01	4.634520e-01	2.041930e+00	1.240995e+00	2.772667e-01
4.862267e+00	-9.513803e-01	-7.425183e-01	4.628435e-01	2.042084e+00	1.240951e+00	2.762562e-01
4.850669e+00	-9.516351e-01	-7.432957e-01	4.620631e-01	2.042147e+00	1.241087e+00	2.759162e-01
4.833958e+00	-9.520938e-01	-7.441354e-01	4.611717e-01	2.042240e+00	1.241258e+00	2.755379e-01
4.809315e+00	-9.524117e-01	-7.448351e-01	4.604206e-01	2.042453e+00	1.241412e+00	2.749042e-01
4.799102e+00	-9.526552e-01	-7.452987e-01	4.597002e-01	2.042508e+00	1.241599e+00	2.746939e-01
4.808782e+00	-9.527574e-01	-7.453787e-01	4.588650e-01	2.042685e+00	1.242055e+00	2.751867e-01
4.830682e+00	-9.527550e-01	-7.449265e-01	4.579287e-01	2.042645e+00	1.242439e+00	2.758818e-01
4.811180e+00	-9.530069e-01	-7.451681e-01	4.572691e-01	2.042696e+00	1.242613e+00	2.755457e-01
4.758153e+00	-9.533525e-01	-7.451074e-01	4.567342e-01	2.042642e+00	1.242862e+00	2.746969e-01
4.726713e+00	-9.539135e-01	-7.453767e-01	4.561700e-01	2.042687e+00	1.243021e+00	2.741725e-01
4.707587e+00	-9.541613e-01	-7.455980e-01	4.556082e-01	2.042685e+00	1.243125e+00	2.737173e-01
4.699777e+00	-9.541816e-01	-7.460459e-01	4.550314e-01	2.042502e+00	1.243022e+00	2.731828e-01
4.705532e+00	-9.541092e-01	-7.460043e-01	4.543302e-01	2.042332e+00	1.243017e+00	2.731579e-01
4.698681e+00	-9.543924e-01	-7.464094e-01	4.538417e-01	2.042423e+00	1.243144e+00	2.730051e-01
4.693997e+00	-9.550665e-01	-7.474516e-01	4.535479e-01	2.042574e+00	1.243409e+00	2.731085e-01
4.711512e+00	-9.555593e-01	-7.478448e-01	4.530757e-01	2.042797e+00	1.243782e+00	2.738338e-01
4.715350e+00	-9.557385e-01	-7.481998e-01	4.526085e-01	2.042923e+00	1.243894e+00	2.738499e-01
4.724877e+00	-9.558009e-01	-7.479698e-01	4.519203e-01	2.043259e+00	1.243859e+00	2.739118e-01
4.701265e+00	-9.561182e-01	-7.481143e-01	4.515076e-01	2.043278e+00	1.243832e+00	2.733588e-01
4.697866e+00	-9.562290e-01	-7.482780e-01	4.511013e-01	2.043316e+00	1.243922e+00	2.732426e-01
4.719907e+00	-9.561123e-01	-7.484140e-01	4.506163e-01	2.043572e+00	1.244009e+00	2.735375e-01
4.734393e+00	-9.562972e-01	-7.489826e-01	4.503943e-01	2.043822e+00	1.244320e+00	2.738688e-01
4.717439e+00	-9.563954e-01	-7.489678e-01	4.500505e-01	2.043736e+00	1.244356e+00	2.735212e-01
4.656859e+00	-9.567714e-01	-7.493222e-01	4.499511e-01	2.043351e+00	1.244285e+00	2.721023e-01
4.631774e+00	-9.568417e-01	-7.492625e-01	4.496195e-01	2.043232e+00	1.244181e+00	2.711704e-01
4.624425e+00	-9.568757e-01	-7.491060e-01	4.492996e-01	2.043142e+00	1.244248e+00	2.709605e-01
4.637468e+00	-9.566590e-01	-7.485164e-01	4.487555e-01	2.043169e+00	1.244487e+00	2.715415e-01
4.647018e+00	-9.566796e-01	-7.487046e-01	4.484392e-01	2.043448e+00	1.244833e+00	2.719507e-01
4.657154e+00	-9.566864e-01	-7.488035e-01	4.481450e-01	2.043429e+00	1.244893e+00	2.721627e-01
4.666181e+00	-9.567192e-01	-7.489615e-01	4.478729e-01	2.043458e+00	1.244827e+00	2.722264e-01
4.664546e+00	-9.568615e-01	-7.498021e-01	4.478136e-01	2.043600e+00	1.244732e+00	2.719015e-01
4.679429e+00	-9.568888e-01	-7.500338e-01	4.475881e-01	2.043559e+00	1.244779e+00	2.721997e-01
4.737878e+00	-9.572458e-01	-7.509534e-01	4.474597e-01	2.043775e+00	1.244971e+00	2.733891e-01
4.741472e+00	-9.573317e-01	-7.514791e-01	4.474246e-01	2.043875e+00	1.245016e+00	2.733209e-01
4.735044e+00	-9.573489e-01	-7.513729e-01	4.472564e-01	2.043736e+00	1.245052e+00	2.732436e-01
4.699713e+00	-9.572283e-01	-7.507853e-01	4.471158e-01	2.043251e+00	1.244925e+00	2.726165e-01
4.644469e+00	-9.574274e-01	-7.501236e-01	4.470271e-01	2.042782e+00	1.244993e+00	2.716460e-01
4.631553e+00	-9.574298e-01	-7.497627e-01	4.468981e-01	2.042671e+00	1.245005e+00	2.713501e-01
4.640260e+00	-9.574034e-01	-7.493877e-01	4.467566e-01	2.042386e+00	1.245112e+00	2.717943e-01
4.636151e+00	-9.577086e-01	-7.491332e-01	4.466922e-01	2.042162e+00	1.245349e+00	2.721179e-01
4.635613e+00	-9.576756e-01	-7.491225e-01	4.465948e-01	2.042186e+00	1.245321e+00	2.720246e-01
4.641713e+00	-9.574618e-01	-7.494291e-01	4.464989e-01	2.042006e+00	1.244972e+00	2.716971e-01
4.646034e+00	-9.571955e-01	-7.494274e-01	4.465153e-01	2.041879e+00	1.245049e+00	2.717574e-01
4.654059e+00	-9.572353e-01	-7.497739e-01	4.464753e-01	2.042004e+00	1.245018e+00	2.718569e-01
4.708969e+00	-9.571106e-01	-7.503164e-01	4.464231e-01	2.042459e+00	1.245158e+00	2.729805e-01
4.782313e+00	-9.571491e-01	-7.511736e-01	4.463228e-01	2.042917e+00	1.245232e+00	2.740721e-01
4.768649e+00	-9.572626e-01	-7.514308e-01	4.463664e-01	2.042954e+00	1.245179e+00	2.737795e-01
4.703678e+00	-9.576205e-01	-7.519401e-01	4.466528e-01	2.042808e+00	1.245163e+00	2.725870e-01
4.656314e+00	-9.579919e-01	-7.522324e-01	4.469592e-01	2.042512e+00	1.245263e+00	2.716948e-01
4.629191e+00	-9.580484e-01	-7.518588e-01	4.469788e-01	2.042460e+00	1.245207e+00	2.710564e-01
4.583860e+00	-9.582478e-01	-7.509765e-01	4.468859e-01	2.042349e+00	1.245083e+00	2.695193e-01
4.571690e+00	-9.582942e-01	-7.501748e-01	4.467991e-01	2.042099e+00	1.244936e+00	2.687004e-01
4.571700e+00	-9.581404e-01	-7.496952e-01	4.466782e-01	2.042271e+00	1.245008e+00	2.689170e-01
4.578210e+00	-9.578713e-01	-7.489497e-01	4.463865e-01	2.042710e+00	1.245482e+00	2.700139e-01
4.602123e+00	-9.574340e-01	-7.485006e-01	4.460967e-01	2.043000e+00	1.245526e+00	2.706955e-01
4.648802e+00	-9.572779e-01	-7.489429e-01	4.459472e-01	2.043375e+00	1.245627e+00	2.719674e-01
4.700083e+00	-9.572389e-01	-7.493482e-01	4.459765e-01	2.043473e+00	1.245786e+00	2.731525e-01
4.795114e+00	-9.575026e-01	-7.500996e-01	4.459446e-01	2.043842e+00	1.245957e+00	2.747876e-01
4.851635e+00	-9.574524e-01	-7.507846e-01	4.459297e-01	2.044064e+00	1.245834e+00	2.753412e-01
4.830671e+00	-9.575483e-01	-7.508239e-01	4.461360e-01	2.044326e+00	1.245841e+00	2.750751e-01
4.818199e+00	-9.579754e-01	-7.509945e-01	4.463255e-01	2.044570e+00	1.245963e+00	2.750468e-01
4.763218e+00	-9.579868e-01	-7.511031e-01	4.464428e-01	2.044312e+00	1.245597e+00	2.740588e-01
4.717926e+00	-9.578861e-01	-7.508853e-01	4.466020e-01	2.043750e+00	1.245336e+00	2.732698e-01
4.669829e+00	-9.580664e-01	-7.510050e-01	4.466870e-01	2.043087e+00	1.244832e+00	2.720470e-01
4.630084e+00	-9.580459e-01	-7.507433e-01	4.467908e-01	2.042754e+00	1.244417e+00	2.706473e-01
4.618673e+00	-9.578807e-01	-7.500109e-01	4.466498e-01	2.042603e+00	1.244271e+00	2.701474e-01
4.625893e+00	-9.575078e-01	-7.494832e-01	4.464636e-01	2.042757e+00	1.244115e+00	2.700073e-01
4.623274e+00	-9.574600e-01	-7.495459e-01	4.465156e-01	2.042630e+00	1.243929e+00	2.695160e-01
4.648293e+00	-9.573780e-01	-7.498505e-01	4.465023e-01	2.042998e+00	1.244060e+00	2.706059e-01
4.648096e+00	-9.572848e-01	-7.493625e-01	4.464263e-01	2.043016e+00	1.243964e+00	2.705217e-01
4.663098e+00	-9.572607e-01	-7.499248e-01	4.464776e-01	2.043099e+00	1.244071e+00	2.709901e-01
4.688587e+00	-9.571488e-01	-7.499437e-01	4.463359e-01	2.043223e+00	1.244180e+00	2.716837e-01
4.755247e+00	-9.574349e-01	-7.508078e-01	4.463556e-01	2.043167e+00	1.244515e+00	2.733150e-01
4.775574e+00	-9.574621e-01	-7.513846e-01	4.464832e-01	2.043281e+00	1.244722e+00	2.736802e-01
4.820424e+00	-9.572361e-01	-7.513316e-01	4.464253e-01	2.043309e+00	1.245050e+00	2.745329e-01
4.892096e+00	-9.572501e-01	-7.520418e-01	4.464609e-01	2.043368e+00	1.245250e+00	2.754808e-01
4.813581e+00	-9.573855e-01	-7.518091e-01	4.467002e-01	2.043240e+00	1.245397e+00	2.746140e-01
