# loss | a0 ... a6
1.337420e+02	-7.000000e-01	-3.750000e-01	8.700000e-01	2.100000e+00	1.250000e+00	3.875000e-01
7.285964e+01	-8.000000e-01	-4.750000e-01	9.700000e-01	2.000000e+00	1.150000e+00	2.875000e-01
9.242265e+01	-8.865936e-01	-5.746101e-01	1.044351e+00	2.064404e+00	1.107562e+00	2.583545e-01
1.171340e+02	-9.565017e-01	-6.572607e-01	1.070293e+00	2.165356e+00	1.079559e+00	2.796265e-01
6.975508e+01	-9.553182e-01	-6.362455e-01	1.016848e+00	2.265718e+00	1.141128e+00	3.400288e-01
7.298238e+01	-9.493401e-01	-6.019146e-01	9.628722e-01	2.328782e+00	1.207020e+00	3.835902e-01
9.679244e+01	-9.495958e-01	-5.669427e-01	9.209777e-01	2.356224e+00	1.270375e+00	4.010183e-01
7.671909e+01	-9.416332e-01	-5.124528e-01	8.768129e-01	2.309947e+00	1.283915e+00	3.760498e-01
6.353314e+01	-9.330939e-01	-4.639974e-01	8.335087e-01	2.259867e+00	1.276313e+00	3.418373e-01
6.224797e+01	-9.274566e-01	-4.250657e-01	7.952260e-01	2.210169e+00	1.256806e+00	3.137428e-01
4.640566e+01	-9.185239e-01	-4.154986e-01	7.585192e-01	2.174604e+00	1.209259e+00	3.057024e-01
4.403914e+01	-9.215399e-01	-4.166035e-01	7.343279e-01	2.142289e+00	1.166446e+00	2.983833e-01
4.843880e+01	-9.228657e-01	-4.226778e-01	7.121428e-01	2.117724e+00	1.125007e+00	3.021383e-01
4.386418e+01	-9.362688e-01	-4.444486e-01	7.096594e-01	2.104735e+00	1.105920e+00	3.226843e-01
4.209573e+01	-9.515635e-01	-4.626559e-01	7.113033e-01	2.088841e+00	1.094894e+00	3.400263e-01
3.862828e+01	-9.698896e-01	-4.829266e-01	7.179458e-01	2.080200e+00	1.092517e+00	3.542662e-01
2.886867e+01	-9.947158e-01	-5.005564e-01	7.302560e-01	2.075959e+00	1.110343e+00	3.664867e-01
2.477096e+01	-1.022725e+00	-5.154521e-01	7.504135e-01	2.063294e+00	1.132148e+00	3.699800e-01
2.798953e+01	-1.046197e+00	-5.276887e-01	7.636465e-01	2.055718e+00	1.153672e+00	3.748028e-01
3.188474e+01	-1.059387e+00	-5.332560e-01	7.617083e-01	2.055911e+00	1.173967e+00	3.786444e-01
3.662328e+01	-1.069193e+00	-5.322655e-01	7.537803e-01	2.053499e+00	1.192779e+00	3.798023e-01
4.136353e+01	-1.076797e+00	-5.296298e-01	7.404565e-01	2.055079e+00	1.209886e+00	3.813154e-01
3.699980e+01	-1.071164e+00	-5.210673e-01	7.093793e-01	2.061284e+00	1.216571e+00	3.847070e-01
3.467962e+01	-1.066287e+00	-5.144732e-01	6.804226e-01	2.069885e+00	1.221448e+00	3.868111e-01
3.192831e+01	-1.058969e+00	-5.083629e-01	6.509090e-01	2.074221e+00	1.220427e+00	3.849592e-01
2.823755e+01	-1.050021e+00	-5.058195e-01	6.225970e-01	2.073362e+00	1.210635e+00	3.769638e-01
2.665270e+01	-1.040912e+00	-5.057271e-01	5.968448e-01	2.071662e+00	1.200089e+00	3.710948e-01
2.660948e+01	-1.034197e+00	-5.068886e-01	5.777761e-01	2.067846e+00	1.190569e+00	3.611958e-01
2.595467e+01	-1.031124e+00	-5.123159e-01	5.748777e-01	2.055672e+00	1.182248e+00	3.417569e-01
2.751394e+01	-1.028357e+00	-5.172655e-01	5.719601e-01	2.046859e+00	1.175958e+00	3.247264e-01
2.810516e+01	-1.027581e+00	-5.298330e-01	5.751094e-01	2.039398e+00	1.169258e+00	3.124319e-01
2.511125e+01	-1.025284e+00	-5.500519e-01	5.808816e-01	2.038767e+00	1.166018e+00	3.106239e-01
2.279963e+01	-1.024879e+00	-5.694832e-01	5.886746e-01	2.040458e+00	1.167113e+00	3.094331e-01
2.131704e+01	-1.024438e+00	-5.868446e-01	5.961283e-01	2.041406e+00	1.169263e+00	3.093094e-01
1.894177e+01	-1.022106e+00	-6.043596e-01	5.998209e-01	2.045589e+00	1.176043e+00	3.133495e-01
1.762915e+01	-1.019074e+00	-6.196232e-01	6.034418e-01	2.049049e+00	1.182664e+00	3.164452e-01
1.667184e+01	-1.015981e+00	-6.311772e-01	6.054495e-01	2.052278e+00	1.192001e+00	3.193160e-01
1.496802e+01	-1.009637e+00	-6.360456e-01	5.988720e-01	2.054810e+00	1.203043e+00	3.197360e-01
1.421434e+01	-1.004317e+00	-6.394592e-01	5.946401e-01	2.056085e+00	1.215159e+00	3.177352e-01
1.342452e+01	-9.972039e-01	-6.416205e-01	5.869187e-01	2.056666e+00	1.225465e+00	3.163316e-01
1.238891e+01	-9.886171e-01	-6.416390e-01	5.733461e-01	2.055715e+00	1.232957e+00	3.129689e-01
1.135180e+01	-9.786994e-01	-6.419336e-01	5.578978e-01	2.053851e+00	1.237287e+00	3.091484e-01
1.099570e+01	-9.706593e-01	-6.426395e-01	5.440796e-01	2.051772e+00	1.240892e+00	3.044126e-01
1.022171e+01	-9.649411e-01	-6.469570e-01	5.294241e-01	2.048126e+00	1.239057e+00	2.966430e-01
9.786304e+00	-9.589948e-01	-6.514489e-01	5.150776e-01	2.044703e+00	1.236850e+00	2.905591e-01
9.319820e+00	-9.552093e-01	-6.583034e-01	5.041814e-01	2.042197e+00	1.234634e+00	2.855304e-01
8.083856e+00	-9.559876e-01	-6.710207e-01	4.984929e-01	2.040336e+00	1.231564e+00	2.818226e-01
7.036357e+00	-9.578117e-01	-6.845697e-01	4.937822e-01	2.038957e+00	1.227862e+00	2.793599e-01
6.437212e+00	-9.591140e-01	-6.967092e-01	4.894117e-01	2.038545e+00	1.225802e+00	2.770835e-01
5.799732e+00	-9.627263e-01	-7.099759e-01	4.865137e-01	2.039712e+00	1.226619e+00	2.776989e-01
5.615816e+00	-9.662105e-01	-7.221376e-01	4.829404e-01	2.041364e+00	1.227208e+00	2.783500e-01
5.616196e+00	-9.693678e-01	-7.322572e-01	4.805806e-01	2.041340e+00	1.229231e+00	2.761133e-01
5.569830e+00	-9.725852e-01	-7.399950e-01	4.771255e-01	2.041367e+00	1.233503e+00	2.737465e-01
5.495144e+00	-9.750277e-01	-7.451692e-01	4.717473e-01	2.040597e+00	1.238467e+00	2.702741e-01
5.484565e+00	-9.765894e-01	-7.489106e-01	4.659719e-01	2.040189e+00	1.243105e+00	2.669311e-01
5.176431e+00	-9.771494e-01	-7.505195e-01	4.566969e-01	2.041598e+00	1.247503e+00	2.654364e-01
4.901072e+00	-9.772320e-01	-7.511425e-01	4.463997e-01	2.042948e+00	1.251400e+00	2.644578e-01
4.735085e+00	-9.766540e-01	-7.509355e-01	4.359453e-01	2.044164e+00	1.254395e+00	2.641972e-01
4.700790e+00	-9.763275e-01	-7.511619e-01	4.254316e-01	2.047041e+00	1.255410e+00	2.658839e-01
4.979245e+00	-9.766036e-01	-7.507077e-01	4.167055e-01	2.050179e+00	1.256230e+00	2.676572e-01
5.328454e+00	-9.763116e-01	-7.505550e-01	4.096886e-01	2.051119e+00	1.256095e+00	2.679337e-01
5.151059e+00	-9.779200e-01	-7.521406e-01	4.094099e-01	2.049881e+00	1.254442e+00	2.648386e-01
5.043104e+00	-9.790060e-01	-7.538710e-01	4.101277e-01	2.048083e+00	1.253108e+00	2.615210e-01
4.999455e+00	-9.808027e-01	-7.553924e-01	4.137749e-01	2.046678e+00	1.252136e+00	2.583692e-01
5.058943e+00	-9.839297e-01	-7.576303e-01	4.224921e-01	2.046483e+00	1.251615e+00	2.570560e-01
5.205996e+00	-9.865996e-01	-7.597471e-01	4.291778e-01	2.046454e+00	1.250207e+00	2.578627e-01
5.492738e+00	-9.880118e-01	-7.615746e-01	4.351576e-01	2.046764e+00	1.248552e+00	2.579327e-01
5.384177e+00	-9.881173e-01	-7.613042e-01	4.377590e-01	2.047552e+00	1.246080e+00	2.612493e-01
5.289219e+00	-9.872443e-01	-7.607719e-01	4.397245e-01	2.048994e+00	1.244876e+00	2.655279e-01
5.216982e+00	-9.857166e-01	-7.588343e-01	4.388526e-01	2.050701e+00	1.243349e+00	2.687695e-01
4.900250e+00	-9.826769e-01	-7.543044e-01	4.382056e-01	2.048741e+00	1.243413e+00	2.672965e-01
4.716601e+00	-9.799230e-01	-7.502214e-01	4.375958e-01	2.047603e+00	1.244092e+00	2.672850e-01
4.642437e+00	-9.776250e-01	-7.452451e-01	4.368277e-01	2.047053e+00	1.244788e+00	2.665845e-01
4.707290e+00	-9.760581e-01	-7.404532e-01	4.378318e-01	2.045845e+00	1.246605e+00	2.649780e-01
4.826196e+00	-9.750897e-01	-7.367892e-01	4.385337e-01	2.045207e+00	1.247957e+00	2.646079e-01
5.042500e+00	-9.738500e-01	-7.332196e-01	4.398702e-01	2.044382e+00	1.249018e+00	2.636353e-01
4.912231e+00	-9.735449e-01	-7.317793e-01	4.417709e-01	2.045851e+00	1.248526e+00	2.663491e-01
4.824379e+00	-9.732476e-01	-7.310827e-01	4.440425e-01	2.047561e+00	1.247474e+00	2.683660e-01
4.770967e+00	-9.737093e-01	-7.311814e-01	4.471231e-01	2.047907e+00	1.246968e+00	2.697624e-01
4.802558e+00	-9.752950e-01	-7.323216e-01	4.516535e-01	2.047252e+00	1.246372e+00	2.690578e-01
4.918295e+00	-9.774171e-01	-7.339344e-01	4.563097e-01	2.046228e+00	1.245457e+00	2.687501e-01
4.939417e+00	-9.783200e-01	-7.349061e-01	4.587029e-01	2.046291e+00	1.244240e+00	2.699292e-01
4.919220e+00	-9.793034e-01	-7.353092e-01	4.583986e-01	2.046716e+00	1.242664e+00	2.715443e-01
4.908109e+00	-9.792739e-01	-7.350337e-01	4.573787e-01	2.047058e+00	1.241334e+00	2.718346e-01
4.904090e+00	-9.792507e-01	-7.347682e-01	4.565255e-01	2.046901e+00	1.240413e+00	2.726967e-01
4.884283e+00	-9.792947e-01	-7.337633e-01	4.554806e-01	2.045223e+00	1.240512e+00	2.728453e-01
4.891625e+00	-9.792762e-01	-7.322989e-01	4.545509e-01	2.043027e+00	1.241339e+00	2.711842e-01
4.939047e+00	-9.789909e-01	-7.309225e-01	4.533962e-01	2.041802e+00	1.241915e+00	2.696629e-01
4.907623e+00	-9.779333e-01	-7.299379e-01	4.516260e-01	2.041307e+00	1.242585e+00	2.697086e-01
4.898583e+00	-9.780247e-01	-7.298065e-01	4.506951e-01	2.041702e+00	1.243004e+00	2.697756e-01
4.940813e+00	-9.780471e-01	-7.292532e-01	4.497007e-01	2.041405e+00	1.243895e+00	2.690205e-01
4.864369e+00	-9.782841e-01	-7.296555e-01	4.483562e-01	2.042917e+00	1.244413e+00	2.704911e-01
4.829510e+00	-9.796123e-01	-7.308751e-01	4.480137e-01	2.044592e+00	1.244683e+00	2.719424e-01
4.830812e+00	-9.800987e-01	-7.316999e-01	4.483110e-01	2.044600e+00	1.245305e+00	2.714478e-01
4.876350e+00	-9.814677e-01	-7.333222e-01	4.492112e-01	2.043992e+00	1.245632e+00	2.702156e-01
4.944578e+00	-9.826964e-01	-7.347753e-01	4.500991e-01	2.042674e+00	1.246067e+00	2.694288e-01
4.993567e+00	-9.829762e-01	-7.358493e-01	4.506108e-01	2.042572e+00	1.246147e+00	2.684960e-01
4.889884e+00	-9.825778e-01	-7.360082e-01	4.482315e-01	2.043216e+00	1.246023e+00	2.691961e-01
4.871101e+00	-9.818615e-01	-7.364664e-01	4.470142e-01	2.042527e+00	1.246218e+00	2.683881e-01
4.805646e+00	-9.812817e-01	-7.369496e-01	4.453834e-01	2.043322e+00	1.245413e+00	2.686325e-01
4.768590e+00	-9.812017e-01	-7.374191e-01	4.437215e-01	2.045577e+00	1.244359e+00	2.694075e-01
4.791783e+00	-9.813961e-01	-7.377877e-01	4.428678e-01	2.046806e+00	1.243922e+00	2.683347e-01
4.779826e+00	-9.807127e-01	-7.380915e-01	4.420631e-01	2.047172e+00	1.243439e+00	2.681243e-01
4.826047e+00	-9.802911e-01	-7.380569e-01	4.430277e-01	2.046373e+00	1.244427e+00	2.660602e-01
4.926253e+00	-9.802369e-01	-7.376254e-01	4.435277e-01	2.046752e+00	1.244935e+00	2.643109e-01
4.918897e+00	-9.798311e-01	-7.380138e-01	4.441005e-01	2.046706e+00	1.245211e+00	2.642288e-01
4.780009e+00	-9.795179e-01	-7.385806e-01	4.443002e-01	2.046981e+00	1.245096e+00	2.666072e-01
4.707353e+00	-9.784491e-01	-7.388859e-01	4.449169e-01	2.046893e+00	1.245718e+00	2.679600e-01
4.658753e+00	-9.780943e-01	-7.397009e-01	4.447886e-01	2.047796e+00	1.245813e+00	2.698143e-01
4.669288e+00	-9.787062e-01	-7.408780e-01	4.456025e-01	2.047788e+00	1.245659e+00	2.703929e-01
4.728664e+00	-9.795997e-01	-7.412555e-01	4.475143e-01	2.045840e+00	1.245932e+00	2.688539e-01
4.729112e+00	-9.793328e-01	-7.411923e-01	4.477882e-01	2.045504e+00	1.246146e+00	2.687003e-01
4.682533e+00	-9.781462e-01	-7.405215e-01	4.469637e-01	2.044660e+00	1.245956e+00	2.688558e-01
4.747052e+00	-9.773809e-01	-7.393568e-01	4.470553e-01	2.043911e+00	1.245840e+00	2.668258e-01
4.745553e+00	-9.769915e-01	-7.386022e-01	4.462118e-01	2.043738e+00	1.245793e+00	2.666591e-01
4.667158e+00	-9.774282e-01	-7.387756e-01	4.444552e-01	2.044161e+00	1.245004e+00	2.688033e-01
4.662095e+00	-9.773058e-01	-7.384133e-01	4.434531e-01	2.044593e+00	1.244296e+00	2.697704e-01
4.666718e+00	-9.772785e-01	-7.379866e-01	4.431569e-01	2.044938e+00	1.244295e+00	2.700332e-01
4.692722e+00	-9.779419e-01	-7.374537e-01	4.438026e-01	2.044908e+00	1.244634e+00	2.691313e-01
4.881432e+00	-9.789009e-01	-7.364193e-01	4.456841e-01	2.042782e+00	1.245113e+00	2.658109e-01
5.029949e+00	-9.795068e-01	-7.361860e-01	4.477767e-01	2.042602e+00	1.246178e+00	2.646655e-01
