# loss | a0 ... a6
1.648831e+03	-2.037037e-01	4.166667e-01	-1.583057e+00	2.555556e+00	1.500000e+00	-6.774964e-01
1.538215e+03	-3.620370e-01	2.583333e-01	-1.424724e+00	2.397222e+00	1.658333e+00	-8.358298e-01
1.289667e+03	-5.705299e-01	5.048057e-02	-1.216160e+00	2.207698e+00	1.670825e+00	-1.018561e+00
7.538501e+02	-6.909683e-01	-1.942495e-01	-1.109774e+00	2.147818e+00	1.549623e+00	-1.045488e+00
2.530638e+02	-7.646281e-01	-4.376000e-01	-9.951475e-01	1.993822e+00	1.369636e+00	-1.120089e+00
4.882278e+01	-8.555107e-01	-6.385305e-01	-8.549759e-01	1.890195e+00	1.248088e+00	-1.172311e+00
7.232479e+01	-9.595128e-01	-8.323594e-01	-7.133247e-01	1.807782e+00	1.136306e+00	-1.220776e+00
2.755364e+02	-1.057615e+00	-1.001401e+00	-5.789120e-01	1.744774e+00	1.074336e+00	-1.254158e+00
4.170965e+02	-1.084531e+00	-1.082291e+00	-5.416852e-01	1.702313e+00	1.044029e+00	-1.261187e+00
3.728092e+02	-1.052571e+00	-1.076950e+00	-5.763325e-01	1.695491e+00	1.053940e+00	-1.240536e+00
2.559892e+02	-9.984022e-01	-1.009290e+00	-6.266064e-01	1.703556e+00	1.071923e+00	-1.234265e+00
1.472432e+02	-9.538144e-01	-9.418094e-01	-6.571918e-01	1.699906e+00	1.125215e+00	-1.230316e+00
7.571983e+01	-8.802831e-01	-8.501117e-01	-6.987969e-01	1.695230e+00	1.179697e+00	-1.231673e+00
6.334758e+01	-8.223053e-01	-7.661279e-01	-7.288400e-01	1.703647e+00	1.236834e+00	-1.231011e+00
8.871785e+01	-7.803083e-01	-6.874020e-01	-7.565819e-01	1.721292e+00	1.282209e+00	-1.228223e+00
1.232106e+02	-7.723933e-01	-6.231637e-01	-7.678328e-01	1.737075e+00	1.323492e+00	-1.226648e+00
1.415048e+02	-7.824461e-01	-5.796585e-01	-7.834675e-01	1.772284e+00	1.344496e+00	-1.215038e+00
1.348640e+02	-7.903797e-01	-5.540838e-01	-8.007865e-01	1.817545e+00	1.332469e+00	-1.193634e+00
1.082546e+02	-8.264355e-01	-5.527814e-01	-7.897757e-01	1.858282e+00	1.321839e+00	-1.174550e+00
8.202883e+01	-8.594384e-01	-5.558932e-01	-7.856075e-01	1.907008e+00	1.305502e+00	-1.153005e+00
5.060774e+01	-9.052013e-01	-5.748587e-01	-7.711321e-01	1.950961e+00	1.284582e+00	-1.129718e+00
2.315242e+01	-9.563683e-01	-6.109266e-01	-7.320926e-01	1.986752e+00	1.262580e+00	-1.114290e+00
1.316536e+01	-1.007440e+00	-6.491126e-01	-6.934740e-01	2.018401e+00	1.241968e+00	-1.099658e+00
1.961832e+01	-1.049439e+00	-6.834245e-01	-6.581573e-01	2.042684e+00	1.222765e+00	-1.090343e+00
3.638093e+01	-1.080918e+00	-7.139306e-01	-6.235807e-01	2.062372e+00	1.207358e+00	-1.085920e+00
5.295779e+01	-1.106149e+00	-7.314660e-01	-5.961885e-01	2.069612e+00	1.202858e+00	-1.088700e+00
5.473983e+01	-1.097966e+00	-7.386020e-01	-5.858321e-01	2.076129e+00	1.197916e+00	-1.088272e+00
4.681998e+01	-1.079150e+00	-7.309996e-01	-5.950100e-01	2.080517e+00	1.190648e+00	-1.091492e+00
3.771038e+01	-1.056174e+00	-7.235340e-01	-5.986454e-01	2.079762e+00	1.188838e+00	-1.101102e+00
2.807658e+01	-1.024373e+00	-7.099056e-01	-6.154585e-01	2.077359e+00	1.184826e+00	-1.110667e+00
1.833826e+01	-9.909286e-01	-6.898024e-01	-6.309917e-01	2.067533e+00	1.190105e+00	-1.125898e+00
1.353904e+01	-9.606197e-01	-6.695675e-01	-6.452227e-01	2.055041e+00	1.198328e+00	-1.140619e+00
1.285809e+01	-9.326405e-01	-6.495640e-01	-6.545620e-01	2.041304e+00	1.210336e+00	-1.158626e+00
1.599370e+01	-9.103301e-01	-6.308822e-01	-6.597261e-01	2.026606e+00	1.225981e+00	-1.178292e+00
2.119215e+01	-8.944376e-01	-6.184995e-01	-6.589673e-01	2.013104e+00	1.240298e+00	-1.196057e+00
2.694394e+01	-8.813145e-01	-6.115938e-01	-6.537209e-01	2.000215e+00	1.251784e+00	-1.212803e+00
2.968690e+01	-8.754328e-01	-6.122723e-01	-6.502688e-01	1.989261e+00	1.257374e+00	-1.225585e+00
2.812128e+01	-8.813229e-01	-6.209254e-01	-6.398726e-01	1.978907e+00	1.260855e+00	-1.239008e+00
2.464017e+01	-8.859421e-01	-6.318581e-01	-6.317337e-01	1.978334e+00	1.258400e+00	-1.248405e+00
1.934861e+01	-8.942815e-01	-6.475108e-01	-6.219368e-01	1.979522e+00	1.253045e+00	-1.252947e+00
1.432839e+01	-9.028070e-01	-6.647197e-01	-6.162452e-01	1.982102e+00	1.244913e+00	-1.253565e+00
1.074032e+01	-9.114718e-01	-6.823063e-01	-6.130601e-01	1.985553e+00	1.237613e+00	-1.251047e+00
8.518947e+00	-9.241673e-01	-7.009572e-01	-6.100125e-01	1.990867e+00	1.229201e+00	-1.247660e+00
8.382481e+00	-9.349846e-01	-7.167654e-01	-6.095068e-01	1.995568e+00	1.221284e+00	-1.245249e+00
9.031978e+00	-9.424555e-01	-7.285282e-01	-6.129414e-01	2.003006e+00	1.216454e+00	-1.243741e+00
1.006205e+01	-9.475639e-01	-7.380458e-01	-6.169465e-01	2.009928e+00	1.212912e+00	-1.244482e+00
1.030025e+01	-9.502418e-01	-7.413259e-01	-6.299745e-01	2.016723e+00	1.210723e+00	-1.244004e+00
9.949303e+00	-9.492470e-01	-7.419925e-01	-6.448847e-01	2.023725e+00	1.210732e+00	-1.243116e+00
8.954924e+00	-9.497021e-01	-7.410374e-01	-6.562658e-01	2.030429e+00	1.215028e+00	-1.243030e+00
7.435830e+00	-9.488747e-01	-7.367188e-01	-6.672882e-01	2.036609e+00	1.222445e+00	-1.244271e+00
6.566774e+00	-9.495694e-01	-7.337426e-01	-6.773195e-01	2.043164e+00	1.228824e+00	-1.245212e+00
5.920894e+00	-9.478272e-01	-7.279598e-01	-6.905812e-01	2.048805e+00	1.233664e+00	-1.247485e+00
5.540434e+00	-9.460412e-01	-7.208913e-01	-7.029189e-01	2.051247e+00	1.241191e+00	-1.251904e+00
5.813207e+00	-9.441714e-01	-7.139499e-01	-7.143655e-01	2.053210e+00	1.248340e+00	-1.255886e+00
6.359257e+00	-9.452751e-01	-7.097038e-01	-7.254844e-01	2.055128e+00	1.254336e+00	-1.258650e+00
6.920906e+00	-9.454828e-01	-7.063923e-01	-7.360374e-01	2.057535e+00	1.257723e+00	-1.260969e+00
7.310494e+00	-9.444895e-01	-7.032263e-01	-7.455874e-01	2.057644e+00	1.258512e+00	-1.267418e+00
7.278619e+00	-9.459345e-01	-7.022550e-01	-7.537727e-01	2.056994e+00	1.257485e+00	-1.275501e+00
7.061001e+00	-9.474485e-01	-7.014638e-01	-7.612861e-01	2.055537e+00	1.254135e+00	-1.283737e+00
6.654815e+00	-9.505546e-01	-7.027296e-01	-7.659347e-01	2.053895e+00	1.250678e+00	-1.291332e+00
6.100175e+00	-9.517737e-01	-7.070776e-01	-7.702993e-01	2.053253e+00	1.246138e+00	-1.296165e+00
5.618304e+00	-9.542197e-01	-7.124190e-01	-7.728686e-01	2.053158e+00	1.241764e+00	-1.300322e+00
5.298031e+00	-9.570942e-01	-7.184779e-01	-7.740937e-01	2.053383e+00	1.237650e+00	-1.303330e+00
5.155789e+00	-9.583942e-01	-7.240116e-01	-7.743917e-01	2.052850e+00	1.235454e+00	-1.307533e+00
5.148626e+00	-9.602282e-01	-7.309397e-01	-7.753972e-01	2.052307e+00	1.232727e+00	-1.310906e+00
5.088284e+00	-9.617395e-01	-7.372017e-01	-7.758259e-01	2.050621e+00	1.232836e+00	-1.314729e+00
5.011658e+00	-9.626420e-01	-7.429232e-01	-7.775672e-01	2.050346e+00	1.234355e+00	-1.316989e+00
4.960708e+00	-9.619718e-01	-7.479768e-01	-7.797801e-01	2.049701e+00	1.236149e+00	-1.319301e+00
4.903661e+00	-9.612943e-01	-7.504257e-01	-7.823190e-01	2.049760e+00	1.237757e+00	-1.321711e+00
4.752806e+00	-9.596580e-01	-7.517592e-01	-7.863889e-01	2.051114e+00	1.240990e+00	-1.321932e+00
4.671635e+00	-9.591094e-01	-7.520201e-01	-7.892604e-01	2.052170e+00	1.243296e+00	-1.323276e+00
4.630147e+00	-9.572089e-01	-7.520631e-01	-7.927345e-01	2.054047e+00	1.245328e+00	-1.323766e+00
4.606738e+00	-9.558283e-01	-7.513218e-01	-7.966322e-01	2.054410e+00	1.248126e+00	-1.325495e+00
4.647759e+00	-9.540047e-01	-7.502923e-01	-8.011676e-01	2.055254e+00	1.250700e+00	-1.325501e+00
4.734325e+00	-9.527708e-01	-7.492970e-01	-8.065917e-01	2.056018e+00	1.253022e+00	-1.325435e+00
4.815534e+00	-9.513213e-01	-7.483327e-01	-8.113618e-01	2.055690e+00	1.253529e+00	-1.327102e+00
4.890577e+00	-9.510615e-01	-7.464887e-01	-8.149569e-01	2.056476e+00	1.253725e+00	-1.328825e+00
4.916758e+00	-9.516054e-01	-7.456242e-01	-8.174324e-01	2.058295e+00	1.253507e+00	-1.330277e+00
4.868553e+00	-9.531124e-01	-7.457911e-01	-8.194368e-01	2.059919e+00	1.252310e+00	-1.332952e+00
4.824874e+00	-9.543745e-01	-7.463896e-01	-8.215818e-01	2.061849e+00	1.250719e+00	-1.333762e+00
4.795950e+00	-9.564215e-01	-7.456829e-01	-8.230017e-01	2.062776e+00	1.249026e+00	-1.334803e+00
4.756547e+00	-9.599003e-01	-7.439907e-01	-8.223977e-01	2.061994e+00	1.248199e+00	-1.337507e+00
4.780103e+00	-9.617359e-01	-7.426954e-01	-8.228393e-01	2.062290e+00	1.246493e+00	-1.339013e+00
4.820877e+00	-9.621423e-01	-7.421638e-01	-8.231369e-01	2.063341e+00	1.245197e+00	-1.339984e+00
4.800193e+00	-9.641394e-01	-7.431696e-01	-8.230113e-01	2.064428e+00	1.244164e+00	-1.339857e+00
4.806578e+00	-9.663765e-01	-7.434418e-01	-8.226089e-01	2.065681e+00	1.243209e+00	-1.338946e+00
4.801841e+00	-9.695176e-01	-7.446609e-01	-8.223952e-01	2.067443e+00	1.242952e+00	-1.337188e+00
4.822692e+00	-9.692637e-01	-7.462772e-01	-8.223421e-01	2.068556e+00	1.242348e+00	-1.335754e+00
4.759248e+00	-9.692707e-01	-7.474573e-01	-8.213427e-01	2.068285e+00	1.243793e+00	-1.336168e+00
4.706865e+00	-9.676833e-01	-7.490953e-01	-8.205109e-01	2.067918e+00	1.245237e+00	-1.336461e+00
4.672750e+00	-9.677932e-01	-7.490153e-01	-8.197493e-01	2.067610e+00	1.247053e+00	-1.336612e+00
4.665311e+00	-9.675289e-01	-7.491564e-01	-8.190760e-01	2.067158e+00	1.249042e+00	-1.337888e+00
4.661909e+00	-9.656978e-01	-7.495705e-01	-8.189680e-01	2.066042e+00	1.250319e+00	-1.338587e+00
4.713557e+00	-9.642367e-01	-7.485835e-01	-8.190449e-01	2.064407e+00	1.252458e+00	-1.340171e+00
4.777344e+00	-9.630634e-01	-7.481328e-01	-8.189354e-01	2.062071e+00	1.254149e+00	-1.341030e+00
4.752081e+00	-9.604083e-01	-7.487630e-01	-8.200802e-01	2.061526e+00	1.253682e+00	-1.339671e+00
4.726048e+00	-9.581747e-01	-7.496079e-01	-8.209669e-01	2.061653e+00	1.252046e+00	-1.339481e+00
4.767877e+00	-9.551553e-01	-7.505866e-01	-8.215801e-01	2.061493e+00	1.251508e+00	-1.339679e+00
4.783897e+00	-9.535170e-01	-7.525824e-01	-8.226160e-01	2.061468e+00	1.248791e+00	-1.338719e+00
4.863768e+00	-9.524175e-01	-7.545227e-01	-8.232445e-01	2.061415e+00	1.246085e+00	-1.338285e+00
4.926487e+00	-9.527832e-01	-7.542960e-01	-8.230815e-01	2.061961e+00	1.244041e+00	-1.337930e+00
4.997686e+00	-9.544158e-01	-7.549038e-01	-8.226984e-01	2.062202e+00	1.241612e+00	-1.338477e+00
4.887491e+00	-9.576688e-01	-7.535031e-01	-8.200071e-01	2.060651e+00	1.241400e+00	-1.341484e+00
4.802933e+00	-9.601521e-01	-7.515454e-01	-8.186431e-01	2.060445e+00	1.242191e+00	-1.343369e+00
4.730610e+00	-9.614016e-01	-7.499423e-01	-8.176985e-01	2.061031e+00	1.243773e+00	-1.342919e+00
4.695454e+00	-9.637146e-01	-7.473993e-01	-8.167437e-01	2.061538e+00	1.245339e+00	-1.342819e+00
4.723070e+00	-9.659576e-01	-7.449857e-01	-8.153277e-01	2.061825e+00	1.247754e+00	-1.343726e+00
4.776705e+00	-9.677881e-01	-7.432096e-01	-8.147623e-01	2.062860e+00	1.249257e+00	-1.343110e+00
4.781596e+00	-9.669563e-01	-7.426682e-01	-8.148593e-01	2.063854e+00	1.249849e+00	-1.341744e+00
