# loss | a0 ... a6
2.724554e+03	-2.462963e+00	-2.766667e+00	-4.746508e-01	1.807407e+00	7.296296e-01	-2.169861e+00
3.295670e+03	-2.617963e+00	-2.611667e+00	-3.196508e-01	1.652407e+00	8.846296e-01	-2.014861e+00
4.703456e+03	-2.778427e+00	-2.446066e+00	-1.466275e-01	1.591947e+00	1.059984e+00	-2.027923e+00
7.457682e+03	-2.981167e+00	-2.243614e+00	5.305616e-02	1.537480e+00	1.218205e+00	-2.046343e+00
5.463089e+03	-2.829098e+00	-2.383502e+00	-5.250879e-02	1.584893e+00	1.402740e+00	-1.893226e+00
4.234795e+03	-2.723328e+00	-2.488881e+00	-1.460751e-01	1.685688e+00	1.498221e+00	-1.748854e+00
3.123794e+03	-2.612921e+00	-2.614803e+00	-2.691075e-01	1.781352e+00	1.584405e+00	-1.618834e+00
2.400421e+03	-2.513771e+00	-2.726491e+00	-3.736399e-01	1.876893e+00	1.642939e+00	-1.458079e+00
1.833701e+03	-2.399186e+00	-2.868971e+00	-5.104867e-01	1.955389e+00	1.685825e+00	-1.345639e+00
1.569561e+03	-2.311412e+00	-2.974854e+00	-6.039076e-01	2.051385e+00	1.680291e+00	-1.217210e+00
1.409094e+03	-2.224674e+00	-3.091542e+00	-7.186568e-01	2.110300e+00	1.652661e+00	-1.119215e+00
1.335495e+03	-2.146727e+00	-3.195447e+00	-8.179547e-01	2.157401e+00	1.607964e+00	-1.036418e+00
1.288868e+03	-2.076853e+00	-3.287182e+00	-9.027347e-01	2.162825e+00	1.555550e+00	-9.895871e-01
1.234611e+03	-2.019616e+00	-3.362324e+00	-9.721727e-01	2.132636e+00	1.502390e+00	-1.007310e+00
1.180418e+03	-1.968077e+00	-3.429985e+00	-1.034698e+00	2.091007e+00	1.442622e+00	-1.043729e+00
1.142732e+03	-1.921735e+00	-3.490518e+00	-1.090087e+00	2.053077e+00	1.388262e+00	-1.088875e+00
1.120390e+03	-1.880041e+00	-3.544726e+00	-1.139051e+00	2.015321e+00	1.337322e+00	-1.133811e+00
1.108992e+03	-1.844801e+00	-3.590544e+00	-1.180436e+00	1.984915e+00	1.295446e+00	-1.186444e+00
1.102503e+03	-1.813113e+00	-3.631492e+00	-1.216933e+00	1.953840e+00	1.262054e+00	-1.251156e+00
1.103261e+03	-1.784579e+00	-3.668358e+00	-1.249781e+00	1.923144e+00	1.233143e+00	-1.315296e+00
1.103536e+03	-1.758890e+00	-3.701521e+00	-1.279247e+00	1.892844e+00	1.217561e+00	-1.386652e+00
1.104615e+03	-1.736765e+00	-3.729972e+00	-1.304297e+00	1.868466e+00	1.210225e+00	-1.467109e+00
1.105776e+03	-1.716844e+00	-3.755577e+00	-1.326808e+00	1.857138e+00	1.210815e+00	-1.530674e+00
1.106673e+03	-1.698907e+00	-3.778633e+00	-1.347077e+00	1.854344e+00	1.215342e+00	-1.583384e+00
1.109149e+03	-1.682755e+00	-3.799394e+00	-1.365327e+00	1.851360e+00	1.221585e+00	-1.633024e+00
1.108690e+03	-1.668649e+00	-3.817524e+00	-1.381265e+00	1.856888e+00	1.233105e+00	-1.664795e+00
1.109535e+03	-1.655948e+00	-3.833849e+00	-1.395615e+00	1.865838e+00	1.246949e+00	-1.699394e+00
1.110904e+03	-1.644515e+00	-3.848516e+00	-1.408440e+00	1.880622e+00	1.257036e+00	-1.730355e+00
1.110473e+03	-1.634219e+00	-3.861722e+00	-1.419987e+00	1.900630e+00	1.267617e+00	-1.749220e+00
1.110659e+03	-1.625146e+00	-3.873343e+00	-1.430105e+00	1.921609e+00	1.280039e+00	-1.764374e+00
1.112307e+03	-1.616976e+00	-3.883805e+00	-1.439211e+00	1.944426e+00	1.297333e+00	-1.774327e+00
1.110139e+03	-1.609619e+00	-3.893226e+00	-1.447410e+00	1.973168e+00	1.305488e+00	-1.775145e+00
1.103125e+03	-1.602995e+00	-3.901710e+00	-1.454793e+00	2.004527e+00	1.305101e+00	-1.764028e+00
1.098167e+03	-1.597114e+00	-3.909240e+00	-1.461345e+00	2.034667e+00	1.308156e+00	-1.752151e+00
1.092865e+03	-1.591819e+00	-3.916020e+00	-1.467244e+00	2.061528e+00	1.308290e+00	-1.737191e+00
1.083931e+03	-1.587051e+00	-3.922126e+00	-1.472556e+00	2.093862e+00	1.299360e+00	-1.712022e+00
1.077930e+03	-1.582758e+00	-3.927614e+00	-1.477312e+00	2.121762e+00	1.291345e+00	-1.687708e+00
1.074589e+03	-1.578927e+00	-3.932512e+00	-1.481554e+00	2.144597e+00	1.283592e+00	-1.668885e+00
1.072744e+03	-1.575478e+00	-3.936922e+00	-1.485374e+00	2.163058e+00	1.273569e+00	-1.647687e+00
1.072722e+03	-1.572373e+00	-3.940886e+00	-1.488792e+00	2.180430e+00	1.265878e+00	-1.626580e+00
1.074005e+03	-1.569576e+00	-3.944455e+00	-1.491869e+00	2.196440e+00	1.259915e+00	-1.605550e+00
1.076202e+03	-1.567070e+00	-3.947653e+00	-1.494627e+00	2.203191e+00	1.252955e+00	-1.586207e+00
1.077562e+03	-1.564814e+00	-3.950534e+00	-1.497110e+00	2.208154e+00	1.250380e+00	-1.577179e+00
1.078697e+03	-1.562782e+00	-3.953127e+00	-1.499345e+00	2.213620e+00	1.249628e+00	-1.567831e+00
1.078261e+03	-1.560953e+00	-3.955456e+00	-1.501340e+00	2.214641e+00	1.252584e+00	-1.563632e+00
1.076395e+03	-1.559308e+00	-3.957550e+00	-1.503133e+00	2.214387e+00	1.259781e+00	-1.568026e+00
1.074705e+03	-1.557828e+00	-3.959431e+00	-1.504732e+00	2.208148e+00	1.266317e+00	-1.572299e+00
1.073358e+03	-1.556495e+00	-3.961124e+00	-1.506171e+00	2.200212e+00	1.273996e+00	-1.575689e+00
1.072544e+03	-1.555295e+00	-3.962648e+00	-1.507466e+00	2.190426e+00	1.278330e+00	-1.581245e+00
1.071963e+03	-1.554213e+00	-3.964022e+00	-1.508633e+00	2.178394e+00	1.280251e+00	-1.586942e+00
1.071792e+03	-1.553239e+00	-3.965260e+00	-1.509684e+00	2.166044e+00	1.285416e+00	-1.597125e+00
1.072097e+03	-1.552362e+00	-3.966374e+00	-1.510630e+00	2.156407e+00	1.289416e+00	-1.605762e+00
1.072348e+03	-1.551572e+00	-3.967372e+00	-1.511467e+00	2.143627e+00	1.291109e+00	-1.610593e+00
1.073123e+03	-1.550859e+00	-3.968274e+00	-1.512223e+00	2.131958e+00	1.294653e+00	-1.616540e+00
1.074279e+03	-1.550217e+00	-3.969082e+00	-1.512890e+00	2.118082e+00	1.297843e+00	-1.623911e+00
1.073710e+03	-1.549639e+00	-3.969809e+00	-1.513490e+00	2.109423e+00	1.294649e+00	-1.619644e+00
1.073588e+03	-1.549119e+00	-3.970463e+00	-1.514030e+00	2.099529e+00	1.292120e+00	-1.618761e+00
1.073820e+03	-1.548648e+00	-3.971051e+00	-1.514505e+00	2.091145e+00	1.291514e+00	-1.618909e+00
1.072840e+03	-1.548225e+00	-3.971580e+00	-1.514932e+00	2.084388e+00	1.285176e+00	-1.608686e+00
1.072328e+03	-1.547843e+00	-3.972057e+00	-1.515317e+00	2.078694e+00	1.278095e+00	-1.600468e+00
1.072432e+03	-1.547500e+00	-3.972486e+00	-1.515663e+00	2.072906e+00	1.274842e+00	-1.597934e+00
1.072417e+03	-1.547189e+00	-3.972875e+00	-1.515977e+00	2.067358e+00	1.274764e+00	-1.591141e+00
1.072397e+03	-1.546909e+00	-3.973220e+00	-1.516246e+00	2.064095e+00	1.274152e+00	-1.586175e+00
1.072487e+03	-1.546657e+00	-3.973531e+00	-1.516487e+00	2.060543e+00	1.274369e+00	-1.584156e+00
1.072538e+03	-1.546430e+00	-3.973812e+00	-1.516704e+00	2.058827e+00	1.273094e+00	-1.582472e+00
1.072663e+03	-1.546224e+00	-3.974066e+00	-1.516902e+00	2.058310e+00	1.273563e+00	-1.585946e+00
1.073033e+03	-1.546039e+00	-3.974295e+00	-1.517079e+00	2.055698e+00	1.276270e+00	-1.592710e+00
1.073005e+03	-1.545872e+00	-3.974496e+00	-1.517225e+00	2.055900e+00	1.273758e+00	-1.592112e+00
1.072755e+03	-1.545722e+00	-3.974678e+00	-1.517356e+00	2.057972e+00	1.274061e+00	-1.588330e+00
1.072499e+03	-1.545586e+00	-3.974842e+00	-1.517476e+00	2.060042e+00	1.275376e+00	-1.584145e+00
1.072182e+03	-1.545464e+00	-3.974991e+00	-1.517582e+00	2.063426e+00	1.278325e+00	-1.578617e+00
1.071657e+03	-1.545353e+00	-3.975124e+00	-1.517679e+00	2.070820e+00	1.277592e+00	-1.568696e+00
1.071542e+03	-1.545254e+00	-3.975240e+00	-1.517752e+00	2.073505e+00	1.278705e+00	-1.567116e+00
1.071723e+03	-1.545164e+00	-3.975345e+00	-1.517818e+00	2.076263e+00	1.283073e+00	-1.574990e+00
1.072177e+03	-1.545083e+00	-3.975440e+00	-1.517878e+00	2.077322e+00	1.288510e+00	-1.579738e+00
1.071966e+03	-1.545010e+00	-3.975525e+00	-1.517932e+00	2.080011e+00	1.288060e+00	-1.577097e+00
1.071792e+03	-1.544945e+00	-3.975598e+00	-1.517966e+00	2.082432e+00	1.287660e+00	-1.574722e+00
1.071644e+03	-1.544886e+00	-3.975659e+00	-1.517984e+00	2.081914e+00	1.285599e+00	-1.573755e+00
1.071274e+03	-1.544833e+00	-3.975714e+00	-1.518000e+00	2.084295e+00	1.280352e+00	-1.567932e+00
1.071226e+03	-1.544786e+00	-3.975764e+00	-1.518015e+00	2.086368e+00	1.279799e+00	-1.568339e+00
1.071170e+03	-1.544743e+00	-3.975809e+00	-1.518027e+00	2.088449e+00	1.279915e+00	-1.567390e+00
1.071159e+03	-1.544703e+00	-3.975849e+00	-1.518038e+00	2.091253e+00	1.282789e+00	-1.566631e+00
1.071596e+03	-1.544668e+00	-3.975886e+00	-1.518048e+00	2.092656e+00	1.288660e+00	-1.574193e+00
1.071896e+03	-1.544637e+00	-3.975919e+00	-1.518057e+00	2.091121e+00	1.290335e+00	-1.578598e+00
1.071676e+03	-1.544608e+00	-3.975944e+00	-1.518051e+00	2.092278e+00	1.288653e+00	-1.577121e+00
1.071539e+03	-1.544583e+00	-3.975966e+00	-1.518045e+00	2.094736e+00	1.287235e+00	-1.578165e+00
1.071678e+03	-1.544560e+00	-3.975982e+00	-1.518026e+00	2.097312e+00	1.288619e+00	-1.581445e+00
1.071846e+03	-1.544540e+00	-3.975997e+00	-1.518008e+00	2.099902e+00	1.290659e+00	-1.582609e+00
1.071494e+03	-1.544522e+00	-3.976009e+00	-1.517992e+00	2.099203e+00	1.287158e+00	-1.580273e+00
1.071143e+03	-1.544505e+00	-3.976021e+00	-1.517977e+00	2.099319e+00	1.282413e+00	-1.575406e+00
1.071118e+03	-1.544490e+00	-3.976031e+00	-1.517963e+00	2.095794e+00	1.275449e+00	-1.571232e+00
1.071354e+03	-1.544476e+00	-3.976040e+00	-1.517951e+00	2.093380e+00	1.270737e+00	-1.570488e+00
1.071404e+03	-1.544465e+00	-3.976044e+00	-1.517926e+00	2.092126e+00	1.270254e+00	-1.570369e+00
1.071514e+03	-1.544454e+00	-3.976048e+00	-1.517903e+00	2.090009e+00	1.269204e+00	-1.570579e+00
1.071544e+03	-1.544444e+00	-3.976051e+00	-1.517881e+00	2.089740e+00	1.268638e+00	-1.567611e+00
1.071490e+03	-1.544436e+00	-3.976049e+00	-1.517848e+00	2.089806e+00	1.269510e+00	-1.569790e+00
1.071379e+03	-1.544429e+00	-3.976047e+00	-1.517818e+00	2.087975e+00	1.272720e+00	-1.573398e+00
1.071579e+03	-1.544422e+00	-3.976045e+00	-1.517790e+00	2.084509e+00	1.277904e+00	-1.583996e+00
1.072073e+03	-1.544416e+00	-3.976043e+00	-1.517765e+00	2.081291e+00	1.283777e+00	-1.590482e+00
1.072523e+03	-1.544411e+00	-3.976037e+00	-1.517727e+00	2.080539e+00	1.287521e+00	-1.594226e+00
1.072673e+03	-1.544407e+00	-3.976032e+00	-1.517694e+00	2.080738e+00	1.289080e+00	-1.594453e+00
