# loss | a0 ... a6
4.655903e+03	-1.307407e+00	-2.116667e+00	-1.981504e+00	2.770370e+00	5.370370e-01	-1.604791e+00
3.729844e+03	-1.457407e+00	-1.966667e+00	-1.831504e+00	2.620370e+00	6.870370e-01	-1.754791e+00
2.361301e+03	-1.307513e+00	-2.115526e+00	-1.665674e+00	2.493047e+00	8.594727e-01	-1.831415e+00
1.384202e+03	-1.159993e+00	-2.283838e+00	-1.711628e+00	2.334785e+00	1.074957e+00	-1.987545e+00
1.141878e+03	-9.632505e-01	-2.496716e+00	-1.862007e+00	2.184454e+00	1.289418e+00	-2.142204e+00
1.298361e+03	-8.187310e-01	-2.662908e+00	-2.005855e+00	2.088651e+00	1.417701e+00	-2.226965e+00
1.531431e+03	-6.885996e-01	-2.812547e+00	-2.135321e+00	2.002732e+00	1.533593e+00	-2.302153e+00
1.763870e+03	-5.718030e-01	-2.945715e+00	-2.244873e+00	1.924832e+00	1.636810e+00	-2.370794e+00
1.942640e+03	-4.666335e-01	-3.065626e+00	-2.343519e+00	1.857410e+00	1.717228e+00	-2.412234e+00
2.002023e+03	-3.853792e-01	-3.158172e+00	-2.419128e+00	1.819987e+00	1.745976e+00	-2.417224e+00
2.032484e+03	-3.122144e-01	-3.241502e+00	-2.487196e+00	1.774298e+00	1.759876e+00	-2.426273e+00
2.027803e+03	-2.463331e-01	-3.316537e+00	-2.548488e+00	1.743674e+00	1.757913e+00	-2.421732e+00
2.023217e+03	-1.870103e-01	-3.384102e+00	-2.603679e+00	1.716156e+00	1.755844e+00	-2.416961e+00
1.998510e+03	-1.384167e-01	-3.439447e+00	-2.648887e+00	1.702888e+00	1.743970e+00	-2.407370e+00
1.923172e+03	-9.466054e-02	-3.489283e+00	-2.689595e+00	1.703426e+00	1.709216e+00	-2.375799e+00
1.833807e+03	-5.526030e-02	-3.534157e+00	-2.726251e+00	1.698138e+00	1.666620e+00	-2.342650e+00
1.752543e+03	-1.978234e-02	-3.574565e+00	-2.759257e+00	1.693606e+00	1.627296e+00	-2.310738e+00
1.667099e+03	1.020462e-02	-3.608718e+00	-2.787155e+00	1.692493e+00	1.586033e+00	-2.271290e+00
1.591486e+03	3.720640e-02	-3.639471e+00	-2.812276e+00	1.690614e+00	1.547429e+00	-2.236244e+00
1.505830e+03	6.152015e-02	-3.667163e+00	-2.834896e+00	1.701297e+00	1.501764e+00	-2.199018e+00
1.426314e+03	8.341348e-02	-3.692098e+00	-2.855264e+00	1.713974e+00	1.457168e+00	-2.157464e+00
1.354826e+03	1.022827e-01	-3.713589e+00	-2.872819e+00	1.733695e+00	1.413416e+00	-2.118475e+00
1.298593e+03	1.192735e-01	-3.732941e+00	-2.888626e+00	1.751462e+00	1.374067e+00	-2.083285e+00
1.246849e+03	1.345729e-01	-3.750366e+00	-2.902859e+00	1.772561e+00	1.335343e+00	-2.036823e+00
1.197647e+03	1.483492e-01	-3.766056e+00	-2.915676e+00	1.804061e+00	1.289956e+00	-1.982559e+00
1.168281e+03	1.603801e-01	-3.779758e+00	-2.926869e+00	1.831626e+00	1.250618e+00	-1.934855e+00
1.153902e+03	1.712133e-01	-3.792097e+00	-2.936947e+00	1.856448e+00	1.215196e+00	-1.891899e+00
1.144428e+03	1.809681e-01	-3.803207e+00	-2.946023e+00	1.887169e+00	1.190233e+00	-1.841546e+00
1.144019e+03	1.897519e-01	-3.813211e+00	-2.954194e+00	1.922970e+00	1.164464e+00	-1.793090e+00
1.144372e+03	1.974952e-01	-3.822030e+00	-2.961398e+00	1.963686e+00	1.149276e+00	-1.745580e+00
1.148122e+03	2.044677e-01	-3.829972e+00	-2.967885e+00	1.998212e+00	1.138699e+00	-1.707357e+00
1.154867e+03	2.107461e-01	-3.837122e+00	-2.973726e+00	2.029286e+00	1.129739e+00	-1.673465e+00
1.156326e+03	2.163995e-01	-3.843561e+00	-2.978986e+00	2.057466e+00	1.128347e+00	-1.644428e+00
1.156571e+03	2.214183e-01	-3.849277e+00	-2.983655e+00	2.084041e+00	1.129378e+00	-1.620741e+00
1.149415e+03	2.259374e-01	-3.854424e+00	-2.987859e+00	2.103217e+00	1.136885e+00	-1.608383e+00
1.135635e+03	2.300066e-01	-3.859059e+00	-2.991645e+00	2.123036e+00	1.150946e+00	-1.601171e+00
1.116738e+03	2.336707e-01	-3.863232e+00	-2.995054e+00	2.136577e+00	1.171931e+00	-1.594972e+00
1.098833e+03	2.369409e-01	-3.866957e+00	-2.998096e+00	2.146393e+00	1.195397e+00	-1.598263e+00
1.083827e+03	2.398855e-01	-3.870310e+00	-3.000836e+00	2.153729e+00	1.222221e+00	-1.602049e+00
1.074966e+03	2.425370e-01	-3.873330e+00	-3.003302e+00	2.160064e+00	1.248307e+00	-1.608321e+00
1.071852e+03	2.449245e-01	-3.876049e+00	-3.005524e+00	2.162909e+00	1.271765e+00	-1.612942e+00
1.073183e+03	2.470642e-01	-3.878486e+00	-3.007514e+00	2.165093e+00	1.293831e+00	-1.619580e+00
1.076999e+03	2.489909e-01	-3.880681e+00	-3.009307e+00	2.165226e+00	1.311459e+00	-1.621611e+00
1.081155e+03	2.507258e-01	-3.882657e+00	-3.010921e+00	2.164961e+00	1.323627e+00	-1.624381e+00
1.085099e+03	2.522879e-01	-3.884436e+00	-3.012374e+00	2.165584e+00	1.333296e+00	-1.623541e+00
1.086162e+03	2.536925e-01	-3.886036e+00	-3.013681e+00	2.162618e+00	1.336263e+00	-1.619416e+00
1.086402e+03	2.549573e-01	-3.887476e+00	-3.014857e+00	2.160561e+00	1.337636e+00	-1.613531e+00
1.087036e+03	2.560962e-01	-3.888773e+00	-3.015917e+00	2.158483e+00	1.339543e+00	-1.609437e+00
1.085767e+03	2.571217e-01	-3.889941e+00	-3.016871e+00	2.158781e+00	1.337849e+00	-1.601918e+00
1.083826e+03	2.580461e-01	-3.890994e+00	-3.017731e+00	2.154933e+00	1.334281e+00	-1.596664e+00
1.080140e+03	2.588786e-01	-3.891942e+00	-3.018506e+00	2.150975e+00	1.326526e+00	-1.585496e+00
1.076507e+03	2.596282e-01	-3.892796e+00	-3.019203e+00	2.150528e+00	1.316643e+00	-1.573202e+00
1.074381e+03	2.603031e-01	-3.893565e+00	-3.019831e+00	2.150008e+00	1.308860e+00	-1.563437e+00
1.073179e+03	2.609129e-01	-3.894259e+00	-3.020398e+00	2.149355e+00	1.302814e+00	-1.556622e+00
1.072292e+03	2.614620e-01	-3.894884e+00	-3.020909e+00	2.150142e+00	1.295589e+00	-1.548192e+00
1.071903e+03	2.619564e-01	-3.895448e+00	-3.021369e+00	2.147398e+00	1.290230e+00	-1.541910e+00
1.071782e+03	2.624016e-01	-3.895955e+00	-3.021783e+00	2.144430e+00	1.282671e+00	-1.536416e+00
1.072112e+03	2.628044e-01	-3.896413e+00	-3.022158e+00	2.142670e+00	1.276720e+00	-1.531227e+00
1.072826e+03	2.631672e-01	-3.896827e+00	-3.022495e+00	2.137374e+00	1.269210e+00	-1.526349e+00
1.073636e+03	2.634939e-01	-3.897199e+00	-3.022799e+00	2.132406e+00	1.263197e+00	-1.524327e+00
1.074067e+03	2.637880e-01	-3.897534e+00	-3.023073e+00	2.127332e+00	1.259490e+00	-1.525959e+00
1.074044e+03	2.640546e-01	-3.897837e+00	-3.023321e+00	2.123305e+00	1.258235e+00	-1.529101e+00
1.073660e+03	2.642946e-01	-3.898111e+00	-3.023544e+00	2.119421e+00	1.258706e+00	-1.533337e+00
1.073418e+03	2.645108e-01	-3.898357e+00	-3.023745e+00	2.115174e+00	1.258676e+00	-1.537402e+00
1.072944e+03	2.647054e-01	-3.898579e+00	-3.023926e+00	2.108719e+00	1.259491e+00	-1.544569e+00
1.072412e+03	2.648820e-01	-3.898780e+00	-3.024091e+00	2.103776e+00	1.261930e+00	-1.548738e+00
1.072094e+03	2.650410e-01	-3.898961e+00	-3.024239e+00	2.099171e+00	1.263559e+00	-1.553588e+00
1.072005e+03	2.651842e-01	-3.899124e+00	-3.024372e+00	2.096196e+00	1.264013e+00	-1.557219e+00
1.071724e+03	2.653131e-01	-3.899271e+00	-3.024492e+00	2.090641e+00	1.266756e+00	-1.566104e+00
1.071807e+03	2.654302e-01	-3.899404e+00	-3.024601e+00	2.084813e+00	1.267332e+00	-1.571941e+00
1.071799e+03	2.655356e-01	-3.899524e+00	-3.024699e+00	2.079991e+00	1.270554e+00	-1.578875e+00
1.071987e+03	2.656305e-01	-3.899632e+00	-3.024787e+00	2.077009e+00	1.273249e+00	-1.587461e+00
1.072281e+03	2.657160e-01	-3.899730e+00	-3.024867e+00	2.074058e+00	1.275892e+00	-1.594218e+00
1.072752e+03	2.657937e-01	-3.899818e+00	-3.024939e+00	2.071929e+00	1.280684e+00	-1.600945e+00
1.073212e+03	2.658636e-01	-3.899898e+00	-3.025004e+00	2.069784e+00	1.283080e+00	-1.605700e+00
1.073098e+03	2.659266e-01	-3.899969e+00	-3.025063e+00	2.071165e+00	1.281606e+00	-1.606513e+00
1.073113e+03	2.659833e-01	-3.900034e+00	-3.025115e+00	2.071715e+00	1.281143e+00	-1.607806e+00
1.072993e+03	2.660349e-01	-3.900093e+00	-3.025163e+00	2.072743e+00	1.279764e+00	-1.607661e+00
1.073064e+03	2.660814e-01	-3.900146e+00	-3.025207e+00	2.073366e+00	1.279444e+00	-1.609917e+00
1.072811e+03	2.661232e-01	-3.900193e+00	-3.025245e+00	2.076234e+00	1.276803e+00	-1.608967e+00
1.072558e+03	2.661608e-01	-3.900236e+00	-3.025280e+00	2.079092e+00	1.274806e+00	-1.606422e+00
1.072437e+03	2.661951e-01	-3.900275e+00	-3.025312e+00	2.079910e+00	1.272936e+00	-1.603886e+00
1.072314e+03	2.662260e-01	-3.900310e+00	-3.025341e+00	2.082228e+00	1.270131e+00	-1.600655e+00
1.072319e+03	2.662537e-01	-3.900342e+00	-3.025367e+00	2.086427e+00	1.265649e+00	-1.596214e+00
1.072254e+03	2.662788e-01	-3.900371e+00	-3.025390e+00	2.090489e+00	1.264267e+00	-1.592839e+00
