# loss | a0 ... a6
7.627827e+02	-1.350000e+00	-1.200000e+00	3.750000e-01	1.800000e+00	1.175000e+00	4.250000e-01
3.205473e+02	-1.250000e+00	-1.100000e+00	2.750000e-01	1.700000e+00	1.275000e+00	3.250000e-01
2.424850e+02	-1.153539e+00	-1.014579e+00	1.787110e-01	1.622036e+00	1.352492e+00	2.362909e-01
2.748025e+02	-1.071849e+00	-9.193986e-01	2.029247e-01	1.573505e+00	1.405031e+00	1.873505e-01
1.496315e+02	-1.015929e+00	-8.479526e-01	2.526274e-01	1.603023e+00	1.371063e+00	2.401738e-01
9.198261e+01	-9.671132e-01	-7.863769e-01	3.085504e-01	1.629370e+00	1.340227e+00	2.876090e-01
6.970916e+01	-9.256727e-01	-7.296659e-01	3.635209e-01	1.656645e+00	1.311982e+00	3.320110e-01
5.712402e+01	-9.020166e-01	-6.945712e-01	4.206177e-01	1.691617e+00	1.277658e+00	3.691943e-01
5.705709e+01	-8.815757e-01	-6.630204e-01	4.746843e-01	1.720407e+00	1.246117e+00	4.002082e-01
6.332510e+01	-8.670704e-01	-6.348857e-01	5.241117e-01	1.750275e+00	1.216082e+00	4.268530e-01
6.361039e+01	-8.677686e-01	-6.144807e-01	5.744795e-01	1.767309e+00	1.196033e+00	4.391836e-01
6.365330e+01	-8.707594e-01	-5.961756e-01	6.222771e-01	1.780609e+00	1.181101e+00	4.479356e-01
6.296380e+01	-8.770115e-01	-5.804161e-01	6.677631e-01	1.787390e+00	1.168573e+00	4.527524e-01
5.724752e+01	-8.939162e-01	-5.693156e-01	7.119829e-01	1.784814e+00	1.163603e+00	4.481333e-01
5.460468e+01	-9.102412e-01	-5.587233e-01	7.521759e-01	1.783269e+00	1.160985e+00	4.420204e-01
5.559331e+01	-9.266025e-01	-5.487824e-01	7.884875e-01	1.778695e+00	1.160550e+00	4.351761e-01
5.753606e+01	-9.424310e-01	-5.399649e-01	8.168512e-01	1.782185e+00	1.159414e+00	4.274315e-01
6.217904e+01	-9.583249e-01	-5.324483e-01	8.428004e-01	1.784179e+00	1.157893e+00	4.192146e-01
6.781556e+01	-9.727444e-01	-5.262926e-01	8.662068e-01	1.788513e+00	1.157546e+00	4.126054e-01
6.816732e+01	-9.814355e-01	-5.197080e-01	8.804767e-01	1.804474e+00	1.155256e+00	4.098042e-01
6.806662e+01	-9.886005e-01	-5.141410e-01	8.929209e-01	1.820364e+00	1.150504e+00	4.075282e-01
6.653186e+01	-9.953445e-01	-5.099213e-01	9.032695e-01	1.840069e+00	1.144819e+00	4.059553e-01
6.109805e+01	-9.976068e-01	-5.061067e-01	9.084369e-01	1.866891e+00	1.136271e+00	4.076437e-01
5.576795e+01	-9.985231e-01	-5.021151e-01	9.117502e-01	1.893582e+00	1.129963e+00	4.104954e-01
5.108642e+01	-9.984244e-01	-4.977296e-01	9.127500e-01	1.920337e+00	1.122978e+00	4.125939e-01
4.567302e+01	-9.961965e-01	-4.916530e-01	9.101224e-01	1.947919e+00	1.120981e+00	4.154460e-01
4.176741e+01	-9.935398e-01	-4.852856e-01	9.066792e-01	1.971719e+00	1.118816e+00	4.173670e-01
3.886452e+01	-9.913843e-01	-4.795218e-01	9.036239e-01	1.993394e+00	1.117608e+00	4.185882e-01
3.533241e+01	-9.900306e-01	-4.721024e-01	8.991970e-01	2.009214e+00	1.123361e+00	4.179784e-01
3.265713e+01	-9.892123e-01	-4.655453e-01	8.956524e-01	2.022351e+00	1.128473e+00	4.162911e-01
3.044827e+01	-9.882025e-01	-4.589858e-01	8.920621e-01	2.033356e+00	1.133681e+00	4.141395e-01
2.870919e+01	-9.877670e-01	-4.519908e-01	8.877096e-01	2.039912e+00	1.139693e+00	4.102203e-01
2.765015e+01	-9.876757e-01	-4.449833e-01	8.839521e-01	2.043659e+00	1.148394e+00	4.060615e-01
2.731965e+01	-9.878921e-01	-4.393455e-01	8.808953e-01	2.047414e+00	1.154024e+00	4.015547e-01
2.718733e+01	-9.875577e-01	-4.349234e-01	8.778706e-01	2.050671e+00	1.154436e+00	3.963060e-01
2.752985e+01	-9.886039e-01	-4.311565e-01	8.752344e-01	2.052763e+00	1.156734e+00	3.911733e-01
2.794109e+01	-9.890201e-01	-4.277257e-01	8.726492e-01	2.054712e+00	1.158216e+00	3.868340e-01
2.789543e+01	-9.898962e-01	-4.262674e-01	8.704474e-01	2.058404e+00	1.157257e+00	3.836061e-01
2.827644e+01	-9.913046e-01	-4.252181e-01	8.690394e-01	2.060048e+00	1.155514e+00	3.794830e-01
2.772043e+01	-9.907438e-01	-4.244526e-01	8.665283e-01	2.064019e+00	1.151330e+00	3.777777e-01
2.698686e+01	-9.912891e-01	-4.256600e-01	8.649981e-01	2.069050e+00	1.147462e+00	3.774558e-01
2.645374e+01	-9.913593e-01	-4.263398e-01	8.627060e-01	2.074060e+00	1.142549e+00	3.765487e-01
2.590707e+01	-9.903563e-01	-4.275817e-01	8.606123e-01	2.079362e+00	1.136345e+00	3.773255e-01
2.562657e+01	-9.898563e-01	-4.290572e-01	8.590816e-01	2.083031e+00	1.133229e+00	3.779588e-01
2.547098e+01	-9.894332e-01	-4.302481e-01	8.574032e-01	2.085659e+00	1.130997e+00	3.785267e-01
2.540201e+01	-9.894984e-01	-4.323709e-01	8.566260e-01	2.088417e+00	1.128369e+00	3.798019e-01
2.541902e+01	-9.914976e-01	-4.347905e-01	8.579120e-01	2.084957e+00	1.130526e+00	3.793803e-01
2.516862e+01	-9.919186e-01	-4.365433e-01	8.580264e-01	2.083412e+00	1.133048e+00	3.802790e-01
2.502307e+01	-9.931784e-01	-4.385864e-01	8.584470e-01	2.081915e+00	1.135509e+00	3.809011e-01
2.472144e+01	-9.938513e-01	-4.408254e-01	8.588997e-01	2.080489e+00	1.139776e+00	3.824830e-01
2.492447e+01	-9.956814e-01	-4.429533e-01	8.599468e-01	2.076712e+00	1.144226e+00	3.825013e-01
2.518602e+01	-9.967741e-01	-4.448348e-01	8.604959e-01	2.072974e+00	1.147807e+00	3.829735e-01
2.569617e+01	-9.967696e-01	-4.464017e-01	8.608349e-01	2.066809e+00	1.149965e+00	3.827696e-01
2.601604e+01	-9.966795e-01	-4.476108e-01	8.602384e-01	2.062633e+00	1.152749e+00	3.828917e-01
2.615941e+01	-9.966132e-01	-4.495999e-01	8.600966e-01	2.059409e+00	1.153930e+00	3.838656e-01
2.566810e+01	-9.945124e-01	-4.513909e-01	8.582640e-01	2.057958e+00	1.153218e+00	3.863762e-01
2.529940e+01	-9.920730e-01	-4.531804e-01	8.565864e-01	2.056579e+00	1.150242e+00	3.880014e-01
2.532281e+01	-9.911549e-01	-4.552718e-01	8.557762e-01	2.053809e+00	1.148675e+00	3.890025e-01
2.544601e+01	-9.898514e-01	-4.580490e-01	8.550827e-01	2.050483e+00	1.145580e+00	3.904154e-01
2.564890e+01	-9.884550e-01	-4.604369e-01	8.544890e-01	2.047719e+00	1.142915e+00	3.908793e-01
2.594486e+01	-9.877417e-01	-4.618940e-01	8.534662e-01	2.043147e+00	1.142223e+00	3.905366e-01
2.636400e+01	-9.870242e-01	-4.618233e-01	8.515043e-01	2.035445e+00	1.144683e+00	3.885481e-01
2.673071e+01	-9.867892e-01	-4.623746e-01	8.499229e-01	2.029516e+00	1.147521e+00	3.874004e-01
2.723472e+01	-9.864565e-01	-4.635304e-01	8.489647e-01	2.023834e+00	1.148237e+00	3.862625e-01
2.746772e+01	-9.872815e-01	-4.657421e-01	8.477595e-01	2.020875e+00	1.149754e+00	3.855393e-01
2.768112e+01	-9.866775e-01	-4.669082e-01	8.459024e-01	2.016984e+00	1.151277e+00	3.850306e-01
2.788557e+01	-9.857739e-01	-4.682451e-01	8.442134e-01	2.013292e+00	1.150783e+00	3.845503e-01
2.790151e+01	-9.837738e-01	-4.699118e-01	8.422757e-01	2.009664e+00	1.149772e+00	3.850608e-01
2.765648e+01	-9.811071e-01	-4.710000e-01	8.392656e-01	2.008005e+00	1.147854e+00	3.857353e-01
2.750654e+01	-9.800369e-01	-4.727609e-01	8.368612e-01	2.007130e+00	1.146404e+00	3.860448e-01
2.705786e+01	-9.791371e-01	-4.750781e-01	8.342289e-01	2.007995e+00	1.146241e+00	3.872527e-01
2.707035e+01	-9.784774e-01	-4.764399e-01	8.321328e-01	2.005677e+00	1.146968e+00	3.866177e-01
2.690547e+01	-9.780302e-01	-4.782675e-01	8.296968e-01	2.005129e+00	1.146648e+00	3.866449e-01
2.639380e+01	-9.776068e-01	-4.800968e-01	8.264661e-01	2.006785e+00	1.147589e+00	3.868043e-01
2.614381e+01	-9.773507e-01	-4.815782e-01	8.242814e-01	2.005906e+00	1.150245e+00	3.864936e-01
2.606381e+01	-9.776817e-01	-4.833777e-01	8.220861e-01	2.004619e+00	1.151271e+00	3.858025e-01
2.627730e+01	-9.784317e-01	-4.847031e-01	8.200706e-01	2.000846e+00	1.154564e+00	3.839868e-01
2.647809e+01	-9.787751e-01	-4.858405e-01	8.174865e-01	1.997423e+00	1.156781e+00	3.826199e-01
2.637106e+01	-9.791615e-01	-4.878771e-01	8.151762e-01	1.996778e+00	1.157325e+00	3.818511e-01
2.610930e+01	-9.803791e-01	-4.903811e-01	8.116943e-01	1.997027e+00	1.157006e+00	3.813081e-01
2.578811e+01	-9.810974e-01	-4.926590e-01	8.084228e-01	1.998140e+00	1.156169e+00	3.805684e-01
2.546614e+01	-9.807485e-01	-4.949270e-01	8.057129e-01	1.998762e+00	1.155474e+00	3.803851e-01
2.522499e+01	-9.811081e-01	-4.978997e-01	8.027377e-01	2.000151e+00	1.153093e+00	3.793814e-01
2.496686e+01	-9.819617e-01	-5.010560e-01	8.006860e-01	2.001929e+00	1.152802e+00	3.786665e-01
2.463957e+01	-9.810103e-01	-5.028998e-01	7.975528e-01	2.002172e+00	1.152831e+00	3.785972e-01
2.420288e+01	-9.791743e-01	-5.048003e-01	7.940089e-01	2.002864e+00	1.152877e+00	3.787944e-01
2.396698e+01	-9.786830e-01	-5.070330e-01	7.914639e-01	2.002572e+00	1.153783e+00	3.784214e-01
2.372549e+01	-9.777201e-01	-5.083283e-01	7.883389e-01	2.001248e+00	1.155605e+00	3.777978e-01
2.325694e+01	-9.749883e-01	-5.096042e-01	7.844934e-01	2.000539e+00	1.157901e+00	3.782938e-01
2.303794e+01	-9.744127e-01	-5.116907e-01	7.821624e-01	1.999040e+00	1.161026e+00	3.781796e-01
2.301081e+01	-9.738424e-01	-5.127505e-01	7.792646e-01	1.996288e+00	1.163735e+00	3.766648e-01
2.307894e+01	-9.739412e-01	-5.137843e-01	7.756343e-01	1.993262e+00	1.167426e+00	3.744933e-01
2.322623e+01	-9.731517e-01	-5.148902e-01	7.724158e-01	1.990009e+00	1.169071e+00	3.722383e-01
2.325237e+01	-9.724536e-01	-5.164892e-01	7.695176e-01	1.987722e+00	1.170057e+00	3.707795e-01
2.320962e+01	-9.712620e-01	-5.179810e-01	7.655253e-01	1.985082e+00	1.170141e+00	3.693182e-01
2.300294e+01	-9.708071e-01	-5.200348e-01	7.618777e-01	1.984656e+00	1.169349e+00	3.677772e-01
2.269823e+01	-9.697875e-01	-5.225938e-01	7.587443e-01	1.984343e+00	1.167986e+00	3.673139e-01
2.216225e+01	-9.687788e-01	-5.263169e-01	7.552067e-01	1.986101e+00	1.165264e+00	3.677142e-01
2.181663e+01	-9.685004e-01	-5.297267e-01	7.514960e-01	1.987589e+00	1.162683e+00	3.679211e-01
2.163955e+01	-9.677579e-01	-5.325430e-01	7.487143e-01	1.987196e+00	1.162344e+00	3.674955e-01
2.127410e+01	-9.676815e-01	-5.356485e-01	7.459095e-01	1.987128e+00	1.164719e+00	3.673267e-01
2.112212e+01	-9.678513e-01	-5.384741e-01	7.431807e-01	1.985721e+00	1.166416e+00	3.662048e-01
2.104989e+01	-9.676777e-01	-5.410535e-01	7.409907e-01	1.983624e+00	1.168442e+00	3.650154e-01
2.120917e+01	-9.678087e-01	-5.435489e-01	7.391824e-01	1.979743e+00	1.172482e+00	3.626198e-01
2.128955e+01	-9.664177e-01	-5.449316e-01	7.359999e-01	1.976011e+00	1.176016e+00	3.608737e-01
2.126361e+01	-9.662172e-01	-5.476248e-01	7.335977e-01	1.974187e+00	1.178151e+00	3.597969e-01
2.087659e+01	-9.654038e-01	-5.509403e-01	7.297122e-01	1.973520e+00	1.178380e+00	3.597861e-01
2.016268e+01	-9.636339e-01	-5.543421e-01	7.257969e-01	1.975583e+00	1.178406e+00	3.609420e-01
1.994016e+01	-9.630023e-01	-5.573293e-01	7.228071e-01	1.974883e+00	1.179002e+00	3.602587e-01
1.989045e+01	-9.630352e-01	-5.611301e-01	7.198022e-01	1.973093e+00	1.178202e+00	3.585398e-01
1.965358e+01	-9.625658e-01	-5.651433e-01	7.171097e-01	1.972766e+00	1.178149e+00	3.580966e-01
1.943331e+01	-9.617719e-01	-5.679078e-01	7.136561e-01	1.971931e+00	1.178675e+00	3.571761e-01
1.907585e+01	-9.611267e-01	-5.701730e-01	7.088290e-01	1.971336e+00	1.181372e+00	3.560689e-01
1.900595e+01	-9.600026e-01	-5.721702e-01	7.048796e-01	1.968617e+00	1.183450e+00	3.540180e-01
1.878098e+01	-9.591397e-01	-5.748493e-01	7.011626e-01	1.967668e+00	1.184113e+00	3.528938e-01
1.871858e+01	-9.585130e-01	-5.777096e-01	6.972412e-01	1.965726e+00	1.183935e+00	3.504905e-01
1.846771e+01	-9.566055e-01	-5.804649e-01	6.924481e-01	1.964319e+00	1.182882e+00	3.493865e-01
1.816428e+01	-9.558306e-01	-5.833174e-01	6.884570e-01	1.963983e+00	1.183759e+00	3.485395e-01
1.783595e+01	-9.556904e-01	-5.869359e-01	6.844043e-01	1.963477e+00	1.185485e+00	3.478797e-01
1.756536e+01	-9.542396e-01	-5.895034e-01	6.799187e-01	1.961577e+00	1.187924e+00	3.471704e-01
1.723152e+01	-9.538389e-01	-5.925092e-01	6.759196e-01	1.961632e+00	1.189436e+00	3.463399e-01
1.709853e+01	-9.533898e-01	-5.959344e-01	6.720233e-01	1.959778e+00	1.190689e+00	3.444032e-01
1.679605e+01	-9.532106e-01	-5.990999e-01	6.683628e-01	1.960100e+00	1.192715e+00	3.429847e-01
1.642609e+01	-9.530750e-01	-6.022854e-01	6.641276e-01	1.960535e+00	1.194296e+00	3.422296e-01
1.579800e+01	-9.530758e-01	-6.062486e-01	6.592294e-01	1.963541e+00	1.195957e+00	3.421909e-01
1.536914e+01	-9.525839e-01	-6.092251e-01	6.538604e-01	1.964374e+00	1.197165e+00	3.411233e-01
1.504103e+01	-9.525383e-01	-6.125178e-01	6.494500e-01	1.964663e+00	1.198374e+00	3.400902e-01
1.486985e+01	-9.523129e-01	-6.159691e-01	6.443475e-01	1.962606e+00	1.199381e+00	3.375577e-01
1.475132e+01	-9.529812e-01	-6.193461e-01	6.396225e-01	1.960654e+00	1.200035e+00	3.351832e-01
1.442959e+01	-9.529705e-01	-6.226551e-01	6.351180e-01	1.960899e+00	1.201230e+00	3.339150e-01
1.389706e+01	-9.537563e-01	-6.267678e-01	6.300033e-01	1.963542e+00	1.202763e+00	3.334020e-01
1.350275e+01	-9.542578e-01	-6.305280e-01	6.247533e-01	1.964911e+00	1.203110e+00	3.319562e-01
1.318646e+01	-9.538976e-01	-6.337197e-01	6.198778e-01	1.964867e+00	1.204452e+00	3.305383e-01
1.275333e+01	-9.532298e-01	-6.372729e-01	6.135338e-01	1.965491e+00	1.205123e+00	3.291739e-01
1.229609e+01	-9.532080e-01	-6.405817e-01	6.075503e-01	1.966976e+00	1.206675e+00	3.283979e-01
1.204794e+01	-9.527297e-01	-6.435318e-01	6.027515e-01	1.965984e+00	1.208863e+00	3.262973e-01
1.181078e+01	-9.524337e-01	-6.464300e-01	5.964445e-01	1.964887e+00	1.209551e+00	3.229272e-01
1.171268e+01	-9.514005e-01	-6.491417e-01	5.912917e-01	1.962424e+00	1.211785e+00	3.195375e-01
1.151825e+01	-9.510281e-01	-6.522528e-01	5.865457e-01	1.961398e+00	1.214467e+00	3.174912e-01
1.103357e+01	-9.509849e-01	-6.565236e-01	5.806745e-01	1.962753e+00	1.215517e+00	3.166998e-01
1.061981e+01	-9.506580e-01	-6.604194e-01	5.754240e-01	1.964227e+00	1.216509e+00	3.155060e-01
1.028563e+01	-9.503406e-01	-6.640509e-01	5.703729e-01	1.964613e+00	1.218645e+00	3.143977e-01
9.858144e+00	-9.493015e-01	-6.683096e-01	5.642225e-01	1.965993e+00	1.218807e+00	3.130181e-01
9.514411e+00	-9.492267e-01	-6.728122e-01	5.592741e-01	1.967254e+00	1.218998e+00	3.119396e-01
9.180987e+00	-9.493218e-01	-6.766011e-01	5.543324e-01	1.968109e+00	1.221435e+00	3.109382e-01
8.795742e+00	-9.499156e-01	-6.812867e-01	5.490421e-01	1.969984e+00	1.223602e+00	3.102159e-01
8.525426e+00	-9.503945e-01	-6.852436e-01	5.441788e-01	1.970744e+00	1.224800e+00	3.082505e-01
8.285033e+00	-9.509100e-01	-6.887455e-01	5.395741e-01	1.971102e+00	1.227952e+00	3.064277e-01
8.077500e+00	-9.515564e-01	-6.922471e-01	5.347347e-01	1.971644e+00	1.231310e+00	3.040280e-01
7.867636e+00	-9.516720e-01	-6.957768e-01	5.295457e-01	1.972248e+00	1.233713e+00	3.015569e-01
7.668786e+00	-9.522335e-01	-6.990843e-01	5.245746e-01	1.972950e+00	1.235822e+00	2.996595e-01
7.296742e+00	-9.524533e-01	-7.021561e-01	5.177886e-01	1.974848e+00	1.236847e+00	2.985898e-01
6.946270e+00	-9.527796e-01	-7.051277e-01	5.114310e-01	1.977152e+00	1.237281e+00	2.975398e-01
6.659021e+00	-9.533709e-01	-7.085003e-01	5.060291e-01	1.979226e+00	1.237101e+00	2.960590e-01
6.424788e+00	-9.544139e-01	-7.123050e-01	5.007148e-01	1.980960e+00	1.235674e+00	2.933719e-01
6.247852e+00	-9.554137e-01	-7.155944e-01	4.962774e-01	1.982446e+00	1.236542e+00	2.911464e-01
6.035968e+00	-9.561999e-01	-7.186964e-01	4.912856e-01	1.984879e+00	1.236461e+00	2.895246e-01
5.784396e+00	-9.566661e-01	-7.217678e-01	4.859193e-01	1.988818e+00	1.236715e+00	2.885133e-01
5.590064e+00	-9.570857e-01	-7.243753e-01	4.812592e-01	1.992510e+00	1.237057e+00	2.869915e-01
5.420017e+00	-9.581615e-01	-7.269830e-01	4.772351e-01	1.994939e+00	1.238975e+00	2.851611e-01
5.227023e+00	-9.591719e-01	-7.291119e-01	4.725471e-01	1.998523e+00	1.241759e+00	2.839354e-01
5.131349e+00	-9.596352e-01	-7.309411e-01	4.687910e-01	2.000920e+00	1.245467e+00	2.820995e-01
5.109261e+00	-9.609274e-01	-7.331678e-01	4.658650e-01	2.003058e+00	1.248402e+00	2.798715e-01
4.986221e+00	-9.621507e-01	-7.350959e-01	4.620540e-01	2.006965e+00	1.248664e+00	2.778260e-01
4.898043e+00	-9.638165e-01	-7.373553e-01	4.589870e-01	2.010333e+00	1.248965e+00	2.760117e-01
4.810499e+00	-9.648033e-01	-7.396434e-01	4.560638e-01	2.013869e+00	1.249932e+00	2.751203e-01
4.682650e+00	-9.650574e-01	-7.421336e-01	4.527064e-01	2.017879e+00	1.249277e+00	2.741647e-01
4.572958e+00	-9.657882e-01	-7.446677e-01	4.491138e-01	2.022738e+00	1.247533e+00	2.739733e-01
4.536718e+00	-9.664737e-01	-7.465130e-01	4.466473e-01	2.026899e+00	1.248081e+00	2.737819e-01
4.527322e+00	-9.664201e-01	-7.482582e-01	4.444824e-01	2.030939e+00	1.249437e+00	2.736493e-01
4.520178e+00	-9.663192e-01	-7.496338e-01	4.424488e-01	2.034922e+00	1.249809e+00	2.727869e-01
4.517649e+00	-9.670407e-01	-7.506660e-01	4.412511e-01	2.037904e+00	1.251622e+00	2.715936e-01
4.524004e+00	-9.680292e-01	-7.509499e-01	4.409582e-01	2.040818e+00	1.252950e+00	2.692511e-01
4.569667e+00	-9.686283e-01	-7.511442e-01	4.400733e-01	2.043431e+00	1.254117e+00	2.671852e-01
4.630361e+00	-9.690733e-01	-7.517058e-01	4.393486e-01	2.045909e+00	1.255291e+00	2.659109e-01
4.579413e+00	-9.691227e-01	-7.521228e-01	4.378685e-01	2.049783e+00	1.253949e+00	2.653970e-01
4.562299e+00	-9.695759e-01	-7.523769e-01	4.366673e-01	2.053213e+00	1.252770e+00	2.649385e-01
4.572244e+00	-9.695013e-01	-7.528125e-01	4.356159e-01	2.056587e+00	1.252396e+00	2.651561e-01
4.621253e+00	-9.696247e-01	-7.527442e-01	4.353444e-01	2.060486e+00	1.252745e+00	2.660362e-01
4.655819e+00	-9.696009e-01	-7.528560e-01	4.352819e-01	2.063089e+00	1.253127e+00	2.656406e-01
4.692278e+00	-9.693436e-01	-7.530910e-01	4.347923e-01	2.065572e+00	1.253014e+00	2.656226e-01
4.721932e+00	-9.686821e-01	-7.531185e-01	4.345516e-01	2.066757e+00	1.254182e+00	2.648532e-01
4.743003e+00	-9.684335e-01	-7.534121e-01	4.346523e-01	2.067979e+00	1.254633e+00	2.639440e-01
4.761332e+00	-9.682455e-01	-7.534302e-01	4.349330e-01	2.069299e+00	1.254694e+00	2.633183e-01
4.757494e+00	-9.685644e-01	-7.533273e-01	4.359920e-01	2.070027e+00	1.253762e+00	2.617681e-01
4.776802e+00	-9.689858e-01	-7.531639e-01	4.365997e-01	2.070807e+00	1.253247e+00	2.607912e-01
4.771913e+00	-9.686296e-01	-7.532655e-01	4.367963e-01	2.072146e+00	1.252614e+00	2.610498e-01
4.777391e+00	-9.679432e-01	-7.533282e-01	4.367302e-01	2.073806e+00	1.252309e+00	2.620865e-01
4.805248e+00	-9.675060e-01	-7.531374e-01	4.368156e-01	2.075694e+00	1.251248e+00	2.632716e-01
4.837623e+00	-9.670832e-01	-7.531200e-01	4.370587e-01	2.076683e+00	1.251542e+00	2.639043e-01
4.851239e+00	-9.662716e-01	-7.526471e-01	4.372160e-01	2.076804e+00	1.252770e+00	2.637862e-01
4.845598e+00	-9.660831e-01	-7.519635e-01	4.379150e-01	2.076635e+00	1.253250e+00	2.629752e-01
4.870282e+00	-9.659401e-01	-7.518291e-01	4.387651e-01	2.076366e+00	1.254405e+00	2.628127e-01
4.870141e+00	-9.660167e-01	-7.520230e-01	4.392444e-01	2.076662e+00	1.254135e+00	2.634609e-01
4.873936e+00	-9.660833e-01	-7.524244e-01	4.398566e-01	2.076830e+00	1.253829e+00	2.642161e-01
4.866832e+00	-9.660249e-01	-7.522990e-01	4.405989e-01	2.076072e+00	1.254220e+00	2.638971e-01
4.889483e+00	-9.652772e-01	-7.522222e-01	4.412914e-01	2.074676e+00	1.255590e+00	2.638159e-01
4.873425e+00	-9.650602e-01	-7.524446e-01	4.413153e-01	2.073958e+00	1.255464e+00	2.643349e-01
4.829677e+00	-9.650655e-01	-7.521780e-01	4.416897e-01	2.072899e+00	1.254755e+00	2.637473e-01
4.776022e+00	-9.650939e-01	-7.519948e-01	4.425328e-01	2.071664e+00	1.253321e+00	2.628923e-01
4.732377e+00	-9.648626e-01	-7.514761e-01	4.423462e-01	2.070396e+00	1.251970e+00	2.622872e-01
4.701019e+00	-9.648689e-01	-7.511989e-01	4.421288e-01	2.069722e+00	1.250630e+00	2.622670e-01
4.681360e+00	-9.648011e-01	-7.509807e-01	4.416286e-01	2.069307e+00	1.250416e+00	2.632887e-01
4.676164e+00	-9.646823e-01	-7.505782e-01	4.415661e-01	2.069143e+00	1.250153e+00	2.641382e-01
4.678058e+00	-9.648263e-01	-7.504104e-01	4.413261e-01	2.068998e+00	1.249923e+00	2.649234e-01
4.685783e+00	-9.644381e-01	-7.503836e-01	4.413607e-01	2.068690e+00	1.250661e+00	2.655504e-01
4.667049e+00	-9.644905e-01	-7.506681e-01	4.418105e-01	2.067521e+00	1.251288e+00	2.650580e-01
4.682621e+00	-9.649842e-01	-7.503747e-01	4.422704e-01	2.066619e+00	1.252829e+00	2.651322e-01
4.726740e+00	-9.654549e-01	-7.501441e-01	4.424347e-01	2.066205e+00	1.254301e+00	2.665101e-01
4.728907e+00	-9.661574e-01	-7.501883e-01	4.424736e-01	2.065351e+00	1.254623e+00	2.668022e-01
4.734056e+00	-9.665724e-01	-7.499439e-01	4.428503e-01	2.064286e+00	1.255130e+00	2.664310e-01
4.703798e+00	-9.670295e-01	-7.497759e-01	4.424994e-01	2.063093e+00	1.254722e+00	2.661435e-01
4.652872e+00	-9.671114e-01	-7.496157e-01	4.421915e-01	2.061552e+00	1.253641e+00	2.653979e-01
4.617574e+00	-9.672159e-01	-7.494668e-01	4.421257e-01	2.060797e+00	1.252501e+00	2.650735e-01
4.614581e+00	-9.675763e-01	-7.496298e-01	4.423164e-01	2.060180e+00	1.252704e+00	2.656556e-01
4.612276e+00	-9.682410e-01	-7.492490e-01	4.422571e-01	2.060133e+00	1.252559e+00	2.661237e-01
4.579328e+00	-9.679559e-01	-7.492207e-01	4.418436e-01	2.060016e+00	1.251088e+00	2.662848e-01
4.572566e+00	-9.669338e-01	-7.490001e-01	4.406001e-01	2.060103e+00	1.249695e+00	2.668506e-01
4.578716e+00	-9.656794e-01	-7.488184e-01	4.397726e-01	2.059701e+00	1.249650e+00	2.669649e-01
4.567772e+00	-9.655917e-01	-7.487846e-01	4.399956e-01	2.059195e+00	1.249638e+00	2.666564e-01
4.562408e+00	-9.653630e-01	-7.490441e-01	4.406398e-01	2.059005e+00	1.250176e+00	2.664966e-01
4.578796e+00	-9.652685e-01	-7.488520e-01	4.412666e-01	2.059031e+00	1.251557e+00	2.670089e-01
4.601509e+00	-9.656610e-01	-7.489363e-01	4.425410e-01	2.057954e+00	1.253072e+00	2.659603e-01
4.634524e+00	-9.666539e-01	-7.497204e-01	4.438568e-01	2.056748e+00	1.253263e+00	2.646146e-01
4.655477e+00	-9.670546e-01	-7.505006e-01	4.446769e-01	2.056718e+00	1.253370e+00	2.644206e-01
4.679543e+00	-9.671990e-01	-7.506269e-01	4.451822e-01	2.056754e+00	1.253794e+00	2.644534e-01
4.622208e+00	-9.668455e-01	-7.505734e-01	4.450103e-01	2.058571e+00	1.252833e+00	2.658900e-01
4.602997e+00	-9.664779e-01	-7.504465e-01	4.437301e-01	2.060550e+00	1.251305e+00	2.677860e-01
4.622631e+00	-9.661286e-01	-7.504510e-01	4.429841e-01	2.061337e+00	1.250535e+00	2.685644e-01
4.617814e+00	-9.655574e-01	-7.498255e-01	4.417465e-01	2.061194e+00	1.250697e+00	2.683466e-01
4.599195e+00	-9.643792e-01	-7.493267e-01	4.408242e-01	2.060284e+00	1.251355e+00	2.672947e-01
4.594750e+00	-9.644251e-01	-7.490119e-01	4.409863e-01	2.059560e+00	1.252172e+00	2.664501e-01
4.611216e+00	-9.647030e-01	-7.489777e-01	4.414856e-01	2.059029e+00	1.253173e+00	2.659237e-01
4.649715e+00	-9.650307e-01	-7.494914e-01	4.422445e-01	2.058730e+00	1.254543e+00	2.661040e-01
4.684803e+00	-9.654500e-01	-7.494287e-01	4.428936e-01	2.058008e+00	1.255097e+00	2.651311e-01
4.663932e+00	-9.659033e-01	-7.492641e-01	4.430650e-01	2.057767e+00	1.254084e+00	2.643844e-01
4.675880e+00	-9.667089e-01	-7.494343e-01	4.435474e-01	2.057320e+00	1.253825e+00	2.638904e-01
4.599561e+00	-9.668272e-01	-7.497306e-01	4.432123e-01	2.058290e+00	1.251996e+00	2.646219e-01
4.569445e+00	-9.671199e-01	-7.505090e-01	4.429408e-01	2.059849e+00	1.250260e+00	2.660932e-01
4.584542e+00	-9.673830e-01	-7.505157e-01	4.423824e-01	2.061013e+00	1.248453e+00	2.667700e-01
4.603915e+00	-9.672250e-01	-7.505011e-01	4.420180e-01	2.061628e+00	1.248319e+00	2.673521e-01
4.580536e+00	-9.665561e-01	-7.499607e-01	4.416951e-01	2.060440e+00	1.251156e+00	2.663322e-01
4.637461e+00	-9.658813e-01	-7.497772e-01	4.415738e-01	2.059994e+00	1.253961e+00	2.661142e-01
4.690329e+00	-9.658485e-01	-7.494656e-01	4.417849e-01	2.059505e+00	1.255346e+00	2.656194e-01
4.660950e+00	-9.660349e-01	-7.495768e-01	4.411269e-01	2.059949e+00	1.254695e+00	2.665630e-01
4.694198e+00	-9.660909e-01	-7.495096e-01	4.412218e-01	2.059967e+00	1.255493e+00	2.673165e-01
4.652151e+00	-9.660528e-01	-7.495463e-01	4.411328e-01	2.060035e+00	1.254326e+00	2.671886e-01
4.575492e+00	-9.655269e-01	-7.496366e-01	4.406332e-01	2.059322e+00	1.251566e+00	2.657461e-01
4.570587e+00	-9.649580e-01	-7.497489e-01	4.397581e-01	2.059684e+00	1.248603e+00	2.657357e-01
4.564873e+00	-9.652845e-01	-7.498818e-01	4.403289e-01	2.059292e+00	1.247806e+00	2.651858e-01
4.556824e+00	-9.660179e-01	-7.494233e-01	4.413710e-01	2.059389e+00	1.248713e+00	2.649419e-01
4.582215e+00	-9.662616e-01	-7.492076e-01	4.425454e-01	2.059145e+00	1.251403e+00	2.649168e-01
4.648383e+00	-9.667527e-01	-7.493709e-01	4.437739e-01	2.058645e+00	1.253303e+00	2.645037e-01
4.707880e+00	-9.670856e-01	-7.497598e-01	4.448730e-01	2.059488e+00	1.254799e+00	2.653382e-01
4.695329e+00	-9.672377e-01	-7.503986e-01	4.454788e-01	2.060306e+00	1.254442e+00	2.663640e-01
4.680366e+00	-9.671658e-01	-7.505565e-01	4.451032e-01	2.060978e+00	1.254028e+00	2.672471e-01
4.652369e+00	-9.677862e-01	-7.506766e-01	4.449083e-01	2.061646e+00	1.252359e+00	2.679486e-01
4.651115e+00	-9.679025e-01	-7.502720e-01	4.434877e-01	2.062208e+00	1.250948e+00	2.689107e-01
4.635325e+00	-9.672219e-01	-7.499878e-01	4.424150e-01	2.061834e+00	1.250216e+00	2.688225e-01
4.612927e+00	-9.670871e-01	-7.496598e-01	4.426624e-01	2.059951e+00	1.252583e+00	2.676786e-01
4.670883e+00	-9.674004e-01	-7.490542e-01	4.432654e-01	2.058140e+00	1.254818e+00	2.663077e-01
4.752653e+00	-9.667110e-01	-7.483707e-01	4.430299e-01	2.055955e+00	1.255726e+00	2.641195e-01
4.767806e+00	-9.667694e-01	-7.479284e-01	4.424266e-01	2.054968e+00	1.255112e+00	2.629791e-01
4.657509e+00	-9.662693e-01	-7.479655e-01	4.411308e-01	2.054596e+00	1.252949e+00	2.631100e-01
4.566717e+00	-9.653376e-01	-7.481348e-01	4.397446e-01	2.055421e+00	1.250653e+00	2.642145e-01
4.554072e+00	-9.646752e-01	-7.484242e-01	4.387331e-01	2.056056e+00	1.249271e+00	2.651262e-01
4.578793e+00	-9.645393e-01	-7.493588e-01	4.381891e-01	2.057125e+00	1.247598e+00	2.661681e-01
4.628234e+00	-9.644193e-01	-7.498428e-01	4.383847e-01	2.058674e+00	1.247505e+00	2.677372e-01
4.582499e+00	-9.651448e-01	-7.500678e-01	4.399862e-01	2.058146e+00	1.251685e+00	2.676113e-01
4.625426e+00	-9.654300e-01	-7.501442e-01	4.414250e-01	2.057653e+00	1.254311e+00	2.665434e-01
4.731066e+00	-9.659428e-01	-7.505046e-01	4.432081e-01	2.057597e+00	1.256570e+00	2.664710e-01
4.770207e+00	-9.661952e-01	-7.506217e-01	4.448594e-01	2.057129e+00	1.256693e+00	2.656535e-01
4.737241e+00	-9.665649e-01	-7.511776e-01	4.459636e-01	2.057136e+00	1.255651e+00	2.657082e-01
4.666145e+00	-9.665724e-01	-7.513809e-01	4.458371e-01	2.058222e+00	1.254111e+00	2.665385e-01
4.582900e+00	-9.660724e-01	-7.513680e-01	4.446093e-01	2.058575e+00	1.251491e+00	2.661662e-01
4.564940e+00	-9.659161e-01	-7.510333e-01	4.438193e-01	2.059402e+00	1.249377e+00	2.667475e-01
4.603636e+00	-9.655338e-01	-7.507550e-01	4.428013e-01	2.060602e+00	1.247702e+00	2.677203e-01
4.604203e+00	-9.655707e-01	-7.499786e-01	4.421477e-01	2.060983e+00	1.249266e+00	2.680827e-01
4.585158e+00	-9.659976e-01	-7.487242e-01	4.425149e-01	2.060140e+00	1.251489e+00	2.667278e-01
4.615967e+00	-9.657929e-01	-7.480776e-01	4.425423e-01	2.059669e+00	1.252944e+00	2.660705e-01
4.616612e+00	-9.655277e-01	-7.479414e-01	4.424708e-01	2.059873e+00	1.252768e+00	2.656668e-01
4.631633e+00	-9.659273e-01	-7.476112e-01	4.426581e-01	2.059781e+00	1.252927e+00	2.650812e-01
4.647888e+00	-9.658378e-01	-7.474952e-01	4.427464e-01	2.059820e+00	1.253387e+00	2.650772e-01
