# loss | a0 ... a6
1.652592e+03	-8.888889e-01	-1.500000e+00	-1.612333e+00	2.444444e+00	1.250000e+00	-5.312090e-01
8.715010e+02	-7.388889e-01	-1.350000e+00	-1.462333e+00	2.294444e+00	1.400000e+00	-6.812090e-01
4.719999e+02	-8.507673e-01	-1.156875e+00	-1.288541e+00	2.097563e+00	1.540053e+00	-8.323942e-01
4.413467e+02	-8.663046e-01	-9.559802e-01	-1.130524e+00	1.865399e+00	1.680414e+00	-9.932702e-01
3.769870e+02	-8.781122e-01	-7.771339e-01	-9.961584e-01	1.635743e+00	1.634324e+00	-1.126676e+00
4.292116e+02	-9.325306e-01	-6.730435e-01	-8.853982e-01	1.462762e+00	1.601578e+00	-1.216099e+00
4.542929e+02	-9.494145e-01	-6.003715e-01	-8.455708e-01	1.347578e+00	1.532929e+00	-1.278850e+00
5.004823e+02	-9.593227e-01	-5.592155e-01	-7.874553e-01	1.241329e+00	1.468904e+00	-1.336461e+00
4.516272e+02	-9.519549e-01	-5.490497e-01	-7.715631e-01	1.233642e+00	1.383957e+00	-1.374648e+00
3.299817e+02	-8.815267e-01	-5.770540e-01	-8.247387e-01	1.295710e+00	1.282584e+00	-1.374958e+00
2.702322e+02	-8.245955e-01	-6.222548e-01	-8.579079e-01	1.353317e+00	1.191000e+00	-1.372377e+00
2.282569e+02	-8.090967e-01	-6.734460e-01	-8.795160e-01	1.436322e+00	1.132829e+00	-1.360017e+00
1.983442e+02	-8.608083e-01	-7.323430e-01	-8.808259e-01	1.510948e+00	1.080747e+00	-1.349372e+00
1.995268e+02	-9.173464e-01	-7.825406e-01	-8.706683e-01	1.570411e+00	1.042420e+00	-1.340950e+00
2.038091e+02	-9.789777e-01	-8.311362e-01	-8.622063e-01	1.653045e+00	1.025304e+00	-1.325659e+00
2.040425e+02	-1.045235e+00	-8.642101e-01	-8.398690e-01	1.729984e+00	1.031549e+00	-1.311685e+00
1.987596e+02	-1.092544e+00	-8.787336e-01	-8.146288e-01	1.785587e+00	1.049123e+00	-1.305375e+00
1.861618e+02	-1.142296e+00	-8.813421e-01	-7.770203e-01	1.813538e+00	1.083213e+00	-1.308361e+00
1.538403e+02	-1.139175e+00	-8.776139e-01	-7.419095e-01	1.841955e+00	1.119285e+00	-1.315105e+00
9.794935e+01	-1.101878e+00	-8.507722e-01	-7.401971e-01	1.867581e+00	1.151664e+00	-1.320968e+00
3.916797e+01	-1.042548e+00	-8.087775e-01	-7.595105e-01	1.902950e+00	1.193303e+00	-1.320325e+00
1.222147e+01	-9.870541e-01	-7.699047e-01	-7.742236e-01	1.936597e+00	1.234718e+00	-1.320028e+00
1.135335e+01	-9.302201e-01	-7.331505e-01	-7.911039e-01	1.969382e+00	1.273478e+00	-1.317849e+00
2.920345e+01	-8.799680e-01	-7.020762e-01	-8.066008e-01	2.002950e+00	1.305262e+00	-1.315685e+00
5.839104e+01	-8.384357e-01	-6.750797e-01	-8.181898e-01	2.033284e+00	1.334197e+00	-1.313355e+00
8.085763e+01	-8.258104e-01	-6.641832e-01	-8.123842e-01	2.059738e+00	1.359616e+00	-1.311521e+00
9.531266e+01	-8.155913e-01	-6.573455e-01	-8.127947e-01	2.088828e+00	1.371333e+00	-1.307397e+00
9.569410e+01	-8.255827e-01	-6.598706e-01	-8.078290e-01	2.118714e+00	1.376024e+00	-1.299150e+00
8.534310e+01	-8.407657e-01	-6.645693e-01	-8.053929e-01	2.131114e+00	1.369787e+00	-1.293511e+00
6.716196e+01	-8.662979e-01	-6.738195e-01	-7.980192e-01	2.132482e+00	1.357560e+00	-1.292841e+00
4.792838e+01	-8.909294e-01	-6.829257e-01	-7.929749e-01	2.130632e+00	1.339114e+00	-1.293388e+00
2.847446e+01	-9.181668e-01	-6.993524e-01	-7.905419e-01	2.133381e+00	1.314683e+00	-1.286452e+00
1.611190e+01	-9.495142e-01	-7.183847e-01	-7.833595e-01	2.135769e+00	1.292492e+00	-1.280437e+00
1.125599e+01	-9.760419e-01	-7.367548e-01	-7.789601e-01	2.138699e+00	1.271088e+00	-1.273358e+00
1.214219e+01	-1.000459e+00	-7.531947e-01	-7.753259e-01	2.137045e+00	1.248227e+00	-1.269213e+00
1.726484e+01	-1.017124e+00	-7.647191e-01	-7.757534e-01	2.134340e+00	1.226367e+00	-1.266247e+00
2.272984e+01	-1.025065e+00	-7.749728e-01	-7.740417e-01	2.126457e+00	1.211463e+00	-1.265808e+00
2.862704e+01	-1.025393e+00	-7.843115e-01	-7.730400e-01	2.118884e+00	1.197528e+00	-1.265757e+00
3.219201e+01	-1.018175e+00	-7.853887e-01	-7.785025e-01	2.112135e+00	1.185626e+00	-1.265540e+00
2.736481e+01	-1.011550e+00	-7.779857e-01	-7.822725e-01	2.097484e+00	1.186325e+00	-1.273633e+00
2.121971e+01	-1.001016e+00	-7.683550e-01	-7.830597e-01	2.081091e+00	1.189900e+00	-1.283203e+00
1.436379e+01	-9.903879e-01	-7.568939e-01	-7.843901e-01	2.067155e+00	1.199212e+00	-1.292912e+00
9.712345e+00	-9.795341e-01	-7.456920e-01	-7.847389e-01	2.054767e+00	1.208433e+00	-1.301088e+00
7.165867e+00	-9.680586e-01	-7.358101e-01	-7.857174e-01	2.043284e+00	1.216797e+00	-1.308380e+00
5.983567e+00	-9.582415e-01	-7.256634e-01	-7.849642e-01	2.030627e+00	1.227151e+00	-1.317184e+00
6.584658e+00	-9.481636e-01	-7.163997e-01	-7.839525e-01	2.018928e+00	1.238370e+00	-1.325748e+00
8.297451e+00	-9.416832e-01	-7.092135e-01	-7.834915e-01	2.010207e+00	1.247312e+00	-1.332820e+00
1.045826e+01	-9.350997e-01	-7.048943e-01	-7.825689e-01	2.002504e+00	1.254993e+00	-1.338595e+00
1.186016e+01	-9.351093e-01	-7.054505e-01	-7.794829e-01	1.996677e+00	1.262278e+00	-1.342092e+00
1.199386e+01	-9.382579e-01	-7.086947e-01	-7.781901e-01	1.994189e+00	1.265799e+00	-1.342080e+00
1.178736e+01	-9.399452e-01	-7.145541e-01	-7.772109e-01	1.992340e+00	1.269010e+00	-1.340594e+00
1.080481e+01	-9.465202e-01	-7.228289e-01	-7.742027e-01	1.993575e+00	1.270130e+00	-1.339615e+00
9.876580e+00	-9.515320e-01	-7.310904e-01	-7.730934e-01	1.995059e+00	1.270270e+00	-1.337655e+00
8.529658e+00	-9.546761e-01	-7.399647e-01	-7.740066e-01	1.999831e+00	1.268337e+00	-1.334650e+00
7.616361e+00	-9.583702e-01	-7.488052e-01	-7.739718e-01	2.003794e+00	1.266011e+00	-1.332666e+00
6.766574e+00	-9.617893e-01	-7.569936e-01	-7.766808e-01	2.008432e+00	1.262625e+00	-1.328880e+00
6.209939e+00	-9.642123e-01	-7.650663e-01	-7.802272e-01	2.013637e+00	1.258865e+00	-1.324148e+00
5.960653e+00	-9.654552e-01	-7.719773e-01	-7.852464e-01	2.018822e+00	1.255036e+00	-1.319089e+00
5.853848e+00	-9.652293e-01	-7.760598e-01	-7.901426e-01	2.025299e+00	1.251144e+00	-1.314702e+00
6.060479e+00	-9.654158e-01	-7.797663e-01	-7.945034e-01	2.031168e+00	1.247473e+00	-1.310668e+00
6.183302e+00	-9.631256e-01	-7.810290e-01	-8.022902e-01	2.036694e+00	1.244369e+00	-1.306902e+00
6.380385e+00	-9.629038e-01	-7.807902e-01	-8.079537e-01	2.041668e+00	1.241695e+00	-1.304272e+00
6.363150e+00	-9.592958e-01	-7.776789e-01	-8.150184e-01	2.046256e+00	1.240076e+00	-1.301509e+00
6.498082e+00	-9.575752e-01	-7.744916e-01	-8.218247e-01	2.050932e+00	1.238485e+00	-1.299064e+00
6.005011e+00	-9.563341e-01	-7.692388e-01	-8.266013e-01	2.052658e+00	1.240739e+00	-1.299908e+00
5.597986e+00	-9.551131e-01	-7.634045e-01	-8.306460e-01	2.054472e+00	1.243591e+00	-1.300581e+00
5.342151e+00	-9.536340e-01	-7.570729e-01	-8.340705e-01	2.055899e+00	1.246816e+00	-1.301633e+00
5.133054e+00	-9.560939e-01	-7.527163e-01	-8.360525e-01	2.057179e+00	1.249741e+00	-1.302620e+00
4.923537e+00	-9.601934e-01	-7.473938e-01	-8.357113e-01	2.056792e+00	1.253360e+00	-1.305690e+00
4.972842e+00	-9.656633e-01	-7.429327e-01	-8.344983e-01	2.055910e+00	1.258053e+00	-1.308411e+00
5.273890e+00	-9.729068e-01	-7.403987e-01	-8.321698e-01	2.055095e+00	1.262331e+00	-1.310873e+00
5.645655e+00	-9.783121e-01	-7.384547e-01	-8.302062e-01	2.055316e+00	1.264701e+00	-1.312809e+00
5.815021e+00	-9.802376e-01	-7.370118e-01	-8.288618e-01	2.053788e+00	1.265154e+00	-1.315624e+00
5.858242e+00	-9.821530e-01	-7.358897e-01	-8.272368e-01	2.050596e+00	1.264283e+00	-1.318685e+00
5.692579e+00	-9.810391e-01	-7.356659e-01	-8.266681e-01	2.047383e+00	1.262400e+00	-1.321981e+00
5.336847e+00	-9.794034e-01	-7.370155e-01	-8.262948e-01	2.046510e+00	1.259345e+00	-1.323608e+00
5.016310e+00	-9.772621e-01	-7.392098e-01	-8.266493e-01	2.046037e+00	1.256592e+00	-1.324181e+00
4.791098e+00	-9.751892e-01	-7.413523e-01	-8.271894e-01	2.045663e+00	1.254219e+00	-1.324263e+00
4.612070e+00	-9.744267e-01	-7.450684e-01	-8.277903e-01	2.044816e+00	1.251525e+00	-1.324141e+00
4.529947e+00	-9.726869e-01	-7.482720e-01	-8.280023e-01	2.045024e+00	1.248483e+00	-1.324584e+00
4.544847e+00	-9.692172e-01	-7.510088e-01	-8.289086e-01	2.045559e+00	1.245801e+00	-1.324149e+00
4.637629e+00	-9.658767e-01	-7.535402e-01	-8.282752e-01	2.045909e+00	1.243700e+00	-1.324205e+00
4.771370e+00	-9.636184e-01	-7.559172e-01	-8.279226e-01	2.047513e+00	1.242107e+00	-1.323895e+00
4.891612e+00	-9.617253e-01	-7.579610e-01	-8.274892e-01	2.049132e+00	1.241406e+00	-1.322825e+00
4.933510e+00	-9.596830e-01	-7.589410e-01	-8.273847e-01	2.049228e+00	1.241605e+00	-1.323207e+00
4.974169e+00	-9.604845e-01	-7.607309e-01	-8.269556e-01	2.048986e+00	1.241285e+00	-1.324038e+00
5.016474e+00	-9.602679e-01	-7.616157e-01	-8.273285e-01	2.048767e+00	1.241022e+00	-1.324785e+00
4.874871e+00	-9.600201e-01	-7.615343e-01	-8.270431e-01	2.048107e+00	1.243111e+00	-1.325826e+00
4.686899e+00	-9.609780e-01	-7.600464e-01	-8.250505e-01	2.048063e+00	1.245938e+00	-1.327113e+00
4.556589e+00	-9.627153e-01	-7.571862e-01	-8.218935e-01	2.046919e+00	1.249542e+00	-1.329360e+00
4.573454e+00	-9.633135e-01	-7.536805e-01	-8.205805e-01	2.046786e+00	1.252353e+00	-1.331331e+00
4.650850e+00	-9.650836e-01	-7.516922e-01	-8.195596e-01	2.047084e+00	1.254443e+00	-1.332155e+00
4.770014e+00	-9.665746e-01	-7.502346e-01	-8.186367e-01	2.047514e+00	1.256418e+00	-1.332716e+00
