# loss | a0 ... a6
1.657520e+03	-1.500000e+00	-8.766667e-01	-2.283382e-01	2.000000e+00	8.362963e-01	-2.500209e+00
1.006829e+03	-1.331000e+00	-7.076667e-01	-3.973382e-01	1.831000e+00	1.005296e+00	-2.669209e+00
5.057610e+02	-1.103899e+00	-6.342577e-01	-6.105719e-01	1.904807e+00	1.205211e+00	-2.502615e+00
4.033475e+02	-8.479882e-01	-6.325149e-01	-8.614726e-01	2.016252e+00	1.369071e+00	-2.343891e+00
4.678124e+02	-6.130247e-01	-6.722827e-01	-1.130103e+00	2.173991e+00	1.429123e+00	-2.128966e+00
6.057640e+02	-4.754301e-01	-6.957658e-01	-1.315932e+00	2.281823e+00	1.465239e+00	-1.975346e+00
6.592789e+02	-3.545513e-01	-7.272946e-01	-1.480294e+00	2.392802e+00	1.422866e+00	-1.790507e+00
6.059627e+02	-3.578764e-01	-7.722825e-01	-1.610218e+00	2.392385e+00	1.382064e+00	-1.627039e+00
5.124840e+02	-4.323687e-01	-8.221402e-01	-1.697465e+00	2.393459e+00	1.345866e+00	-1.480059e+00
4.758836e+02	-4.901503e-01	-8.600773e-01	-1.764130e+00	2.393722e+00	1.314502e+00	-1.374400e+00
4.308301e+02	-5.682752e-01	-8.843283e-01	-1.822961e+00	2.344910e+00	1.293955e+00	-1.286441e+00
3.719896e+02	-6.581402e-01	-9.222431e-01	-1.832813e+00	2.295884e+00	1.282767e+00	-1.233155e+00
2.812725e+02	-7.734244e-01	-9.172286e-01	-1.805991e+00	2.215266e+00	1.269793e+00	-1.216266e+00
2.000602e+02	-8.688368e-01	-9.073280e-01	-1.777418e+00	2.130785e+00	1.277888e+00	-1.239129e+00
1.349236e+02	-9.620884e-01	-8.725792e-01	-1.735134e+00	2.039324e+00	1.288145e+00	-1.274840e+00
9.402175e+01	-1.060649e+00	-8.264153e-01	-1.670510e+00	1.961849e+00	1.297635e+00	-1.312119e+00
8.300041e+01	-1.152547e+00	-7.980108e-01	-1.601895e+00	1.889155e+00	1.305071e+00	-1.346466e+00
9.726760e+01	-1.237308e+00	-7.662614e-01	-1.522341e+00	1.826492e+00	1.313589e+00	-1.381168e+00
1.233063e+02	-1.313615e+00	-7.378470e-01	-1.451025e+00	1.806214e+00	1.311206e+00	-1.404978e+00
1.463818e+02	-1.364014e+00	-7.406489e-01	-1.396755e+00	1.790666e+00	1.307045e+00	-1.420783e+00
1.585227e+02	-1.390623e+00	-7.493444e-01	-1.341499e+00	1.793944e+00	1.298090e+00	-1.427908e+00
1.660982e+02	-1.413339e+00	-7.585249e-01	-1.296342e+00	1.818658e+00	1.282094e+00	-1.424764e+00
1.681738e+02	-1.424259e+00	-7.493042e-01	-1.268271e+00	1.850815e+00	1.271736e+00	-1.418435e+00
1.535165e+02	-1.410775e+00	-7.772803e-01	-1.258884e+00	1.888720e+00	1.260380e+00	-1.407125e+00
1.293066e+02	-1.376954e+00	-7.942071e-01	-1.257205e+00	1.929625e+00	1.246789e+00	-1.394221e+00
1.137347e+02	-1.347704e+00	-8.077067e-01	-1.254510e+00	1.969519e+00	1.233796e+00	-1.381051e+00
9.582651e+01	-1.299184e+00	-8.325768e-01	-1.252184e+00	2.011001e+00	1.227044e+00	-1.368706e+00
8.468361e+01	-1.255629e+00	-8.540038e-01	-1.248457e+00	2.044978e+00	1.225225e+00	-1.362851e+00
6.485823e+01	-1.202630e+00	-8.453647e-01	-1.259790e+00	2.075673e+00	1.223761e+00	-1.357041e+00
4.831519e+01	-1.146237e+00	-8.301975e-01	-1.272365e+00	2.097464e+00	1.227455e+00	-1.356739e+00
3.900124e+01	-1.089512e+00	-8.211025e-01	-1.279842e+00	2.112965e+00	1.235356e+00	-1.359772e+00
3.502529e+01	-1.039973e+00	-8.092790e-01	-1.283551e+00	2.119753e+00	1.244824e+00	-1.367195e+00
3.378735e+01	-9.999082e-01	-7.900174e-01	-1.274849e+00	2.121791e+00	1.255739e+00	-1.380038e+00
3.539460e+01	-9.667343e-01	-7.757279e-01	-1.261268e+00	2.121084e+00	1.268709e+00	-1.394465e+00
4.057662e+01	-9.381461e-01	-7.596073e-01	-1.247099e+00	2.119362e+00	1.281400e+00	-1.408843e+00
4.809452e+01	-9.123891e-01	-7.451533e-01	-1.234427e+00	2.109982e+00	1.290703e+00	-1.423552e+00
5.109992e+01	-8.994811e-01	-7.357806e-01	-1.207488e+00	2.096346e+00	1.298378e+00	-1.440170e+00
5.250168e+01	-8.892697e-01	-7.316377e-01	-1.177577e+00	2.088378e+00	1.303295e+00	-1.452501e+00
5.031238e+01	-8.905648e-01	-7.285490e-01	-1.138973e+00	2.080906e+00	1.308361e+00	-1.465378e+00
4.505918e+01	-8.980779e-01	-7.318953e-01	-1.100358e+00	2.071674e+00	1.310426e+00	-1.477642e+00
3.773058e+01	-9.043288e-01	-7.368923e-01	-1.068774e+00	2.064741e+00	1.303939e+00	-1.479876e+00
2.936210e+01	-9.124809e-01	-7.424025e-01	-1.034725e+00	2.064784e+00	1.294456e+00	-1.478467e+00
2.197793e+01	-9.216134e-01	-7.465517e-01	-1.004970e+00	2.063625e+00	1.282211e+00	-1.473964e+00
1.429256e+01	-9.347350e-01	-7.589548e-01	-9.749108e-01	2.062691e+00	1.267942e+00	-1.465665e+00
9.885951e+00	-9.469223e-01	-7.701610e-01	-9.479329e-01	2.065010e+00	1.255824e+00	-1.456201e+00
8.134906e+00	-9.577782e-01	-7.810339e-01	-9.250891e-01	2.069461e+00	1.242719e+00	-1.443807e+00
8.662690e+00	-9.692531e-01	-7.908927e-01	-9.034987e-01	2.073980e+00	1.231774e+00	-1.430987e+00
1.045895e+01	-9.808488e-01	-7.975417e-01	-8.822052e-01	2.077366e+00	1.223823e+00	-1.418333e+00
1.252102e+01	-9.902018e-01	-8.010822e-01	-8.629035e-01	2.079483e+00	1.218612e+00	-1.408662e+00
1.423601e+01	-9.987115e-01	-8.009946e-01	-8.464110e-01	2.082076e+00	1.215271e+00	-1.400978e+00
1.498325e+01	-1.005299e+00	-7.989329e-01	-8.311841e-01	2.084885e+00	1.215202e+00	-1.391866e+00
1.419805e+01	-1.005884e+00	-7.943871e-01	-8.196463e-01	2.083184e+00	1.216986e+00	-1.383888e+00
1.296410e+01	-1.007358e+00	-7.883968e-01	-8.071285e-01	2.078751e+00	1.221177e+00	-1.379194e+00
1.138086e+01	-1.007328e+00	-7.805967e-01	-7.993077e-01	2.073996e+00	1.225799e+00	-1.373318e+00
1.020869e+01	-1.007833e+00	-7.726234e-01	-7.913204e-01	2.068265e+00	1.230935e+00	-1.368700e+00
8.919391e+00	-1.005055e+00	-7.644224e-01	-7.847088e-01	2.065261e+00	1.236950e+00	-1.363127e+00
7.633366e+00	-9.987921e-01	-7.562096e-01	-7.814639e-01	2.059847e+00	1.242440e+00	-1.357926e+00
6.547135e+00	-9.909381e-01	-7.491332e-01	-7.827591e-01	2.055244e+00	1.246564e+00	-1.352017e+00
5.954043e+00	-9.838230e-01	-7.427705e-01	-7.840418e-01	2.051507e+00	1.249809e+00	-1.346552e+00
5.687795e+00	-9.755503e-01	-7.360694e-01	-7.858260e-01	2.046651e+00	1.252972e+00	-1.340723e+00
5.514445e+00	-9.666664e-01	-7.312009e-01	-7.886275e-01	2.045680e+00	1.254793e+00	-1.332891e+00
5.447609e+00	-9.594999e-01	-7.283449e-01	-7.917871e-01	2.043765e+00	1.254782e+00	-1.325052e+00
5.475160e+00	-9.524021e-01	-7.263354e-01	-7.954971e-01	2.043990e+00	1.253636e+00	-1.316617e+00
5.769632e+00	-9.460253e-01	-7.244777e-01	-7.987537e-01	2.044378e+00	1.253293e+00	-1.307986e+00
6.226396e+00	-9.397039e-01	-7.231742e-01	-8.020259e-01	2.045753e+00	1.252195e+00	-1.300017e+00
6.833408e+00	-9.347147e-01	-7.216027e-01	-8.050678e-01	2.049958e+00	1.250190e+00	-1.292104e+00
7.469429e+00	-9.305103e-01	-7.204550e-01	-8.068092e-01	2.050921e+00	1.248203e+00	-1.285088e+00
7.386148e+00	-9.305927e-01	-7.238186e-01	-8.053125e-01	2.051972e+00	1.246699e+00	-1.278157e+00
7.225132e+00	-9.308206e-01	-7.263669e-01	-8.031778e-01	2.050245e+00	1.245786e+00	-1.275053e+00
7.017306e+00	-9.312835e-01	-7.288719e-01	-8.004584e-01	2.046863e+00	1.245088e+00	-1.272041e+00
6.565119e+00	-9.341320e-01	-7.313914e-01	-7.960481e-01	2.044401e+00	1.243934e+00	-1.270783e+00
6.079190e+00	-9.370617e-01	-7.327614e-01	-7.908794e-01	2.041255e+00	1.243935e+00	-1.271457e+00
5.415840e+00	-9.419064e-01	-7.354756e-01	-7.842783e-01	2.035965e+00	1.245157e+00	-1.273759e+00
4.970558e+00	-9.464698e-01	-7.374456e-01	-7.774455e-01	2.029172e+00	1.247252e+00	-1.277921e+00
4.771879e+00	-9.519099e-01	-7.403486e-01	-7.712802e-01	2.024478e+00	1.248676e+00	-1.281515e+00
4.822650e+00	-9.561222e-01	-7.431842e-01	-7.657746e-01	2.020078e+00	1.249889e+00	-1.284729e+00
5.046598e+00	-9.603508e-01	-7.451758e-01	-7.604325e-01	2.016343e+00	1.251243e+00	-1.287650e+00
5.224726e+00	-9.631437e-01	-7.459010e-01	-7.575677e-01	2.015113e+00	1.251824e+00	-1.289440e+00
5.466634e+00	-9.661123e-01	-7.459173e-01	-7.545001e-01	2.014037e+00	1.252890e+00	-1.290217e+00
5.460236e+00	-9.682843e-01	-7.469473e-01	-7.537817e-01	2.017258e+00	1.252243e+00	-1.288930e+00
5.443861e+00	-9.688468e-01	-7.486485e-01	-7.533205e-01	2.019272e+00	1.251103e+00	-1.289162e+00
5.382065e+00	-9.684093e-01	-7.505521e-01	-7.534445e-01	2.021185e+00	1.249434e+00	-1.288430e+00
5.300187e+00	-9.666781e-01	-7.531555e-01	-7.541027e-01	2.025265e+00	1.246833e+00	-1.288259e+00
5.070991e+00	-9.641329e-01	-7.516669e-01	-7.571561e-01	2.029133e+00	1.244752e+00	-1.288845e+00
4.975365e+00	-9.622848e-01	-7.511375e-01	-7.598768e-01	2.033400e+00	1.243417e+00	-1.288078e+00
4.968054e+00	-9.617191e-01	-7.506166e-01	-7.614833e-01	2.036822e+00	1.241967e+00	-1.287599e+00
4.868607e+00	-9.601426e-01	-7.489260e-01	-7.626057e-01	2.038165e+00	1.242259e+00	-1.288564e+00
4.817978e+00	-9.586253e-01	-7.476274e-01	-7.639365e-01	2.041833e+00	1.242803e+00	-1.288101e+00
4.758065e+00	-9.563199e-01	-7.451009e-01	-7.666841e-01	2.044465e+00	1.242779e+00	-1.289024e+00
4.703261e+00	-9.535590e-01	-7.420368e-01	-7.685980e-01	2.046008e+00	1.243834e+00	-1.291780e+00
4.734944e+00	-9.505711e-01	-7.385447e-01	-7.717421e-01	2.046483e+00	1.244661e+00	-1.293770e+00
4.841828e+00	-9.482647e-01	-7.346328e-01	-7.739762e-01	2.047065e+00	1.245878e+00	-1.295166e+00
4.896173e+00	-9.478028e-01	-7.328264e-01	-7.751892e-01	2.047236e+00	1.246363e+00	-1.297002e+00
