# loss | a0 ... a6
1.459807e+03	-1.500000e+00	-8.333333e-01	-1.612333e+00	2.777778e+00	1.583333e+00	-3.771763e-01
1.114321e+03	-1.350000e+00	-9.833333e-01	-1.762333e+00	2.627778e+00	1.433333e+00	-5.271763e-01
6.840902e+02	-1.233366e+00	-9.522478e-01	-1.709533e+00	2.426672e+00	1.565602e+00	-7.025405e-01
4.866756e+02	-1.144244e+00	-9.889839e-01	-1.612121e+00	2.196809e+00	1.606903e+00	-8.909821e-01
3.512186e+02	-1.058960e+00	-9.129809e-01	-1.460507e+00	1.943372e+00	1.615706e+00	-1.082198e+00
2.946801e+02	-1.024002e+00	-9.038550e-01	-1.329263e+00	1.820762e+00	1.584675e+00	-1.184053e+00
2.535119e+02	-1.029507e+00	-8.289267e-01	-1.184521e+00	1.694062e+00	1.545457e+00	-1.270577e+00
1.901747e+02	-9.995415e-01	-7.730983e-01	-1.076408e+00	1.631734e+00	1.467954e+00	-1.317410e+00
1.636088e+02	-9.775668e-01	-7.307734e-01	-9.661144e-01	1.570195e+00	1.391250e+00	-1.364657e+00
1.599461e+02	-9.503022e-01	-7.100041e-01	-8.988348e-01	1.525335e+00	1.330035e+00	-1.399305e+00
1.574697e+02	-9.475849e-01	-7.099105e-01	-8.216693e-01	1.507358e+00	1.274112e+00	-1.430434e+00
1.502457e+02	-9.360117e-01	-7.344853e-01	-7.724577e-01	1.511884e+00	1.208264e+00	-1.450955e+00
1.544297e+02	-9.064172e-01	-7.748940e-01	-7.714933e-01	1.550266e+00	1.130055e+00	-1.458778e+00
1.900970e+02	-8.896332e-01	-8.102491e-01	-7.796212e-01	1.601139e+00	1.062355e+00	-1.463903e+00
2.379904e+02	-8.623363e-01	-8.353003e-01	-7.995725e-01	1.660344e+00	1.014642e+00	-1.457512e+00
2.651369e+02	-8.398889e-01	-8.393868e-01	-8.124824e-01	1.727286e+00	9.933366e-01	-1.453321e+00
2.323573e+02	-8.917005e-01	-8.023288e-01	-7.770047e-01	1.775007e+00	9.958598e-01	-1.463342e+00
1.748797e+02	-9.417481e-01	-7.623231e-01	-7.331441e-01	1.814825e+00	1.023028e+00	-1.464839e+00
1.270267e+02	-9.858762e-01	-7.156631e-01	-6.901351e-01	1.844527e+00	1.058126e+00	-1.469523e+00
1.018390e+02	-1.022553e+00	-6.684442e-01	-6.525816e-01	1.870538e+00	1.091246e+00	-1.474790e+00
8.321215e+01	-1.018512e+00	-6.239543e-01	-6.293229e-01	1.903559e+00	1.126480e+00	-1.477835e+00
7.294785e+01	-9.962557e-01	-5.873487e-01	-6.152844e-01	1.939759e+00	1.160028e+00	-1.479408e+00
6.683119e+01	-9.565719e-01	-5.632191e-01	-6.094441e-01	1.977959e+00	1.197743e+00	-1.473783e+00
5.518257e+01	-9.277024e-01	-5.728265e-01	-6.042103e-01	2.021884e+00	1.221996e+00	-1.459763e+00
4.225181e+01	-8.765187e-01	-6.033962e-01	-6.188906e-01	2.063613e+00	1.238010e+00	-1.439435e+00
4.110673e+01	-8.211824e-01	-6.377185e-01	-6.395706e-01	2.102246e+00	1.250415e+00	-1.419074e+00
5.111751e+01	-7.702345e-01	-6.703508e-01	-6.615864e-01	2.137830e+00	1.257291e+00	-1.398518e+00
5.283435e+01	-7.553484e-01	-7.086319e-01	-6.658116e-01	2.169924e+00	1.263768e+00	-1.379763e+00
4.248683e+01	-7.778455e-01	-7.563508e-01	-6.627241e-01	2.198603e+00	1.265941e+00	-1.361575e+00
3.579937e+01	-8.120654e-01	-7.943130e-01	-6.586193e-01	2.221377e+00	1.269041e+00	-1.345896e+00
3.664915e+01	-8.410203e-01	-8.237459e-01	-6.581937e-01	2.240801e+00	1.273683e+00	-1.333249e+00
3.933034e+01	-8.792320e-01	-8.484227e-01	-6.554258e-01	2.248708e+00	1.277258e+00	-1.324537e+00
4.301327e+01	-9.151061e-01	-8.579391e-01	-6.476307e-01	2.252161e+00	1.277685e+00	-1.320420e+00
4.870741e+01	-9.483776e-01	-8.644447e-01	-6.374730e-01	2.247882e+00	1.277811e+00	-1.317267e+00
4.850757e+01	-9.669149e-01	-8.576787e-01	-6.320753e-01	2.237796e+00	1.277415e+00	-1.318843e+00
3.896688e+01	-9.695362e-01	-8.357825e-01	-6.479800e-01	2.227880e+00	1.275426e+00	-1.322210e+00
2.367470e+01	-9.566517e-01	-7.930872e-01	-6.856029e-01	2.215912e+00	1.275280e+00	-1.325959e+00
1.604422e+01	-9.452208e-01	-7.545592e-01	-7.175791e-01	2.196471e+00	1.276010e+00	-1.329457e+00
1.549534e+01	-9.305872e-01	-7.153601e-01	-7.531948e-01	2.179017e+00	1.276842e+00	-1.332315e+00
1.896548e+01	-9.180759e-01	-6.847207e-01	-7.852491e-01	2.160482e+00	1.272790e+00	-1.337323e+00
2.420870e+01	-9.104913e-01	-6.617468e-01	-8.129028e-01	2.144248e+00	1.268131e+00	-1.340702e+00
2.592697e+01	-9.102737e-01	-6.507176e-01	-8.236769e-01	2.127855e+00	1.261296e+00	-1.345580e+00
2.830461e+01	-9.091615e-01	-6.412582e-01	-8.335479e-01	2.112467e+00	1.255374e+00	-1.349912e+00
2.301783e+01	-9.195884e-01	-6.491537e-01	-8.260152e-01	2.096506e+00	1.248068e+00	-1.352349e+00
1.812167e+01	-9.286514e-01	-6.617603e-01	-8.246588e-01	2.082837e+00	1.239798e+00	-1.352397e+00
1.240098e+01	-9.420002e-01	-6.820165e-01	-8.171420e-01	2.070851e+00	1.231083e+00	-1.351728e+00
8.241965e+00	-9.589688e-01	-7.055102e-01	-8.038520e-01	2.061071e+00	1.224676e+00	-1.350046e+00
7.061675e+00	-9.758642e-01	-7.277431e-01	-7.866658e-01	2.050457e+00	1.221093e+00	-1.349793e+00
8.779884e+00	-9.901345e-01	-7.489493e-01	-7.725654e-01	2.040418e+00	1.217370e+00	-1.349095e+00
1.143711e+01	-9.990617e-01	-7.669847e-01	-7.578855e-01	2.031570e+00	1.218307e+00	-1.348469e+00
1.169287e+01	-9.979136e-01	-7.719486e-01	-7.621693e-01	2.023632e+00	1.218946e+00	-1.347608e+00
1.168292e+01	-9.939681e-01	-7.764594e-01	-7.652262e-01	2.017247e+00	1.219560e+00	-1.347130e+00
1.042469e+01	-9.848078e-01	-7.754958e-01	-7.720396e-01	2.011477e+00	1.220601e+00	-1.346227e+00
8.606697e+00	-9.716465e-01	-7.680995e-01	-7.866230e-01	2.006182e+00	1.221682e+00	-1.345521e+00
7.296362e+00	-9.600600e-01	-7.608872e-01	-7.986798e-01	2.002399e+00	1.226451e+00	-1.344135e+00
7.040129e+00	-9.469253e-01	-7.513853e-01	-8.136790e-01	2.000590e+00	1.230267e+00	-1.342790e+00
7.680437e+00	-9.372139e-01	-7.403555e-01	-8.247595e-01	1.999378e+00	1.234496e+00	-1.341920e+00
8.765970e+00	-9.286344e-01	-7.310178e-01	-8.346943e-01	2.002181e+00	1.239785e+00	-1.339629e+00
9.816221e+00	-9.260696e-01	-7.215423e-01	-8.400685e-01	2.004646e+00	1.244774e+00	-1.337906e+00
1.017505e+01	-9.267654e-01	-7.169884e-01	-8.403500e-01	2.006710e+00	1.249028e+00	-1.336621e+00
9.266263e+00	-9.307698e-01	-7.191772e-01	-8.393872e-01	2.010604e+00	1.250454e+00	-1.333756e+00
8.265127e+00	-9.360856e-01	-7.214555e-01	-8.389918e-01	2.016123e+00	1.251005e+00	-1.331014e+00
6.753131e+00	-9.430023e-01	-7.287905e-01	-8.373101e-01	2.022199e+00	1.251150e+00	-1.327074e+00
5.691625e+00	-9.490772e-01	-7.357109e-01	-8.364328e-01	2.028542e+00	1.249827e+00	-1.323617e+00
4.756543e+00	-9.590617e-01	-7.437526e-01	-8.292887e-01	2.034264e+00	1.249011e+00	-1.320486e+00
4.492431e+00	-9.668206e-01	-7.511389e-01	-8.231081e-01	2.040746e+00	1.247834e+00	-1.317497e+00
4.649956e+00	-9.718519e-01	-7.578986e-01	-8.167680e-01	2.046313e+00	1.248002e+00	-1.315195e+00
4.878479e+00	-9.766686e-01	-7.595007e-01	-8.127440e-01	2.051047e+00	1.247917e+00	-1.313822e+00
4.965025e+00	-9.786695e-01	-7.585770e-01	-8.118282e-01	2.054386e+00	1.247410e+00	-1.312474e+00
4.978724e+00	-9.774559e-01	-7.586359e-01	-8.111196e-01	2.056198e+00	1.246943e+00	-1.310856e+00
4.982904e+00	-9.786445e-01	-7.563392e-01	-8.081536e-01	2.057462e+00	1.246497e+00	-1.310746e+00
4.668384e+00	-9.753061e-01	-7.479538e-01	-8.114588e-01	2.057684e+00	1.247364e+00	-1.311513e+00
4.634439e+00	-9.692820e-01	-7.405262e-01	-8.147896e-01	2.058654e+00	1.247730e+00	-1.311984e+00
4.882461e+00	-9.634980e-01	-7.341405e-01	-8.182248e-01	2.059680e+00	1.248027e+00	-1.312208e+00
5.460330e+00	-9.553669e-01	-7.278101e-01	-8.205310e-01	2.060725e+00	1.248276e+00	-1.312517e+00
5.553110e+00	-9.523097e-01	-7.272620e-01	-8.165076e-01	2.061407e+00	1.247986e+00	-1.313254e+00
5.629118e+00	-9.497820e-01	-7.262913e-01	-8.119276e-01	2.060293e+00	1.248396e+00	-1.314578e+00
5.395617e+00	-9.498695e-01	-7.283324e-01	-8.055592e-01	2.059521e+00	1.248633e+00	-1.315129e+00
5.222943e+00	-9.496848e-01	-7.302234e-01	-7.999859e-01	2.059157e+00	1.247920e+00	-1.316326e+00
5.101793e+00	-9.494900e-01	-7.314676e-01	-7.936169e-01	2.059072e+00	1.247172e+00	-1.317476e+00
4.936549e+00	-9.497826e-01	-7.340427e-01	-7.864334e-01	2.057152e+00	1.247194e+00	-1.318754e+00
4.856199e+00	-9.501267e-01	-7.361993e-01	-7.795113e-01	2.055612e+00	1.247960e+00	-1.320015e+00
4.787632e+00	-9.496651e-01	-7.398429e-01	-7.745363e-01	2.053295e+00	1.247627e+00	-1.320266e+00
4.785428e+00	-9.483888e-01	-7.418200e-01	-7.726630e-01	2.051418e+00	1.246280e+00	-1.320968e+00
4.812667e+00	-9.474860e-01	-7.425178e-01	-7.698958e-01	2.050008e+00	1.245596e+00	-1.321606e+00
4.858858e+00	-9.466017e-01	-7.432142e-01	-7.673834e-01	2.047376e+00	1.244170e+00	-1.322710e+00
4.925034e+00	-9.458177e-01	-7.416521e-01	-7.671888e-01	2.045480e+00	1.242480e+00	-1.323511e+00
5.037487e+00	-9.440492e-01	-7.411924e-01	-7.678998e-01	2.045000e+00	1.240126e+00	-1.323703e+00
5.120973e+00	-9.422688e-01	-7.396679e-01	-7.687785e-01	2.044576e+00	1.240067e+00	-1.323728e+00
5.148032e+00	-9.413607e-01	-7.388585e-01	-7.688682e-01	2.044005e+00	1.240723e+00	-1.323261e+00
5.249631e+00	-9.397680e-01	-7.369968e-01	-7.705913e-01	2.043359e+00	1.241093e+00	-1.322960e+00
5.405200e+00	-9.370386e-01	-7.361244e-01	-7.727339e-01	2.042385e+00	1.241764e+00	-1.322638e+00
5.462068e+00	-9.374085e-01	-7.337634e-01	-7.742406e-01	2.042935e+00	1.241817e+00	-1.322428e+00
5.444694e+00	-9.404283e-01	-7.305482e-01	-7.750668e-01	2.043431e+00	1.241054e+00	-1.322583e+00
5.343588e+00	-9.434472e-01	-7.291588e-01	-7.747535e-01	2.043947e+00	1.241892e+00	-1.322529e+00
5.194302e+00	-9.473031e-01	-7.288246e-01	-7.741913e-01	2.044621e+00	1.242354e+00	-1.322078e+00
5.113537e+00	-9.490541e-01	-7.290568e-01	-7.740519e-01	2.045699e+00	1.242379e+00	-1.321435e+00
