# loss | a0 ... a6
4.806446e+03	4.074074e-02	4.833333e-01	-8.513641e-01	3.155556e+00	2.655556e+00	-8.513641e-01
4.200183e+03	1.982407e-01	6.408333e-01	-1.008864e+00	2.998056e+00	2.498056e+00	-6.938641e-01
3.628830e+03	3.068507e-01	7.739064e-01	-1.171278e+00	2.800239e+00	2.431365e+00	-8.282417e-01
2.937387e+03	4.895686e-01	9.571063e-01	-1.209325e+00	2.576538e+00	2.290318e+00	-8.556835e-01
2.371307e+03	6.357141e-01	1.183871e+00	-1.365951e+00	2.336726e+00	2.123731e+00	-9.027673e-01
1.943383e+03	7.456604e-01	1.177373e+00	-1.522539e+00	2.146692e+00	1.986423e+00	-9.464349e-01
1.589128e+03	8.415846e-01	1.186022e+00	-1.691398e+00	1.960884e+00	1.835312e+00	-1.024173e+00
1.278758e+03	9.208138e-01	1.103084e+00	-1.879370e+00	1.769682e+00	1.682371e+00	-1.099485e+00
1.122092e+03	9.853717e-01	1.002744e+00	-2.050635e+00	1.588592e+00	1.536956e+00	-1.180358e+00
1.101960e+03	1.019968e+00	9.354367e-01	-2.197828e+00	1.442812e+00	1.432400e+00	-1.253452e+00
1.143421e+03	1.044786e+00	8.903687e-01	-2.354523e+00	1.308434e+00	1.343935e+00	-1.329308e+00
1.213788e+03	1.068821e+00	8.674921e-01	-2.477221e+00	1.194494e+00	1.268754e+00	-1.398121e+00
1.298994e+03	1.090475e+00	8.471590e-01	-2.587284e+00	1.094337e+00	1.206161e+00	-1.455439e+00
1.373454e+03	1.093252e+00	8.324191e-01	-2.691700e+00	1.005592e+00	1.163104e+00	-1.508759e+00
1.441751e+03	1.095753e+00	8.192497e-01	-2.785707e+00	9.284707e-01	1.131619e+00	-1.548954e+00
1.453252e+03	1.106438e+00	8.637246e-01	-2.843979e+00	8.675299e-01	1.104762e+00	-1.589123e+00
1.385145e+03	1.110490e+00	9.606696e-01	-2.845845e+00	8.363128e-01	1.108331e+00	-1.617360e+00
1.309637e+03	1.121817e+00	1.065540e+00	-2.818684e+00	8.259830e-01	1.127527e+00	-1.630482e+00
1.266796e+03	1.133932e+00	1.150233e+00	-2.784901e+00	8.186525e-01	1.142711e+00	-1.640914e+00
1.236541e+03	1.156623e+00	1.227007e+00	-2.738712e+00	8.202736e-01	1.157196e+00	-1.646886e+00
1.222808e+03	1.177052e+00	1.296167e+00	-2.697196e+00	8.214895e-01	1.170952e+00	-1.653491e+00
1.208740e+03	1.200219e+00	1.327328e+00	-2.636205e+00	8.303486e-01	1.177279e+00	-1.656641e+00
1.192760e+03	1.222190e+00	1.348818e+00	-2.568423e+00	8.433458e-01	1.178644e+00	-1.653811e+00
1.173477e+03	1.248529e+00	1.351218e+00	-2.497050e+00	8.600150e-01	1.179109e+00	-1.651562e+00
1.157219e+03	1.273487e+00	1.365492e+00	-2.419389e+00	8.760701e-01	1.183143e+00	-1.645937e+00
1.136459e+03	1.301424e+00	1.358953e+00	-2.333218e+00	8.977758e-01	1.180998e+00	-1.637530e+00
1.121267e+03	1.321447e+00	1.355086e+00	-2.253067e+00	9.149098e-01	1.178898e+00	-1.629851e+00
1.106782e+03	1.343642e+00	1.337024e+00	-2.165183e+00	9.349715e-01	1.173618e+00	-1.621763e+00
1.097474e+03	1.365437e+00	1.328652e+00	-2.074501e+00	9.541056e-01	1.171301e+00	-1.611090e+00
1.092694e+03	1.387681e+00	1.322333e+00	-1.978052e+00	9.736400e-01	1.169037e+00	-1.597948e+00
1.093094e+03	1.408174e+00	1.319072e+00	-1.886089e+00	9.915104e-01	1.167840e+00	-1.584593e+00
1.093577e+03	1.407154e+00	1.318041e+00	-1.809238e+00	9.975301e-01	1.163683e+00	-1.575183e+00
1.094589e+03	1.405036e+00	1.320387e+00	-1.745367e+00	1.001688e+00	1.162000e+00	-1.569772e+00
1.095797e+03	1.403050e+00	1.324774e+00	-1.690287e+00	1.004919e+00	1.162148e+00	-1.566945e+00
1.095689e+03	1.399798e+00	1.336416e+00	-1.642582e+00	1.006328e+00	1.164625e+00	-1.564362e+00
1.093513e+03	1.387504e+00	1.348190e+00	-1.600505e+00	1.002742e+00	1.165196e+00	-1.563586e+00
1.088264e+03	1.365469e+00	1.361267e+00	-1.572076e+00	9.934769e-01	1.165108e+00	-1.567322e+00
1.082253e+03	1.337910e+00	1.376286e+00	-1.550660e+00	9.807530e-01	1.164788e+00	-1.573804e+00
1.077016e+03	1.305531e+00	1.390689e+00	-1.532658e+00	9.654134e-01	1.162732e+00	-1.580849e+00
1.073967e+03	1.276513e+00	1.402266e+00	-1.516929e+00	9.518482e-01	1.160667e+00	-1.588141e+00
1.072499e+03	1.249726e+00	1.413408e+00	-1.507450e+00	9.390838e-01	1.159822e+00	-1.596811e+00
1.072005e+03	1.223519e+00	1.420021e+00	-1.495161e+00	9.272786e-01	1.156617e+00	-1.604401e+00
1.072216e+03	1.201403e+00	1.423948e+00	-1.482402e+00	9.177257e-01	1.153464e+00	-1.611405e+00
1.072461e+03	1.183179e+00	1.424167e+00	-1.464596e+00	9.107050e-01	1.149166e+00	-1.617703e+00
1.073351e+03	1.165811e+00	1.425931e+00	-1.457795e+00	9.034759e-01	1.147538e+00	-1.627851e+00
1.074025e+03	1.153237e+00	1.425453e+00	-1.452764e+00	8.987684e-01	1.147001e+00	-1.638812e+00
1.073849e+03	1.145196e+00	1.420293e+00	-1.440721e+00	8.971600e-01	1.144749e+00	-1.647801e+00
1.073529e+03	1.139671e+00	1.414287e+00	-1.424064e+00	8.969292e-01	1.141610e+00	-1.655007e+00
1.073552e+03	1.134129e+00	1.409692e+00	-1.414336e+00	8.963167e-01	1.139861e+00	-1.663835e+00
1.073237e+03	1.131868e+00	1.403511e+00	-1.408664e+00	8.975298e-01	1.139137e+00	-1.674076e+00
1.072780e+03	1.132323e+00	1.399069e+00	-1.403394e+00	8.996130e-01	1.139585e+00	-1.683372e+00
1.072207e+03	1.135371e+00	1.391734e+00	-1.393588e+00	9.034700e-01	1.138620e+00	-1.691254e+00
1.071774e+03	1.139291e+00	1.386239e+00	-1.384498e+00	9.073848e-01	1.138228e+00	-1.698811e+00
1.071493e+03	1.143406e+00	1.381296e+00	-1.376881e+00	9.112138e-01	1.138083e+00	-1.705740e+00
1.071184e+03	1.147005e+00	1.377681e+00	-1.375043e+00	9.146716e-01	1.138601e+00	-1.713780e+00
1.070428e+03	1.152070e+00	1.378892e+00	-1.375447e+00	9.180691e-01	1.141121e+00	-1.722059e+00
1.069929e+03	1.160035e+00	1.376681e+00	-1.371502e+00	9.233905e-01	1.142351e+00	-1.729095e+00
1.069806e+03	1.169192e+00	1.372886e+00	-1.364634e+00	9.294552e-01	1.142785e+00	-1.734959e+00
1.070108e+03	1.178974e+00	1.368062e+00	-1.357680e+00	9.359194e-01	1.142754e+00	-1.739969e+00
1.070021e+03	1.188178e+00	1.367788e+00	-1.353572e+00	9.414760e-01	1.144310e+00	-1.745690e+00
1.069305e+03	1.194208e+00	1.370526e+00	-1.359146e+00	9.453575e-01	1.146468e+00	-1.753357e+00
1.068704e+03	1.200414e+00	1.374551e+00	-1.361904e+00	9.489742e-01	1.148737e+00	-1.759878e+00
1.067879e+03	1.206085e+00	1.379776e+00	-1.371913e+00	9.524372e-01	1.151477e+00	-1.767812e+00
1.067217e+03	1.208031e+00	1.384806e+00	-1.381924e+00	9.540572e-01	1.152937e+00	-1.775482e+00
1.066716e+03	1.209989e+00	1.390013e+00	-1.392338e+00	9.556592e-01	1.154492e+00	-1.783255e+00
1.066317e+03	1.209031e+00	1.396963e+00	-1.407356e+00	9.557069e-01	1.156093e+00	-1.792174e+00
1.066270e+03	1.207311e+00	1.403778e+00	-1.418542e+00	9.553169e-01	1.157024e+00	-1.800442e+00
1.066386e+03	1.206911e+00	1.409296e+00	-1.427248e+00	9.556933e-01	1.157297e+00	-1.807690e+00
1.066309e+03	1.208293e+00	1.410749e+00	-1.433356e+00	9.575555e-01	1.156120e+00	-1.813976e+00
1.065951e+03	1.212844e+00	1.408425e+00	-1.433170e+00	9.614698e-01	1.153597e+00	-1.818774e+00
1.065665e+03	1.213675e+00	1.407664e+00	-1.430783e+00	9.633332e-01	1.150071e+00	-1.823567e+00
1.065493e+03	1.213873e+00	1.408023e+00	-1.434585e+00	9.647876e-01	1.147663e+00	-1.829590e+00
1.065289e+03	1.214816e+00	1.407211e+00	-1.437964e+00	9.667932e-01	1.144756e+00	-1.835172e+00
1.065133e+03	1.217257e+00	1.407235e+00	-1.444055e+00	9.695493e-01	1.142735e+00	-1.842142e+00
1.065008e+03	1.219647e+00	1.408361e+00	-1.449244e+00	9.720211e-01	1.141065e+00	-1.848615e+00
1.064885e+03	1.219577e+00	1.409934e+00	-1.453571e+00	9.731664e-01	1.138719e+00	-1.854724e+00
1.064665e+03	1.219757e+00	1.408480e+00	-1.453260e+00	9.748605e-01	1.134514e+00	-1.859253e+00
1.064489e+03	1.221425e+00	1.405659e+00	-1.448355e+00	9.774306e-01	1.129529e+00	-1.862766e+00
1.064379e+03	1.222278e+00	1.405802e+00	-1.452093e+00	9.792839e-01	1.126739e+00	-1.868820e+00
1.064264e+03	1.220739e+00	1.407101e+00	-1.454748e+00	9.797393e-01	1.123416e+00	-1.874523e+00
1.064177e+03	1.220395e+00	1.407146e+00	-1.453148e+00	9.809279e-01	1.119200e+00	-1.878849e+00
1.064049e+03	1.220898e+00	1.408757e+00	-1.449805e+00	9.820810e-01	1.115649e+00	-1.882352e+00
1.064009e+03	1.222382e+00	1.408744e+00	-1.444396e+00	9.839499e-01	1.111732e+00	-1.885297e+00
1.063978e+03	1.223847e+00	1.409040e+00	-1.442648e+00	9.858976e-01	1.108170e+00	-1.889115e+00
1.063812e+03	1.223193e+00	1.411983e+00	-1.442833e+00	9.864493e-01	1.105186e+00	-1.894140e+00
1.063670e+03	1.220985e+00	1.415561e+00	-1.443190e+00	9.860777e-01	1.101934e+00	-1.898845e+00
1.063661e+03	1.219614e+00	1.417312e+00	-1.440353e+00	9.863516e-01	1.097963e+00	-1.902373e+00
1.063642e+03	1.218860e+00	1.418754e+00	-1.439523e+00	9.869924e-01	1.094807e+00	-1.906776e+00
1.063364e+03	1.218984e+00	1.424133e+00	-1.441330e+00	9.874045e-01	1.093374e+00	-1.912362e+00
1.063164e+03	1.219097e+00	1.429063e+00	-1.443008e+00	9.877795e-01	1.092072e+00	-1.917455e+00
1.063005e+03	1.218760e+00	1.436577e+00	-1.447592e+00	9.875005e-01	1.091708e+00	-1.923627e+00
1.063005e+03	1.219033e+00	1.443220e+00	-1.453837e+00	9.874901e-01	1.091921e+00	-1.929189e+00
1.062767e+03	1.222583e+00	1.445349e+00	-1.451564e+00	9.901148e-01	1.090366e+00	-1.933906e+00
1.062484e+03	1.226671e+00	1.445305e+00	-1.446522e+00	9.934407e-01	1.087449e+00	-1.937333e+00
1.062261e+03	1.231629e+00	1.443675e+00	-1.439482e+00	9.974235e-01	1.084033e+00	-1.939966e+00
1.062084e+03	1.236861e+00	1.444197e+00	-1.434843e+00	1.001114e+00	1.082094e+00	-1.943848e+00
1.061917e+03	1.241034e+00	1.445354e+00	-1.434242e+00	1.004140e+00	1.081288e+00	-1.948839e+00
1.061775e+03	1.243852e+00	1.446295e+00	-1.436727e+00	1.006518e+00	1.080425e+00	-1.953712e+00
1.061612e+03	1.246852e+00	1.447069e+00	-1.441391e+00	1.009118e+00	1.080081e+00	-1.959668e+00
1.061468e+03	1.249639e+00	1.448179e+00	-1.445021e+00	1.011459e+00	1.079788e+00	-1.965069e+00
1.061328e+03	1.253117e+00	1.449854e+00	-1.446294e+00	1.014013e+00	1.079409e+00	-1.970290e+00
