# loss | a0 ... a6
1.813527e+03	-1.114815e+00	-2.550000e+00	-2.358217e+00	2.192593e+00	1.307407e+00	-4.746508e-01
1.409159e+03	-1.114815e+00	-2.550000e+00	-2.358217e+00	2.037593e+00	1.462407e+00	-6.296508e-01
1.359409e+03	-9.598148e-01	-2.705000e+00	-2.513217e+00	1.884960e+00	1.606233e+00	-8.172360e-01
1.520859e+03	-8.398081e-01	-2.810415e+00	-2.593191e+00	1.740574e+00	1.733214e+00	-1.012319e+00
1.681336e+03	-7.317481e-01	-2.905337e+00	-2.665204e+00	1.566110e+00	1.796382e+00	-1.209047e+00
1.726717e+03	-6.593415e-01	-2.968940e+00	-2.713457e+00	1.464884e+00	1.794138e+00	-1.324407e+00
1.760627e+03	-5.954591e-01	-3.024254e+00	-2.753518e+00	1.363629e+00	1.779348e+00	-1.437101e+00
1.739832e+03	-5.379365e-01	-3.074061e+00	-2.789589e+00	1.270369e+00	1.733748e+00	-1.505836e+00
1.611430e+03	-4.861402e-01	-3.118910e+00	-2.822070e+00	1.253431e+00	1.636045e+00	-1.515475e+00
1.526096e+03	-4.461367e-01	-3.153529e+00	-2.847080e+00	1.239259e+00	1.558978e+00	-1.524853e+00
1.435931e+03	-4.101154e-01	-3.184701e+00	-2.869601e+00	1.249506e+00	1.477477e+00	-1.519938e+00
1.319891e+03	-3.776801e-01	-3.212771e+00	-2.889880e+00	1.302070e+00	1.367794e+00	-1.481223e+00
1.252498e+03	-3.484737e-01	-3.238046e+00	-2.908139e+00	1.368629e+00	1.266804e+00	-1.446652e+00
1.243391e+03	-3.245505e-01	-3.258749e+00	-2.923094e+00	1.428144e+00	1.178356e+00	-1.413762e+00
1.264358e+03	-3.030089e-01	-3.277391e+00	-2.936561e+00	1.505819e+00	1.110226e+00	-1.386432e+00
1.309162e+03	-2.836117e-01	-3.294177e+00	-2.948686e+00	1.589060e+00	1.056670e+00	-1.358798e+00
1.356324e+03	-2.661455e-01	-3.309292e+00	-2.959605e+00	1.662866e+00	1.022748e+00	-1.336561e+00
1.345908e+03	-2.513826e-01	-3.322067e+00	-2.968833e+00	1.739881e+00	1.030980e+00	-1.306990e+00
1.305650e+03	-2.380893e-01	-3.333571e+00	-2.977143e+00	1.801347e+00	1.055603e+00	-1.301380e+00
1.244993e+03	-2.261194e-01	-3.343930e+00	-2.984626e+00	1.849663e+00	1.092154e+00	-1.317095e+00
1.196907e+03	-2.153411e-01	-3.353257e+00	-2.991364e+00	1.893320e+00	1.125718e+00	-1.330501e+00
1.158011e+03	-2.060516e-01	-3.361296e+00	-2.997171e+00	1.935113e+00	1.157738e+00	-1.343956e+00
1.118767e+03	-1.976869e-01	-3.368535e+00	-3.002399e+00	1.972286e+00	1.197671e+00	-1.365590e+00
1.092670e+03	-1.901549e-01	-3.375053e+00	-3.007108e+00	2.007420e+00	1.237697e+00	-1.382997e+00
1.078158e+03	-1.833727e-01	-3.380922e+00	-3.011348e+00	2.036042e+00	1.280483e+00	-1.408180e+00
1.078060e+03	-1.774497e-01	-3.386048e+00	-3.015050e+00	2.059902e+00	1.318094e+00	-1.431834e+00
1.086723e+03	-1.721164e-01	-3.390663e+00	-3.018384e+00	2.084911e+00	1.348190e+00	-1.451240e+00
1.098586e+03	-1.673141e-01	-3.394819e+00	-3.021386e+00	2.111046e+00	1.370880e+00	-1.466326e+00
1.111627e+03	-1.629898e-01	-3.398561e+00	-3.024089e+00	2.130277e+00	1.389246e+00	-1.484746e+00
1.126562e+03	-1.591776e-01	-3.401860e+00	-3.026472e+00	2.147086e+00	1.406268e+00	-1.501919e+00
1.128621e+03	-1.557450e-01	-3.404831e+00	-3.028618e+00	2.170000e+00	1.407235e+00	-1.503378e+00
1.126332e+03	-1.526541e-01	-3.407506e+00	-3.030550e+00	2.187725e+00	1.403086e+00	-1.509616e+00
1.115866e+03	-1.498709e-01	-3.409914e+00	-3.032290e+00	2.198507e+00	1.389317e+00	-1.510065e+00
1.108258e+03	-1.474001e-01	-3.412052e+00	-3.033835e+00	2.207963e+00	1.377874e+00	-1.511233e+00
1.098642e+03	-1.451753e-01	-3.413978e+00	-3.035225e+00	2.220789e+00	1.360692e+00	-1.507382e+00
1.090439e+03	-1.431720e-01	-3.415711e+00	-3.036478e+00	2.226193e+00	1.342980e+00	-1.506857e+00
1.082775e+03	-1.413681e-01	-3.417272e+00	-3.037605e+00	2.228647e+00	1.317845e+00	-1.502143e+00
1.080088e+03	-1.397582e-01	-3.418666e+00	-3.038612e+00	2.229977e+00	1.297214e+00	-1.501222e+00
1.081063e+03	-1.383085e-01	-3.419920e+00	-3.039518e+00	2.232105e+00	1.277996e+00	-1.498283e+00
1.084778e+03	-1.370032e-01	-3.421050e+00	-3.040334e+00	2.230763e+00	1.258159e+00	-1.496956e+00
1.088156e+03	-1.358278e-01	-3.422067e+00	-3.041069e+00	2.223396e+00	1.243545e+00	-1.501158e+00
1.088688e+03	-1.347744e-01	-3.422978e+00	-3.041727e+00	2.214662e+00	1.236229e+00	-1.512643e+00
1.087999e+03	-1.338259e-01	-3.423799e+00	-3.042320e+00	2.207207e+00	1.232904e+00	-1.524251e+00
1.085969e+03	-1.329718e-01	-3.424538e+00	-3.042854e+00	2.198725e+00	1.233070e+00	-1.535146e+00
1.083187e+03	-1.322027e-01	-3.425204e+00	-3.043335e+00	2.183326e+00	1.234119e+00	-1.547430e+00
1.080737e+03	-1.315112e-01	-3.425802e+00	-3.043767e+00	2.166450e+00	1.235943e+00	-1.556704e+00
1.077593e+03	-1.308886e-01	-3.426341e+00	-3.044156e+00	2.150151e+00	1.240961e+00	-1.569418e+00
1.074694e+03	-1.303279e-01	-3.426826e+00	-3.044507e+00	2.134974e+00	1.248433e+00	-1.583973e+00
1.073098e+03	-1.298231e-01	-3.427263e+00	-3.044822e+00	2.120584e+00	1.255341e+00	-1.596980e+00
1.072251e+03	-1.293679e-01	-3.427657e+00	-3.045107e+00	2.108749e+00	1.263175e+00	-1.604879e+00
1.072248e+03	-1.289581e-01	-3.428012e+00	-3.045363e+00	2.099715e+00	1.268097e+00	-1.611492e+00
1.072559e+03	-1.285891e-01	-3.428331e+00	-3.045594e+00	2.091261e+00	1.272661e+00	-1.616666e+00
1.073373e+03	-1.282568e-01	-3.428619e+00	-3.045801e+00	2.081369e+00	1.277856e+00	-1.623682e+00
1.073928e+03	-1.279566e-01	-3.428878e+00	-3.045989e+00	2.075121e+00	1.279647e+00	-1.626622e+00
1.074339e+03	-1.276863e-01	-3.429112e+00	-3.046158e+00	2.070750e+00	1.282738e+00	-1.626264e+00
1.074935e+03	-1.274429e-01	-3.429323e+00	-3.046310e+00	2.064644e+00	1.285158e+00	-1.626802e+00
1.074708e+03	-1.272237e-01	-3.429513e+00	-3.046447e+00	2.062471e+00	1.282807e+00	-1.624609e+00
1.074625e+03	-1.270254e-01	-3.429684e+00	-3.046571e+00	2.059053e+00	1.280531e+00	-1.622628e+00
1.074171e+03	-1.268468e-01	-3.429839e+00	-3.046683e+00	2.059854e+00	1.274078e+00	-1.619696e+00
1.073859e+03	-1.266860e-01	-3.429978e+00	-3.046783e+00	2.061529e+00	1.272213e+00	-1.615835e+00
1.073495e+03	-1.265411e-01	-3.430103e+00	-3.046874e+00	2.065088e+00	1.265983e+00	-1.607381e+00
1.073501e+03	-1.264099e-01	-3.430217e+00	-3.046956e+00	2.067817e+00	1.262390e+00	-1.603432e+00
1.073437e+03	-1.262917e-01	-3.430319e+00	-3.047030e+00	2.073980e+00	1.258720e+00	-1.595623e+00
1.073857e+03	-1.261853e-01	-3.430411e+00	-3.047096e+00	2.079180e+00	1.253809e+00	-1.585594e+00
1.074581e+03	-1.260895e-01	-3.430494e+00	-3.047156e+00	2.084243e+00	1.249403e+00	-1.576794e+00
1.074449e+03	-1.260026e-01	-3.430569e+00	-3.047210e+00	2.089433e+00	1.249844e+00	-1.568381e+00
1.074390e+03	-1.259243e-01	-3.430637e+00	-3.047259e+00	2.094093e+00	1.250353e+00	-1.561075e+00
1.074356e+03	-1.258538e-01	-3.430698e+00	-3.047303e+00	2.096171e+00	1.250933e+00	-1.555538e+00
1.074322e+03	-1.257904e-01	-3.430753e+00	-3.047343e+00	2.098929e+00	1.251556e+00	-1.550977e+00
1.074119e+03	-1.257327e-01	-3.430803e+00	-3.047379e+00	2.101576e+00	1.252770e+00	-1.548641e+00
1.073547e+03	-1.256808e-01	-3.430848e+00	-3.047412e+00	2.104858e+00	1.256124e+00	-1.544530e+00
1.072799e+03	-1.256341e-01	-3.430888e+00	-3.047441e+00	2.104700e+00	1.260267e+00	-1.543920e+00
1.072250e+03	-1.255920e-01	-3.430925e+00	-3.047467e+00	2.105078e+00	1.264074e+00	-1.542644e+00
1.072193e+03	-1.255538e-01	-3.430958e+00	-3.047491e+00	2.104938e+00	1.265242e+00	-1.538772e+00
1.072013e+03	-1.255193e-01	-3.430988e+00	-3.047512e+00	2.103757e+00	1.266753e+00	-1.538029e+00
1.071542e+03	-1.254883e-01	-3.431014e+00	-3.047532e+00	2.102088e+00	1.270415e+00	-1.541451e+00
1.071210e+03	-1.254604e-01	-3.431039e+00	-3.047549e+00	2.101496e+00	1.274936e+00	-1.541934e+00
1.071098e+03	-1.254350e-01	-3.431061e+00	-3.047565e+00	2.102687e+00	1.278029e+00	-1.540813e+00
1.071023e+03	-1.254122e-01	-3.431080e+00	-3.047579e+00	2.101180e+00	1.281702e+00	-1.542399e+00
1.071123e+03	-1.253916e-01	-3.431098e+00	-3.047592e+00	2.100253e+00	1.286897e+00	-1.543859e+00
1.071144e+03	-1.253730e-01	-3.431114e+00	-3.047604e+00	2.099930e+00	1.287277e+00	-1.543047e+00
1.071095e+03	-1.253562e-01	-3.431129e+00	-3.047614e+00	2.097440e+00	1.284667e+00	-1.539242e+00
1.071092e+03	-1.253410e-01	-3.431142e+00	-3.047624e+00	2.096786e+00	1.281400e+00	-1.537406e+00
1.071153e+03	-1.253273e-01	-3.431154e+00	-3.047633e+00	2.097141e+00	1.278985e+00	-1.535647e+00
1.071247e+03	-1.253150e-01	-3.431165e+00	-3.047640e+00	2.097447e+00	1.276920e+00	-1.534341e+00
1.071421e+03	-1.253038e-01	-3.431174e+00	-3.047647e+00	2.099219e+00	1.275091e+00	-1.530711e+00
1.071684e+03	-1.252937e-01	-3.431183e+00	-3.047654e+00	2.098688e+00	1.272734e+00	-1.527049e+00
1.071848e+03	-1.252846e-01	-3.431191e+00	-3.047659e+00	2.097367e+00	1.271263e+00	-1.525665e+00
1.071954e+03	-1.252764e-01	-3.431198e+00	-3.047664e+00	2.097035e+00	1.269994e+00	-1.526245e+00
1.072187e+03	-1.252690e-01	-3.431204e+00	-3.047669e+00	2.096501e+00	1.267852e+00	-1.526366e+00
1.071878e+03	-1.252622e-01	-3.431210e+00	-3.047673e+00	2.095205e+00	1.269071e+00	-1.532092e+00
1.071868e+03	-1.252562e-01	-3.431215e+00	-3.047677e+00	2.095716e+00	1.268222e+00	-1.536175e+00
1.071806e+03	-1.252508e-01	-3.431220e+00	-3.047680e+00	2.094904e+00	1.268575e+00	-1.537252e+00
1.071591e+03	-1.252458e-01	-3.431224e+00	-3.047683e+00	2.095342e+00	1.271162e+00	-1.535728e+00
1.071272e+03	-1.252414e-01	-3.431228e+00	-3.047686e+00	2.095461e+00	1.275242e+00	-1.537624e+00
1.071196e+03	-1.252373e-01	-3.431232e+00	-3.047689e+00	2.097320e+00	1.276638e+00	-1.537952e+00
1.071233e+03	-1.252337e-01	-3.431235e+00	-3.047691e+00	2.096217e+00	1.275655e+00	-1.538601e+00
1.071404e+03	-1.252304e-01	-3.431238e+00	-3.047693e+00	2.096342e+00	1.273402e+00	-1.536392e+00
1.071612e+03	-1.252275e-01	-3.431240e+00	-3.047695e+00	2.096606e+00	1.271192e+00	-1.534682e+00
1.071906e+03	-1.252248e-01	-3.431243e+00	-3.047697e+00	2.098515e+00	1.268371e+00	-1.534179e+00
1.071859e+03	-1.252224e-01	-3.431245e+00	-3.047698e+00	2.097173e+00	1.268442e+00	-1.535586e+00
