# loss | a0 ... a6
1.053447e+03	-1.576667e+00	-1.195556e+00	-1.564768e+00	1.854815e+00	1.000000e+00	-2.112611e+00
5.395798e+02	-1.416267e+00	-1.035156e+00	-1.725168e+00	1.694415e+00	1.160400e+00	-2.273011e+00
4.460081e+02	-1.222671e+00	-8.722644e-01	-1.585531e+00	1.580995e+00	1.278905e+00	-2.397089e+00
3.266527e+02	-1.047388e+00	-7.331056e-01	-1.460566e+00	1.741051e+00	1.142735e+00	-2.245052e+00
4.720897e+02	-8.890058e-01	-6.516954e-01	-1.268795e+00	1.908412e+00	9.606209e-01	-2.044914e+00
7.130463e+02	-8.234662e-01	-6.170043e-01	-1.124043e+00	2.018923e+00	8.406482e-01	-1.912350e+00
6.343243e+02	-8.140956e-01	-6.367964e-01	-9.513555e-01	2.154129e+00	8.557374e-01	-1.763283e+00
3.260273e+02	-8.423081e-01	-6.256768e-01	-7.578008e-01	2.167443e+00	9.709731e-01	-1.794570e+00
1.202473e+02	-8.820786e-01	-6.077111e-01	-5.540544e-01	2.151031e+00	1.127916e+00	-1.777004e+00
1.233680e+02	-9.086716e-01	-6.067091e-01	-4.136223e-01	2.140248e+00	1.243642e+00	-1.750962e+00
1.558335e+02	-9.023783e-01	-6.342507e-01	-3.375838e-01	2.152437e+00	1.323080e+00	-1.672940e+00
1.906822e+02	-8.709196e-01	-6.496817e-01	-3.098499e-01	2.186075e+00	1.382128e+00	-1.597531e+00
2.090987e+02	-8.293700e-01	-6.790763e-01	-3.350217e-01	2.220584e+00	1.427100e+00	-1.501988e+00
1.887104e+02	-7.899079e-01	-7.201362e-01	-3.980327e-01	2.282964e+00	1.434778e+00	-1.392225e+00
1.518673e+02	-7.668664e-01	-7.687548e-01	-4.742567e-01	2.290704e+00	1.414360e+00	-1.262691e+00
1.356581e+02	-7.655043e-01	-8.153276e-01	-5.543039e-01	2.308875e+00	1.370670e+00	-1.133635e+00
1.469556e+02	-8.016051e-01	-8.279451e-01	-6.164371e-01	2.323210e+00	1.335862e+00	-1.035266e+00
1.462811e+02	-8.551484e-01	-8.105428e-01	-6.598078e-01	2.326755e+00	1.318839e+00	-9.910583e-01
1.126569e+02	-9.244778e-01	-7.711232e-01	-6.870393e-01	2.314619e+00	1.299870e+00	-1.007195e+00
6.441200e+01	-1.004264e+00	-7.209578e-01	-6.711211e-01	2.232693e+00	1.317333e+00	-1.074051e+00
6.030255e+01	-1.052468e+00	-6.661472e-01	-6.743808e-01	2.160568e+00	1.331744e+00	-1.133731e+00
7.267150e+01	-1.053449e+00	-6.111710e-01	-6.956028e-01	2.099459e+00	1.342475e+00	-1.184360e+00
5.221951e+01	-1.007709e+00	-6.042434e-01	-7.532391e-01	2.032769e+00	1.324467e+00	-1.191760e+00
3.473262e+01	-9.665041e-01	-6.267936e-01	-7.956193e-01	1.973527e+00	1.303192e+00	-1.198091e+00
2.441388e+01	-9.102505e-01	-6.673792e-01	-8.581805e-01	1.959933e+00	1.255093e+00	-1.172679e+00
3.422642e+01	-8.778129e-01	-7.200518e-01	-8.800546e-01	1.944058e+00	1.219112e+00	-1.155907e+00
3.281854e+01	-8.788166e-01	-7.579261e-01	-8.532719e-01	1.917758e+00	1.208802e+00	-1.170117e+00
1.933678e+01	-9.049794e-01	-7.760102e-01	-8.132877e-01	1.900987e+00	1.225857e+00	-1.200296e+00
1.286422e+01	-9.619386e-01	-7.857784e-01	-7.651229e-01	1.906865e+00	1.242162e+00	-1.235419e+00
1.524807e+01	-9.946042e-01	-7.723997e-01	-7.440478e-01	1.923661e+00	1.265263e+00	-1.264477e+00
2.174771e+01	-1.003344e+00	-7.584392e-01	-7.260971e-01	1.939086e+00	1.287060e+00	-1.286859e+00
1.296319e+01	-9.821739e-01	-7.523315e-01	-7.559291e-01	1.968291e+00	1.283948e+00	-1.276978e+00
5.924206e+00	-9.534292e-01	-7.428927e-01	-8.009553e-01	2.021954e+00	1.265121e+00	-1.257045e+00
1.144432e+01	-9.234290e-01	-7.341851e-01	-8.380771e-01	2.067596e+00	1.250593e+00	-1.242579e+00
1.324793e+01	-9.236339e-01	-7.276226e-01	-8.546902e-01	2.088166e+00	1.267879e+00	-1.254609e+00
1.260750e+01	-9.499087e-01	-7.305172e-01	-8.326451e-01	2.104822e+00	1.287701e+00	-1.274019e+00
1.069437e+01	-9.818089e-01	-7.515899e-01	-8.021011e-01	2.094094e+00	1.286725e+00	-1.296511e+00
6.183470e+00	-9.847689e-01	-7.636819e-01	-8.000403e-01	2.064392e+00	1.259579e+00	-1.305221e+00
5.804874e+00	-9.697324e-01	-7.716050e-01	-7.972944e-01	2.041994e+00	1.239924e+00	-1.313361e+00
6.059886e+00	-9.443105e-01	-7.461571e-01	-8.078741e-01	2.021774e+00	1.232044e+00	-1.320229e+00
1.023192e+01	-9.373497e-01	-7.041769e-01	-8.062074e-01	2.002916e+00	1.228585e+00	-1.334366e+00
8.805534e+00	-9.849755e-01	-7.345062e-01	-7.674420e-01	1.987911e+00	1.226254e+00	-1.338794e+00
1.192635e+01	-9.958532e-01	-7.624052e-01	-7.644374e-01	1.976698e+00	1.218707e+00	-1.331008e+00
1.430128e+01	-1.005956e+00	-7.853407e-01	-7.600469e-01	1.988355e+00	1.225072e+00	-1.321249e+00
1.693902e+01	-1.009293e+00	-8.114321e-01	-7.594509e-01	2.022838e+00	1.247834e+00	-1.300930e+00
7.165821e+00	-9.769859e-01	-7.670461e-01	-8.000479e-01	2.051351e+00	1.272887e+00	-1.295232e+00
1.615637e+01	-9.247284e-01	-7.163495e-01	-8.489385e-01	2.099786e+00	1.287274e+00	-1.279022e+00
3.782921e+01	-8.815354e-01	-6.854188e-01	-8.839607e-01	2.151101e+00	1.282160e+00	-1.241727e+00
3.415747e+01	-8.746765e-01	-7.037456e-01	-8.599838e-01	2.127192e+00	1.239616e+00	-1.222321e+00
9.138080e+00	-9.257128e-01	-7.185324e-01	-7.979964e-01	2.067919e+00	1.262310e+00	-1.268811e+00
2.228101e+01	-9.814641e-01	-7.213819e-01	-7.271335e-01	2.006420e+00	1.299527e+00	-1.331153e+00
4.294680e+01	-1.007983e+00	-7.429437e-01	-6.937120e-01	1.938301e+00	1.310510e+00	-1.356823e+00
5.496584e+01	-9.785852e-01	-7.331756e-01	-6.974011e-01	1.878578e+00	1.319990e+00	-1.377578e+00
1.349254e+01	-9.103939e-01	-7.919806e-01	-7.620144e-01	1.928974e+00	1.251122e+00	-1.312007e+00
4.207871e+01	-8.693671e-01	-8.327122e-01	-8.284539e-01	1.973260e+00	1.190765e+00	-1.254350e+00
4.973342e+01	-8.653660e-01	-8.261279e-01	-8.672840e-01	1.979811e+00	1.185117e+00	-1.237660e+00
2.613221e+01	-8.708531e-01	-7.934832e-01	-8.767855e-01	1.991541e+00	1.223964e+00	-1.260490e+00
