# loss | a0 ... a6
4.978343e+02	-8.333333e-01	-9.444444e-01	-7.282674e-01	2.388889e+00	1.250000e+00	-2.995732e+00
5.526320e+02	-9.833333e-01	-1.094444e+00	-8.782674e-01	2.538889e+00	1.100000e+00	-2.845732e+00
6.517329e+02	-8.927788e-01	-9.780228e-01	-1.071738e+00	2.677268e+00	9.688698e-01	-2.698890e+00
3.890250e+02	-7.939136e-01	-8.413003e-01	-1.245479e+00	2.542997e+00	1.083226e+00	-2.506997e+00
2.800589e+02	-7.930430e-01	-7.246545e-01	-1.373752e+00	2.438799e+00	1.200257e+00	-2.323626e+00
2.377166e+02	-8.613648e-01	-6.979261e-01	-1.424103e+00	2.391350e+00	1.299329e+00	-2.178199e+00
2.546931e+02	-9.463464e-01	-7.167291e-01	-1.429969e+00	2.357832e+00	1.405042e+00	-2.028494e+00
2.143665e+02	-1.017250e+00	-7.526374e-01	-1.461168e+00	2.379498e+00	1.423537e+00	-1.858310e+00
1.912702e+02	-1.092118e+00	-8.141766e-01	-1.459644e+00	2.362853e+00	1.440478e+00	-1.713920e+00
1.652415e+02	-1.133607e+00	-8.560990e-01	-1.463013e+00	2.371000e+00	1.427757e+00	-1.583269e+00
1.294920e+02	-1.170777e+00	-8.947766e-01	-1.467700e+00	2.341991e+00	1.382408e+00	-1.468957e+00
1.386969e+02	-1.184992e+00	-9.552692e-01	-1.458054e+00	2.294117e+00	1.341110e+00	-1.360224e+00
1.276976e+02	-1.176233e+00	-9.442991e-01	-1.462298e+00	2.221907e+00	1.302147e+00	-1.272645e+00
1.186259e+02	-1.142456e+00	-9.247351e-01	-1.453473e+00	2.160743e+00	1.273149e+00	-1.209580e+00
1.107544e+02	-1.112103e+00	-9.068915e-01	-1.444991e+00	2.078251e+00	1.247131e+00	-1.172350e+00
1.000475e+02	-1.081846e+00	-8.838207e-01	-1.427482e+00	1.993843e+00	1.228930e+00	-1.155313e+00
9.000988e+01	-1.049672e+00	-8.660707e-01	-1.401261e+00	1.905268e+00	1.220446e+00	-1.152777e+00
7.383424e+01	-1.028267e+00	-8.354907e-01	-1.358667e+00	1.827757e+00	1.225286e+00	-1.171194e+00
6.562412e+01	-1.013716e+00	-8.177287e-01	-1.303915e+00	1.767356e+00	1.231272e+00	-1.193303e+00
6.400328e+01	-9.903675e-01	-8.009156e-01	-1.254701e+00	1.724454e+00	1.238758e+00	-1.213852e+00
6.477800e+01	-9.758901e-01	-7.943704e-01	-1.200888e+00	1.687862e+00	1.246759e+00	-1.230146e+00
6.730172e+01	-9.695991e-01	-7.936047e-01	-1.150155e+00	1.656452e+00	1.253819e+00	-1.243745e+00
6.132622e+01	-9.678718e-01	-7.863096e-01	-1.097033e+00	1.663935e+00	1.262277e+00	-1.254633e+00
5.402337e+01	-9.655756e-01	-7.825010e-01	-1.045037e+00	1.683885e+00	1.273917e+00	-1.260698e+00
4.222350e+01	-9.674822e-01	-7.883151e-01	-9.937356e-01	1.724424e+00	1.277655e+00	-1.259408e+00
3.349714e+01	-9.709018e-01	-7.910705e-01	-9.463238e-01	1.764288e+00	1.283932e+00	-1.256254e+00
2.476614e+01	-9.726792e-01	-7.956845e-01	-9.025840e-01	1.818806e+00	1.288378e+00	-1.251363e+00
1.705783e+01	-9.710863e-01	-7.999967e-01	-8.694182e-01	1.878990e+00	1.284649e+00	-1.240770e+00
1.323559e+01	-9.689639e-01	-8.037936e-01	-8.398124e-01	1.937941e+00	1.281531e+00	-1.230958e+00
1.231641e+01	-9.647067e-01	-8.047195e-01	-8.189939e-01	1.996915e+00	1.276855e+00	-1.220280e+00
1.346138e+01	-9.532403e-01	-7.984854e-01	-8.063604e-01	2.049501e+00	1.273023e+00	-1.211078e+00
1.596148e+01	-9.455183e-01	-7.892699e-01	-7.949353e-01	2.094467e+00	1.268533e+00	-1.206714e+00
1.721779e+01	-9.409662e-01	-7.778966e-01	-7.799325e-01	2.127510e+00	1.263446e+00	-1.213676e+00
1.760181e+01	-9.361167e-01	-7.609937e-01	-7.661858e-01	2.154453e+00	1.261614e+00	-1.225230e+00
1.686247e+01	-9.345825e-01	-7.455922e-01	-7.541506e-01	2.171066e+00	1.256661e+00	-1.241662e+00
1.595945e+01	-9.334846e-01	-7.303303e-01	-7.434579e-01	2.180711e+00	1.250636e+00	-1.257792e+00
1.332340e+01	-9.334492e-01	-7.146050e-01	-7.296205e-01	2.174485e+00	1.247737e+00	-1.279429e+00
1.117641e+01	-9.405649e-01	-7.018391e-01	-7.159999e-01	2.164543e+00	1.243697e+00	-1.300275e+00
9.959176e+00	-9.484738e-01	-6.900671e-01	-7.003103e-01	2.147393e+00	1.240728e+00	-1.322664e+00
1.061051e+01	-9.556934e-01	-6.786610e-01	-6.854355e-01	2.127314e+00	1.238833e+00	-1.344353e+00
1.143217e+01	-9.558606e-01	-6.742918e-01	-6.764555e-01	2.110946e+00	1.235484e+00	-1.358590e+00
1.211026e+01	-9.595002e-01	-6.734654e-01	-6.700942e-01	2.098205e+00	1.231733e+00	-1.367265e+00
1.230438e+01	-9.600349e-01	-6.744813e-01	-6.685173e-01	2.088337e+00	1.228036e+00	-1.371321e+00
1.187360e+01	-9.560235e-01	-6.784426e-01	-6.713489e-01	2.077995e+00	1.223619e+00	-1.372570e+00
1.138979e+01	-9.512138e-01	-6.842504e-01	-6.718433e-01	2.069380e+00	1.220667e+00	-1.372564e+00
1.080690e+01	-9.516534e-01	-6.910496e-01	-6.718091e-01	2.063207e+00	1.219446e+00	-1.370060e+00
9.789802e+00	-9.492162e-01	-6.976923e-01	-6.720904e-01	2.061506e+00	1.221223e+00	-1.363736e+00
8.421643e+00	-9.427279e-01	-7.093687e-01	-6.780252e-01	2.060984e+00	1.220135e+00	-1.352702e+00
7.801874e+00	-9.349181e-01	-7.163908e-01	-6.867937e-01	2.058977e+00	1.220245e+00	-1.343963e+00
7.645489e+00	-9.267031e-01	-7.213452e-01	-6.952321e-01	2.054906e+00	1.221293e+00	-1.337397e+00
7.881132e+00	-9.166996e-01	-7.259067e-01	-7.064779e-01	2.052887e+00	1.222635e+00	-1.328920e+00
7.901303e+00	-9.118450e-01	-7.310290e-01	-7.154504e-01	2.051315e+00	1.225253e+00	-1.319593e+00
7.347061e+00	-9.143217e-01	-7.376213e-01	-7.225855e-01	2.051605e+00	1.228549e+00	-1.310541e+00
6.548927e+00	-9.228523e-01	-7.438027e-01	-7.301867e-01	2.050951e+00	1.231541e+00	-1.301895e+00
6.054883e+00	-9.300140e-01	-7.484434e-01	-7.382765e-01	2.050471e+00	1.235041e+00	-1.293569e+00
5.773559e+00	-9.371850e-01	-7.519633e-01	-7.464970e-01	2.051588e+00	1.238820e+00	-1.284764e+00
5.401498e+00	-9.447723e-01	-7.534529e-01	-7.511127e-01	2.049695e+00	1.243869e+00	-1.281265e+00
5.123782e+00	-9.503286e-01	-7.519508e-01	-7.569549e-01	2.045061e+00	1.249526e+00	-1.279699e+00
5.151814e+00	-9.581936e-01	-7.509628e-01	-7.616461e-01	2.042091e+00	1.254589e+00	-1.278684e+00
5.217709e+00	-9.640556e-01	-7.490696e-01	-7.666420e-01	2.036937e+00	1.257314e+00	-1.280518e+00
5.241358e+00	-9.644061e-01	-7.463527e-01	-7.742767e-01	2.032829e+00	1.259754e+00	-1.280596e+00
5.347063e+00	-9.644271e-01	-7.436952e-01	-7.821751e-01	2.029188e+00	1.262092e+00	-1.280244e+00
5.486001e+00	-9.630948e-01	-7.406694e-01	-7.910052e-01	2.026398e+00	1.263967e+00	-1.278658e+00
5.511531e+00	-9.592633e-01	-7.391718e-01	-8.000798e-01	2.025823e+00	1.264027e+00	-1.278407e+00
5.467619e+00	-9.553336e-01	-7.375414e-01	-8.094784e-01	2.023989e+00	1.261690e+00	-1.278936e+00
5.616518e+00	-9.509225e-01	-7.361419e-01	-8.180204e-01	2.020667e+00	1.259218e+00	-1.279592e+00
5.653234e+00	-9.484057e-01	-7.365190e-01	-8.244752e-01	2.019266e+00	1.255423e+00	-1.281756e+00
5.671275e+00	-9.471699e-01	-7.385352e-01	-8.293329e-01	2.019449e+00	1.251132e+00	-1.282915e+00
5.532377e+00	-9.493454e-01	-7.417474e-01	-8.323259e-01	2.018802e+00	1.248099e+00	-1.284398e+00
5.407820e+00	-9.521238e-01	-7.456346e-01	-8.336461e-01	2.017771e+00	1.245405e+00	-1.285988e+00
5.346106e+00	-9.551896e-01	-7.505838e-01	-8.333974e-01	2.019644e+00	1.242984e+00	-1.286866e+00
5.178072e+00	-9.609266e-01	-7.550429e-01	-8.315928e-01	2.020016e+00	1.242263e+00	-1.289165e+00
5.069442e+00	-9.664136e-01	-7.575131e-01	-8.293362e-01	2.019896e+00	1.242148e+00	-1.292478e+00
5.069510e+00	-9.712018e-01	-7.603020e-01	-8.268114e-01	2.019666e+00	1.242606e+00	-1.295743e+00
5.081037e+00	-9.737428e-01	-7.617862e-01	-8.239758e-01	2.020709e+00	1.243106e+00	-1.299595e+00
4.958807e+00	-9.739915e-01	-7.602452e-01	-8.239897e-01	2.022487e+00	1.243824e+00	-1.301841e+00
4.780708e+00	-9.736799e-01	-7.576407e-01	-8.241918e-01	2.023563e+00	1.245516e+00	-1.305346e+00
4.668181e+00	-9.716849e-01	-7.562082e-01	-8.247515e-01	2.025554e+00	1.246715e+00	-1.308098e+00
4.567672e+00	-9.685839e-01	-7.523688e-01	-8.268748e-01	2.027175e+00	1.248046e+00	-1.311168e+00
4.584310e+00	-9.638981e-01	-7.487406e-01	-8.285409e-01	2.029732e+00	1.249443e+00	-1.314263e+00
4.704385e+00	-9.599606e-01	-7.457762e-01	-8.296376e-01	2.031854e+00	1.251125e+00	-1.316414e+00
4.757898e+00	-9.594728e-01	-7.447058e-01	-8.292593e-01	2.033914e+00	1.252783e+00	-1.318168e+00
4.810701e+00	-9.596314e-01	-7.442300e-01	-8.284008e-01	2.034779e+00	1.254550e+00	-1.318810e+00
4.883872e+00	-9.565319e-01	-7.445843e-01	-8.288232e-01	2.037967e+00	1.255235e+00	-1.318385e+00
4.949895e+00	-9.535141e-01	-7.452034e-01	-8.296447e-01	2.041535e+00	1.254940e+00	-1.318309e+00
4.918360e+00	-9.522070e-01	-7.477760e-01	-8.293078e-01	2.045217e+00	1.254385e+00	-1.317062e+00
4.911878e+00	-9.510934e-01	-7.502356e-01	-8.287133e-01	2.047669e+00	1.253565e+00	-1.316088e+00
4.955220e+00	-9.494358e-01	-7.524167e-01	-8.279513e-01	2.050696e+00	1.252114e+00	-1.316705e+00
4.879846e+00	-9.508849e-01	-7.550467e-01	-8.265538e-01	2.051728e+00	1.251300e+00	-1.317071e+00
