# loss | a0 ... a6
1.145794e+03	-1.115556e+00	-1.653333e+00	-1.356054e+00	1.820741e+00	1.179259e+00	-1.236679e+00
7.047268e+02	-9.619306e-01	-1.499708e+00	-1.202429e+00	1.667116e+00	1.332884e+00	-1.390304e+00
4.611008e+02	-8.235969e-01	-1.361397e+00	-1.064886e+00	1.708908e+00	1.383485e+00	-1.472242e+00
3.639340e+02	-6.487869e-01	-1.176155e+00	-1.186776e+00	1.826507e+00	1.428316e+00	-1.557202e+00
2.799776e+02	-5.385851e-01	-9.754564e-01	-1.194488e+00	2.011898e+00	1.343709e+00	-1.516016e+00
3.437592e+02	-4.644017e-01	-8.422050e-01	-1.206299e+00	2.154328e+00	1.255339e+00	-1.446507e+00
4.853373e+02	-4.033688e-01	-7.194376e-01	-1.177460e+00	2.251370e+00	1.185339e+00	-1.406433e+00
5.047173e+02	-4.501410e-01	-6.689432e-01	-1.074557e+00	2.344740e+00	1.134928e+00	-1.371512e+00
4.226129e+02	-5.086109e-01	-6.106060e-01	-9.416200e-01	2.413692e+00	1.144186e+00	-1.393621e+00
3.192353e+02	-5.609655e-01	-5.531680e-01	-8.196939e-01	2.456648e+00	1.186440e+00	-1.443521e+00
2.186125e+02	-6.331175e-01	-5.138334e-01	-6.739085e-01	2.451434e+00	1.254394e+00	-1.508676e+00
1.783616e+02	-7.122463e-01	-4.957593e-01	-5.305775e-01	2.410038e+00	1.303459e+00	-1.557253e+00
1.850326e+02	-7.955255e-01	-4.967770e-01	-3.764244e-01	2.337125e+00	1.336961e+00	-1.609367e+00
2.204912e+02	-8.579406e-01	-5.090043e-01	-2.572069e-01	2.264273e+00	1.354209e+00	-1.632605e+00
1.592556e+02	-8.885302e-01	-5.521190e-01	-2.149666e-01	2.238391e+00	1.314520e+00	-1.592749e+00
9.310037e+01	-9.170457e-01	-6.031085e-01	-1.922359e-01	2.228772e+00	1.251979e+00	-1.534194e+00
6.809190e+01	-9.415168e-01	-6.428960e-01	-1.858503e-01	2.216453e+00	1.193526e+00	-1.482409e+00
7.161445e+01	-9.617351e-01	-6.741979e-01	-1.833203e-01	2.204936e+00	1.148854e+00	-1.432175e+00
9.419180e+01	-9.760397e-01	-7.058089e-01	-1.852822e-01	2.192692e+00	1.104199e+00	-1.380433e+00
1.168594e+02	-9.801633e-01	-7.256347e-01	-2.156405e-01	2.194045e+00	1.071496e+00	-1.316590e+00
1.147511e+02	-9.791964e-01	-7.271561e-01	-2.577504e-01	2.185319e+00	1.067819e+00	-1.259737e+00
9.590427e+01	-9.730053e-01	-7.118109e-01	-3.095542e-01	2.181693e+00	1.078417e+00	-1.210215e+00
7.009214e+01	-9.647242e-01	-6.905680e-01	-3.556200e-01	2.167406e+00	1.099731e+00	-1.162598e+00
4.081430e+01	-9.599352e-01	-6.645722e-01	-3.851220e-01	2.140617e+00	1.132007e+00	-1.134769e+00
1.793136e+01	-9.567182e-01	-6.323707e-01	-4.118419e-01	2.099863e+00	1.174475e+00	-1.114505e+00
1.341899e+01	-9.519757e-01	-5.995457e-01	-4.374899e-01	2.054649e+00	1.216661e+00	-1.100271e+00
2.550697e+01	-9.467642e-01	-5.703254e-01	-4.594447e-01	2.010318e+00	1.255775e+00	-1.088370e+00
4.649331e+01	-9.430836e-01	-5.473831e-01	-4.786072e-01	1.979019e+00	1.289419e+00	-1.077152e+00
6.404083e+01	-9.450039e-01	-5.393543e-01	-4.925618e-01	1.948225e+00	1.311927e+00	-1.065620e+00
6.744744e+01	-9.484093e-01	-5.479651e-01	-5.087293e-01	1.928234e+00	1.321676e+00	-1.041320e+00
6.119593e+01	-9.483783e-01	-5.615775e-01	-5.311241e-01	1.930403e+00	1.322532e+00	-1.013097e+00
5.023080e+01	-9.454382e-01	-5.771297e-01	-5.556097e-01	1.930828e+00	1.313201e+00	-9.874617e-01
3.783071e+01	-9.440230e-01	-6.001742e-01	-5.789309e-01	1.938913e+00	1.297047e+00	-9.616721e-01
3.037417e+01	-9.484457e-01	-6.283833e-01	-5.950338e-01	1.945663e+00	1.281357e+00	-9.376793e-01
2.800655e+01	-9.524331e-01	-6.530100e-01	-6.091755e-01	1.945542e+00	1.265198e+00	-9.187602e-01
2.819187e+01	-9.574111e-01	-6.752946e-01	-6.192355e-01	1.943235e+00	1.246902e+00	-9.109164e-01
3.252198e+01	-9.614675e-01	-6.946753e-01	-6.313889e-01	1.946453e+00	1.229974e+00	-9.041424e-01
3.563064e+01	-9.658665e-01	-7.085801e-01	-6.368999e-01	1.943479e+00	1.220451e+00	-9.046370e-01
3.836923e+01	-9.694145e-01	-7.192485e-01	-6.446245e-01	1.933090e+00	1.208106e+00	-9.105861e-01
3.417411e+01	-9.766092e-01	-7.203269e-01	-6.408220e-01	1.921572e+00	1.206476e+00	-9.293073e-01
2.727412e+01	-9.848526e-01	-7.140792e-01	-6.347645e-01	1.905622e+00	1.210134e+00	-9.552400e-01
2.188257e+01	-9.938792e-01	-7.048018e-01	-6.237635e-01	1.881165e+00	1.216756e+00	-9.860395e-01
1.956843e+01	-1.002143e+00	-6.953256e-01	-6.126956e-01	1.873836e+00	1.224788e+00	-1.017910e+00
1.921200e+01	-1.007854e+00	-6.809214e-01	-6.091787e-01	1.869779e+00	1.233171e+00	-1.047953e+00
2.077334e+01	-1.012674e+00	-6.665153e-01	-6.099028e-01	1.871002e+00	1.242347e+00	-1.074147e+00
2.153650e+01	-1.017035e+00	-6.557367e-01	-6.140303e-01	1.887484e+00	1.248615e+00	-1.094904e+00
2.213545e+01	-1.020238e+00	-6.466722e-01	-6.206730e-01	1.904062e+00	1.252569e+00	-1.111489e+00
2.303478e+01	-1.022650e+00	-6.370463e-01	-6.295634e-01	1.920404e+00	1.255838e+00	-1.127365e+00
1.917747e+01	-1.018085e+00	-6.370607e-01	-6.479024e-01	1.946091e+00	1.253859e+00	-1.134321e+00
1.570326e+01	-1.013671e+00	-6.391542e-01	-6.658656e-01	1.968596e+00	1.249149e+00	-1.140059e+00
1.286358e+01	-1.008866e+00	-6.440282e-01	-6.853211e-01	1.989548e+00	1.243601e+00	-1.142371e+00
1.102356e+01	-1.001993e+00	-6.512985e-01	-7.056937e-01	2.016382e+00	1.235836e+00	-1.142837e+00
1.105023e+01	-9.966152e-01	-6.611104e-01	-7.218545e-01	2.039721e+00	1.229382e+00	-1.143524e+00
1.139332e+01	-9.924073e-01	-6.676535e-01	-7.321241e-01	2.053933e+00	1.227326e+00	-1.150888e+00
1.192343e+01	-9.876885e-01	-6.764781e-01	-7.404875e-01	2.065530e+00	1.225034e+00	-1.156676e+00
1.273282e+01	-9.841728e-01	-6.860778e-01	-7.473934e-01	2.074983e+00	1.222261e+00	-1.161673e+00
1.241578e+01	-9.828346e-01	-6.950441e-01	-7.488908e-01	2.079574e+00	1.222454e+00	-1.171024e+00
1.033206e+01	-9.810280e-01	-7.025034e-01	-7.469836e-01	2.072504e+00	1.226927e+00	-1.184048e+00
8.774381e+00	-9.802597e-01	-7.094554e-01	-7.447613e-01	2.066178e+00	1.231228e+00	-1.195583e+00
6.905099e+00	-9.803063e-01	-7.127928e-01	-7.385012e-01	2.055023e+00	1.240098e+00	-1.211930e+00
6.125550e+00	-9.806919e-01	-7.164629e-01	-7.341849e-01	2.043273e+00	1.246107e+00	-1.227981e+00
6.132107e+00	-9.809942e-01	-7.182369e-01	-7.321897e-01	2.032452e+00	1.251807e+00	-1.242992e+00
6.285055e+00	-9.797983e-01	-7.221955e-01	-7.327656e-01	2.024899e+00	1.254756e+00	-1.255903e+00
6.579917e+00	-9.784362e-01	-7.252239e-01	-7.347984e-01	2.016999e+00	1.257079e+00	-1.267344e+00
6.503506e+00	-9.775764e-01	-7.296463e-01	-7.379203e-01	2.012831e+00	1.256205e+00	-1.275232e+00
6.296401e+00	-9.764496e-01	-7.329616e-01	-7.441448e-01	2.009386e+00	1.254912e+00	-1.281381e+00
5.839583e+00	-9.735604e-01	-7.363480e-01	-7.542062e-01	2.006787e+00	1.253009e+00	-1.285508e+00
5.348421e+00	-9.709039e-01	-7.396768e-01	-7.639755e-01	2.007724e+00	1.250339e+00	-1.287506e+00
4.935613e+00	-9.689877e-01	-7.440352e-01	-7.734114e-01	2.012891e+00	1.246254e+00	-1.288036e+00
4.801627e+00	-9.678014e-01	-7.474517e-01	-7.827923e-01	2.018470e+00	1.243228e+00	-1.287833e+00
4.894017e+00	-9.667462e-01	-7.509058e-01	-7.915628e-01	2.023221e+00	1.240467e+00	-1.287604e+00
5.054827e+00	-9.659628e-01	-7.534696e-01	-7.985999e-01	2.027622e+00	1.238792e+00	-1.288186e+00
5.082197e+00	-9.650126e-01	-7.542879e-01	-8.059165e-01	2.031711e+00	1.238946e+00	-1.289825e+00
5.142584e+00	-9.638789e-01	-7.538461e-01	-8.135264e-01	2.037086e+00	1.238848e+00	-1.291536e+00
5.110808e+00	-9.643730e-01	-7.539979e-01	-8.183273e-01	2.041526e+00	1.239709e+00	-1.294394e+00
5.059299e+00	-9.646472e-01	-7.533492e-01	-8.237953e-01	2.046582e+00	1.241606e+00	-1.295604e+00
4.691449e+00	-9.658541e-01	-7.503544e-01	-8.254239e-01	2.046467e+00	1.246303e+00	-1.300436e+00
4.586854e+00	-9.667335e-01	-7.470105e-01	-8.278879e-01	2.046851e+00	1.250676e+00	-1.304565e+00
4.650344e+00	-9.683670e-01	-7.451268e-01	-8.290173e-01	2.048624e+00	1.254545e+00	-1.308724e+00
4.862955e+00	-9.699197e-01	-7.433562e-01	-8.292050e-01	2.047167e+00	1.258655e+00	-1.313038e+00
5.116537e+00	-9.722611e-01	-7.415581e-01	-8.289902e-01	2.044870e+00	1.261072e+00	-1.316482e+00
5.245898e+00	-9.739588e-01	-7.406691e-01	-8.295980e-01	2.043738e+00	1.261691e+00	-1.319288e+00
5.366444e+00	-9.768758e-01	-7.415879e-01	-8.290744e-01	2.042824e+00	1.262492e+00	-1.321280e+00
5.022622e+00	-9.790416e-01	-7.440152e-01	-8.313397e-01	2.044960e+00	1.259090e+00	-1.320219e+00
4.855699e+00	-9.813107e-01	-7.451620e-01	-8.328665e-01	2.044789e+00	1.255987e+00	-1.319554e+00
4.758375e+00	-9.838964e-01	-7.457988e-01	-8.341296e-01	2.048274e+00	1.251547e+00	-1.318516e+00
4.811666e+00	-9.860343e-01	-7.460107e-01	-8.355320e-01	2.051700e+00	1.247949e+00	-1.316902e+00
4.927116e+00	-9.883468e-01	-7.469442e-01	-8.361688e-01	2.051547e+00	1.245416e+00	-1.316106e+00
5.067645e+00	-9.897663e-01	-7.479589e-01	-8.380218e-01	2.050772e+00	1.242783e+00	-1.315322e+00
5.140801e+00	-9.910808e-01	-7.486455e-01	-8.390150e-01	2.047436e+00	1.241846e+00	-1.315546e+00
5.192034e+00	-9.918637e-01	-7.483367e-01	-8.403514e-01	2.044133e+00	1.240999e+00	-1.316064e+00
5.212795e+00	-9.924693e-01	-7.476476e-01	-8.420872e-01	2.041626e+00	1.240812e+00	-1.315821e+00
5.169363e+00	-9.931585e-01	-7.465083e-01	-8.428160e-01	2.040085e+00	1.242126e+00	-1.315767e+00
5.145222e+00	-9.943204e-01	-7.441912e-01	-8.420332e-01	2.038845e+00	1.244418e+00	-1.316089e+00
5.177316e+00	-9.950622e-01	-7.414939e-01	-8.420839e-01	2.038083e+00	1.245885e+00	-1.316224e+00
5.171689e+00	-9.951322e-01	-7.411625e-01	-8.433149e-01	2.037731e+00	1.246647e+00	-1.315355e+00
5.168878e+00	-9.950482e-01	-7.405263e-01	-8.440788e-01	2.037934e+00	1.248796e+00	-1.314244e+00
5.210526e+00	-9.954078e-01	-7.397805e-01	-8.445695e-01	2.038573e+00	1.250675e+00	-1.312678e+00
5.329142e+00	-9.958427e-01	-7.391566e-01	-8.439161e-01	2.037076e+00	1.253631e+00	-1.311332e+00
5.435591e+00	-9.962136e-01	-7.387081e-01	-8.436201e-01	2.038210e+00	1.255663e+00	-1.309804e+00
5.330186e+00	-9.952700e-01	-7.398918e-01	-8.456588e-01	2.040060e+00	1.255570e+00	-1.307167e+00
5.192981e+00	-9.936307e-01	-7.420362e-01	-8.481929e-01	2.042706e+00	1.255087e+00	-1.304496e+00
5.060140e+00	-9.921790e-01	-7.444419e-01	-8.501655e-01	2.041961e+00	1.253275e+00	-1.301858e+00
5.010072e+00	-9.910459e-01	-7.464746e-01	-8.517103e-01	2.043015e+00	1.251155e+00	-1.300130e+00
5.028981e+00	-9.904362e-01	-7.470614e-01	-8.526038e-01	2.044016e+00	1.249655e+00	-1.298389e+00
4.998953e+00	-9.905729e-01	-7.463245e-01	-8.509191e-01	2.042208e+00	1.249706e+00	-1.299017e+00
4.969841e+00	-9.906424e-01	-7.464540e-01	-8.486880e-01	2.040854e+00	1.249929e+00	-1.300198e+00
4.945736e+00	-9.906227e-01	-7.462318e-01	-8.470996e-01	2.037862e+00	1.250107e+00	-1.300808e+00
4.933041e+00	-9.902896e-01	-7.456967e-01	-8.466094e-01	2.037575e+00	1.249836e+00	-1.300911e+00
4.914066e+00	-9.896977e-01	-7.448351e-01	-8.462389e-01	2.036813e+00	1.249414e+00	-1.301047e+00
4.915972e+00	-9.897558e-01	-7.444426e-01	-8.450037e-01	2.038110e+00	1.248888e+00	-1.301700e+00
4.907534e+00	-9.897296e-01	-7.436223e-01	-8.437914e-01	2.036221e+00	1.249612e+00	-1.303409e+00
4.905454e+00	-9.895174e-01	-7.429381e-01	-8.426998e-01	2.035750e+00	1.249838e+00	-1.303986e+00
4.936289e+00	-9.891651e-01	-7.415729e-01	-8.414025e-01	2.032538e+00	1.251107e+00	-1.305645e+00
4.939200e+00	-9.881396e-01	-7.414358e-01	-8.411394e-01	2.029766e+00	1.251797e+00	-1.306296e+00
4.863529e+00	-9.871196e-01	-7.421271e-01	-8.413680e-01	2.031887e+00	1.250898e+00	-1.305340e+00
4.843365e+00	-9.871876e-01	-7.425086e-01	-8.405089e-01	2.033768e+00	1.250310e+00	-1.304755e+00
4.846198e+00	-9.876594e-01	-7.444402e-01	-8.403958e-01	2.039630e+00	1.247872e+00	-1.302873e+00
4.945441e+00	-9.885836e-01	-7.451426e-01	-8.393269e-01	2.045399e+00	1.246544e+00	-1.300621e+00
4.967235e+00	-9.894247e-01	-7.444136e-01	-8.368332e-01	2.047646e+00	1.247342e+00	-1.301356e+00
4.953671e+00	-9.893634e-01	-7.440299e-01	-8.358027e-01	2.047537e+00	1.247772e+00	-1.301803e+00
