# loss | a0 ... a3
5.450961e+02	1.400000e+00	1.800000e+00	2.000000e-01
1.836039e+02	1.300000e+00	1.700000e+00	1.000000e-01
2.571595e+01	1.181036e+00	1.580669e+00	-2.321863e-02
2.514469e+01	1.064179e+00	1.467977e+00	-1.352533e-01
5.965733e+01	9.942652e-01	1.398701e+00	-1.967356e-01
9.805164e+01	9.357168e-01	1.338973e+00	-2.425984e-01
1.343388e+02	8.889906e-01	1.286923e+00	-2.801189e-01
1.553009e+02	8.639442e-01	1.252640e+00	-2.983794e-01
1.709091e+02	8.445556e-01	1.223130e+00	-3.086903e-01
1.695200e+02	8.480082e-01	1.205215e+00	-2.999857e-01
1.660187e+02	8.552916e-01	1.191957e+00	-2.909764e-01
1.600959e+02	8.651195e-01	1.181521e+00	-2.788238e-01
1.388048e+02	8.950753e-01	1.183793e+00	-2.478826e-01
1.174604e+02	9.271737e-01	1.189033e+00	-2.170096e-01
9.557464e+01	9.610297e-01	1.197696e+00	-1.834914e-01
7.117839e+01	1.002095e+00	1.211694e+00	-1.437049e-01
5.232829e+01	1.037840e+00	1.223937e+00	-1.079838e-01
3.391663e+01	1.078508e+00	1.242090e+00	-6.740464e-02
2.020486e+01	1.119829e+00	1.261377e+00	-2.873436e-02
1.232040e+01	1.157750e+00	1.279386e+00	6.182191e-03
9.524980e+00	1.193732e+00	1.297398e+00	4.011876e-02
1.165116e+01	1.226664e+00	1.314687e+00	7.055301e-02
1.700507e+01	1.252877e+00	1.327923e+00	9.579062e-02
2.385099e+01	1.274633e+00	1.338482e+00	1.155549e-01
3.039750e+01	1.291217e+00	1.344588e+00	1.307957e-01
3.315572e+01	1.298719e+00	1.342686e+00	1.387442e-01
3.302900e+01	1.299586e+00	1.336232e+00	1.427281e-01
3.228809e+01	1.299922e+00	1.330277e+00	1.439287e-01
3.063574e+01	1.297254e+00	1.323002e+00	1.441389e-01
2.593100e+01	1.286996e+00	1.308855e+00	1.390244e-01
2.154305e+01	1.276669e+00	1.294948e+00	1.307572e-01
1.786538e+01	1.267384e+00	1.281973e+00	1.198741e-01
1.489806e+01	1.255541e+00	1.267555e+00	1.092696e-01
1.281300e+01	1.242423e+00	1.252723e+00	9.740906e-02
1.191770e+01	1.230163e+00	1.239124e+00	8.722544e-02
1.171588e+01	1.220511e+00	1.227901e+00	7.595592e-02
1.211618e+01	1.210942e+00	1.217884e+00	6.591929e-02
1.288589e+01	1.202564e+00	1.209272e+00	5.698369e-02
1.388681e+01	1.195281e+00	1.201619e+00	4.870538e-02
1.464137e+01	1.190920e+00	1.197424e+00	4.216907e-02
3.451029e+02	5.000000e-01	1.100000e+00	-3.000000e-01
2.459718e+02	6.000000e-01	1.200000e+00	-2.000000e-01
1.208646e+02	7.327157e-01	1.331101e+00	-6.544402e-02
3.142989e+01	8.724759e-01	1.480183e+00	7.687575e-02
3.991558e+01	9.772833e-01	1.593684e+00	1.750785e-01
1.309761e+02	1.082426e+00	1.712777e+00	2.055086e-01
6.508009e+01	1.076410e+00	1.660441e+00	1.414937e-01
1.812265e+01	1.047231e+00	1.593980e+00	6.402570e-02
8.219080e+00	1.018961e+00	1.533330e+00	-8.287604e-03
1.909451e+01	9.941622e-01	1.479099e+00	-7.346414e-02
3.649872e+01	9.775396e-01	1.436189e+00	-1.238585e-01
4.982723e+01	9.696261e-01	1.404998e+00	-1.526919e-01
6.216222e+01	9.662414e-01	1.378340e+00	-1.784005e-01
6.784081e+01	9.700728e-01	1.359948e+00	-1.899274e-01
6.825639e+01	9.786351e-01	1.348259e+00	-1.913996e-01
6.601142e+01	9.913886e-01	1.339876e+00	-1.888899e-01
5.989837e+01	1.010628e+00	1.336209e+00	-1.801041e-01
5.379548e+01	1.028654e+00	1.333468e+00	-1.698301e-01
4.376752e+01	1.050283e+00	1.337080e+00	-1.491721e-01
3.347312e+01	1.072115e+00	1.344151e+00	-1.245358e-01
2.409451e+01	1.096110e+00	1.352931e+00	-9.837923e-02
1.642483e+01	1.119857e+00	1.362724e+00	-7.006743e-02
1.150406e+01	1.141556e+00	1.372178e+00	-4.309106e-02
9.023361e+00	1.162188e+00	1.382024e+00	-1.597649e-02
8.992243e+00	1.179558e+00	1.390936e+00	9.793982e-03
1.090684e+01	1.194232e+00	1.398727e+00	3.345039e-02
1.427529e+01	1.206951e+00	1.405849e+00	5.473227e-02
1.738980e+01	1.214966e+00	1.409202e+00	7.015528e-02
2.077231e+01	1.222345e+00	1.412626e+00	8.319447e-02
2.249242e+01	1.223462e+00	1.412486e+00	9.232929e-02
2.174735e+01	1.220897e+00	1.407326e+00	9.434254e-02
1.883389e+01	1.213343e+00	1.397529e+00	9.034113e-02
1.643148e+01	1.206336e+00	1.388992e+00	8.556697e-02
1.414395e+01	1.198529e+00	1.380028e+00	7.941264e-02
1.202957e+01	1.190937e+00	1.370936e+00	7.021584e-02
1.059126e+01	1.184369e+00	1.362623e+00	6.154568e-02
9.519891e+00	1.175985e+00	1.354049e+00	5.222699e-02
8.991941e+00	1.167150e+00	1.345616e+00	4.334338e-02
8.901389e+00	1.160235e+00	1.339242e+00	3.426910e-02
9.052506e+00	1.155236e+00	1.335021e+00	2.753897e-02
9.233498e+00	1.152489e+00	1.333011e+00	2.133398e-02
9.380063e+00	1.150975e+00	1.332266e+00	1.696174e-02
9.490623e+00	1.150061e+00	1.332286e+00	1.346703e-02
9.489444e+00	1.150984e+00	1.333939e+00	1.013770e-02
9.419375e+00	1.152779e+00	1.336166e+00	7.866783e-03
9.228170e+00	1.155046e+00	1.339728e+00	7.925171e-03
9.062757e+00	1.157667e+00	1.343396e+00	7.580276e-03
8.758376e+00	1.161707e+00	1.349326e+00	1.165880e-02
8.605752e+00	1.165628e+00	1.354968e+00	1.405759e-02
8.563346e+00	1.170958e+00	1.361409e+00	1.599484e-02
8.592112e+00	1.173555e+00	1.366347e+00	1.659022e-02
8.716435e+00	1.176811e+00	1.371950e+00	1.961408e-02
8.852192e+00	1.178262e+00	1.376675e+00	2.184101e-02
9.011257e+00	1.179720e+00	1.381240e+00	2.298755e-02
9.268217e+00	1.181518e+00	1.385871e+00	2.551843e-02
1.169071e+01	9.000000e-01	1.700000e+00	0.000000e+00
2.310960e+01	1.000000e+00	1.800000e+00	-1.000000e-01
4.641460e+01	9.257051e-01	1.712025e+00	-2.186697e-01
7.575581e+01	8.775063e-01	1.644136e+00	-2.589833e-01
5.336695e+01	8.874417e-01	1.623423e+00	-2.027595e-01
3.018275e+01	9.210828e-01	1.612447e+00	-1.422669e-01
9.622886e+00	9.885321e-01	1.650367e+00	-5.458817e-02
1.988692e+01	1.037103e+00	1.673941e+00	1.941324e-02
1.607223e+01	1.027505e+00	1.638765e+00	3.368723e-02
1.272382e+01	1.012207e+00	1.602315e+00	4.338329e-02
1.018651e+01	9.894051e-01	1.556888e+00	3.697969e-02
1.155960e+01	9.729061e-01	1.518472e+00	2.252992e-02
1.416944e+01	9.673337e-01	1.487960e+00	1.217162e-02
1.507183e+01	9.741818e-01	1.469609e+00	3.740030e-03
1.387368e+01	9.918980e-01	1.460529e+00	-2.029333e-03
1.105050e+01	1.018000e+00	1.462015e+00	-1.643620e-03
8.727792e+00	1.046821e+00	1.467121e+00	1.913768e-03
7.737527e+00	1.075084e+00	1.474467e+00	5.730791e-03
8.043885e+00	1.100163e+00	1.481151e+00	6.423401e-03
9.282694e+00	1.122299e+00	1.486666e+00	8.662814e-03
9.792263e+00	1.133976e+00	1.484580e+00	4.819599e-03
9.328082e+00	1.136007e+00	1.476402e+00	-1.650317e-03
8.955050e+00	1.135691e+00	1.468979e+00	-5.103891e-03
8.213379e+00	1.123836e+00	1.452718e+00	-1.427617e-02
8.345517e+00	1.114540e+00	1.439627e+00	-2.018717e-02
8.959351e+00	1.104740e+00	1.426348e+00	-2.402938e-02
9.148825e+00	1.100753e+00	1.421697e+00	-2.266369e-02
9.138311e+00	1.098016e+00	1.418873e+00	-1.901042e-02
8.849708e+00	1.096791e+00	1.420014e+00	-1.330381e-02
8.192615e+00	1.100047e+00	1.425583e+00	-1.977970e-03
7.927301e+00	1.102874e+00	1.430037e+00	6.214319e-03
7.874575e+00	1.107000e+00	1.435636e+00	1.519547e-02
8.050157e+00	1.112770e+00	1.442950e+00	2.022806e-02
8.160630e+00	1.112244e+00	1.444687e+00	2.347924e-02
8.364118e+00	1.113858e+00	1.447798e+00	2.663068e-02
8.349489e+00	1.112763e+00	1.449528e+00	2.610339e-02
8.056738e+00	1.106252e+00	1.445741e+00	2.268673e-02
7.885349e+00	1.102477e+00	1.443438e+00	1.712245e-02
7.873626e+00	1.095559e+00	1.440021e+00	1.274258e-02
8.026925e+00	1.089513e+00	1.436464e+00	7.506921e-03
8.443112e+00	1.083033e+00	1.431873e+00	3.565543e-04
8.737512e+00	1.079580e+00	1.430664e+00	-3.898437e-03
8.561998e+00	1.080780e+00	1.434576e+00	-4.298491e-03
8.206009e+00	1.084089e+00	1.439712e+00	-8.580352e-04
7.811592e+00	1.091165e+00	1.449345e+00	4.486997e-03
7.739478e+00	1.095002e+00	1.456252e+00	5.587854e-03
7.735763e+00	1.096533e+00	1.461508e+00	4.390546e-03
7.871593e+00	1.101099e+00	1.470023e+00	6.212551e-03
7.935394e+00	1.101484e+00	1.473936e+00	6.092982e-03
8.007105e+00	1.102073e+00	1.478348e+00	4.824018e-03
8.051539e+00	1.101543e+00	1.480738e+00	5.349080e-03
7.823366e+00	1.095373e+00	1.478681e+00	2.098479e-03
7.704375e+00	1.088088e+00	1.476199e+00	-2.237167e-03
7.694765e+00	1.082064e+00	1.475149e+00	-1.309843e-03
7.763676e+00	1.076401e+00	1.473546e+00	-3.645759e-03
7.866476e+00	1.072449e+00	1.473097e+00	-6.342487e-03
7.901553e+00	1.070367e+00	1.474453e+00	-7.359174e-03
7.877852e+00	1.069175e+00	1.476499e+00	-6.722141e-03
7.944280e+00	1.066909e+00	1.477105e+00	-8.299840e-03
7.934969e+00	1.067866e+00	1.479105e+00	-1.041137e-02
7.741575e+00	1.070857e+00	1.484956e+00	-6.435377e-03
6.314640e+01	1.000000e+00	1.200000e+00	-1.000000e-01
1.579064e+01	1.100000e+00	1.300000e+00	-1.599970e-13
3.264093e+01	1.224065e+00	1.433062e+00	1.226676e-01
9.470543e+01	1.283088e+00	1.494175e+00	1.893765e-01
4.537599e+01	1.229789e+00	1.439347e+00	1.581318e-01
1.650430e+01	1.177601e+00	1.387679e+00	1.049287e-01
1.007851e+01	1.127056e+00	1.333034e+00	3.070141e-02
1.936012e+01	1.094529e+00	1.300366e+00	-3.222905e-02
3.377051e+01	1.070551e+00	1.274588e+00	-8.403821e-02
3.986294e+01	1.065215e+00	1.263595e+00	-1.022012e-01
3.599259e+01	1.072406e+00	1.264175e+00	-8.967066e-02
2.460583e+01	1.092777e+00	1.281663e+00	-5.442225e-02
1.649997e+01	1.114393e+00	1.300191e+00	-2.517466e-02
9.810777e+00	1.142511e+00	1.328408e+00	1.824560e-02
9.607190e+00	1.168204e+00	1.353655e+00	5.715519e-02
1.413760e+01	1.193485e+00	1.379006e+00	8.337795e-02
1.867553e+01	1.207844e+00	1.391761e+00	9.749686e-02
2.252775e+01	1.222345e+00	1.405695e+00	9.876152e-02
1.961065e+01	1.219351e+00	1.403151e+00	8.615176e-02
1.684383e+01	1.213285e+00	1.398726e+00	7.596058e-02
1.077817e+01	1.196492e+00	1.381165e+00	4.350396e-02
8.660152e+00	1.177387e+00	1.362215e+00	1.333499e-02
1.000678e+01	1.159061e+00	1.345917e+00	-1.622992e-02
1.369403e+01	1.142477e+00	1.330450e+00	-4.191634e-02
1.595668e+01	1.133168e+00	1.324745e+00	-5.244866e-02
1.774260e+01	1.125743e+00	1.320648e+00	-5.899224e-02
1.691887e+01	1.123481e+00	1.324167e+00	-5.382046e-02
1.548344e+01	1.124845e+00	1.330203e+00	-4.725954e-02
1.275531e+01	1.130106e+00	1.342374e+00	-3.360095e-02
1.078816e+01	1.134548e+00	1.352794e+00	-2.037123e-02
9.418799e+00	1.139430e+00	1.363134e+00	-8.519148e-03
8.502497e+00	1.144401e+00	1.375316e+00	4.139365e-03
8.234703e+00	1.148955e+00	1.386392e+00	1.331719e-02
8.403858e+00	1.152740e+00	1.396031e+00	2.293869e-02
8.736109e+00	1.154270e+00	1.402718e+00	2.959863e-02
8.772572e+00	1.152898e+00	1.406207e+00	2.983131e-02
8.616009e+00	1.149134e+00	1.407988e+00	2.786336e-02
8.439629e+00	1.144524e+00	1.409373e+00	2.567828e-02
8.261350e+00	1.140050e+00	1.410066e+00	2.247110e-02
8.031257e+00	1.131569e+00	1.406746e+00	1.282511e-02
8.208454e+00	1.122080e+00	1.401907e+00	4.084016e-03
8.553598e+00	1.115116e+00	1.400250e+00	-2.719846e-03
9.208784e+00	1.108050e+00	1.398320e+00	-1.177644e-02
1.011558e+01	1.101465e+00	1.396927e+00	-2.143689e-02
1.112665e+01	1.096449e+00	1.396453e+00	-3.101354e-02
1.121273e+01	1.094583e+00	1.399731e+00	-3.300267e-02
1.111143e+01	1.093600e+00	1.403047e+00	-3.338474e-02
1.086325e+01	1.094596e+00	1.407701e+00	-3.412071e-02
9.829782e+00	1.098302e+00	1.416136e+00	-2.835079e-02
1.082074e+02	1.100000e+00	1.400000e+00	4.000000e-01
5.685006e+01	1.000000e+00	1.300000e+00	3.000000e-01
4.659331e+01	9.859518e-01	1.208334e+00	1.792470e-01
3.479719e+01	1.059436e+00	1.167428e+00	5.926086e-02
2.628296e+01	1.145321e+00	1.168386e+00	-1.397204e-02
2.321243e+01	1.243463e+00	1.191072e+00	-7.448505e-02
2.510403e+01	1.346720e+00	1.235903e+00	-9.831877e-02
3.391191e+01	1.419013e+00	1.263141e+00	-1.079396e-01
4.273749e+01	1.465396e+00	1.288084e+00	-1.029407e-01
4.295391e+01	1.470888e+00	1.291481e+00	-9.206843e-02
3.950190e+01	1.462139e+00	1.283744e+00	-8.447503e-02
3.324646e+01	1.445144e+00	1.273491e+00	-6.097113e-02
2.250649e+01	1.400995e+00	1.242866e+00	-3.458491e-02
1.585812e+01	1.345176e+00	1.199091e+00	-2.078899e-02
1.447037e+01	1.293315e+00	1.163721e+00	1.516497e-03
1.525609e+01	1.254393e+00	1.144751e+00	2.990099e-02
1.738584e+01	1.224112e+00	1.131652e+00	5.181082e-02
1.969963e+01	1.201800e+00	1.123473e+00	6.685415e-02
1.884525e+01	1.197195e+00	1.135825e+00	8.949781e-02
1.700640e+01	1.202433e+00	1.154342e+00	9.601724e-02
1.494560e+01	1.215630e+00	1.183022e+00	1.082080e-01
1.432577e+01	1.227146e+00	1.207192e+00	1.163391e-01
1.464544e+01	1.239371e+00	1.231157e+00	1.215452e-01
1.438278e+01	1.244733e+00	1.247879e+00	1.150096e-01
1.393351e+01	1.252049e+00	1.265035e+00	1.026173e-01
1.355025e+01	1.257238e+00	1.278856e+00	8.989443e-02
1.344836e+01	1.261695e+00	1.290928e+00	7.909333e-02
1.150492e+01	1.255333e+00	1.294335e+00	5.397558e-02
1.053521e+01	1.248894e+00	1.297375e+00	3.230738e-02
1.020801e+01	1.233819e+00	1.292492e+00	5.355486e-03
1.112607e+01	1.222994e+00	1.292664e+00	-1.666175e-02
1.282392e+01	1.214561e+00	1.293626e+00	-3.766546e-02
1.383971e+01	1.207622e+00	1.297486e+00	-4.801812e-02
1.350547e+01	1.205831e+00	1.308965e+00	-4.922825e-02
2.426128e+02	8.000000e-01	1.500000e+00	-5.000000e-01
2.324609e+02	7.000000e-01	1.400000e+00	-4.000000e-01
1.607493e+02	7.354363e-01	1.404209e+00	-2.654604e-01
5.654380e+01	8.395242e-01	1.500379e+00	-1.121571e-01
1.161357e+01	9.341551e-01	1.591445e+00	6.488086e-03
4.257675e+01	1.022525e+00	1.677923e+00	1.106490e-01
6.951860e+01	1.066529e+00	1.673272e+00	1.475890e-01
5.460284e+01	1.077667e+00	1.629577e+00	1.409022e-01
3.287989e+01	1.078448e+00	1.576626e+00	1.175589e-01
1.405995e+01	1.062300e+00	1.514589e+00	7.746626e-02
9.623110e+00	1.040232e+00	1.452864e+00	3.314821e-02
1.550746e+01	1.024002e+00	1.400469e+00	-6.845136e-03
2.633929e+01	1.011578e+00	1.354836e+00	-4.443988e-02
3.718724e+01	1.003891e+00	1.318621e+00	-7.215415e-02
3.903143e+01	1.010724e+00	1.303553e+00	-7.732706e-02
3.790409e+01	1.025893e+00	1.296414e+00	-8.128266e-02
3.225363e+01	1.044641e+00	1.299872e+00	-7.137880e-02
2.354897e+01	1.072153e+00	1.311778e+00	-5.259684e-02
1.689329e+01	1.100642e+00	1.325524e+00	-3.813493e-02
1.177812e+01	1.128682e+00	1.340878e+00	-2.041579e-02
9.136525e+00	1.157117e+00	1.357320e+00	-6.154963e-03
8.926199e+00	1.184319e+00	1.375814e+00	1.115459e-02
1.087248e+01	1.204886e+00	1.390248e+00	2.601730e-02
1.350427e+01	1.220407e+00	1.400151e+00	3.565776e-02
1.682411e+01	1.235065e+00	1.409607e+00	4.307953e-02
1.018793e+02	6.000000e-01	1.900000e+00	-2.000000e-01
2.914074e+01	7.000000e-01	2.000000e+00	-1.000000e-01
7.712710e+01	8.235890e-01	2.109305e+00	-2.936125e-03
1.168946e+02	8.351324e-01	2.107782e+00	4.928446e-02
3.909078e+01	7.776663e-01	2.040448e+00	-2.995466e-03
3.011477e+01	6.997122e-01	1.948091e+00	-8.054376e-02
7.378526e+01	6.368547e-01	1.868147e+00	-1.457816e-01
1.191891e+02	5.950964e-01	1.807978e+00	-1.924661e-01
1.234520e+02	6.034862e-01	1.782397e+00	-2.025061e-01
1.141666e+02	6.281163e-01	1.768596e+00	-2.027051e-01
1.042242e+02	6.536485e-01	1.759210e+00	-2.024772e-01
8.331313e+01	6.929557e-01	1.760922e+00	-1.897383e-01
5.288608e+01	7.454631e-01	1.778413e+00	-1.587580e-01
3.177407e+01	7.912141e-01	1.794057e+00	-1.285662e-01
1.783647e+01	8.378927e-01	1.812499e+00	-9.686569e-02
1.430172e+01	8.861492e-01	1.834246e+00	-6.327812e-02
2.083280e+01	9.260722e-01	1.847041e+00	-3.809586e-02
3.450570e+01	9.612880e-01	1.857038e+00	-1.399150e-02
4.119444e+01	9.805454e-01	1.852670e+00	-5.056619e-03
4.598998e+01	9.944429e-01	1.845910e+00	2.875081e-03
3.713280e+01	9.939305e-01	1.824778e+00	-5.504729e-03
2.290581e+01	9.846016e-01	1.789356e+00	-2.579509e-02
1.272815e+01	9.656445e-01	1.744089e+00	-5.570565e-02
1.200262e+01	9.490775e-01	1.703976e+00	-8.126145e-02
1.591205e+01	9.356211e-01	1.668789e+00	-1.012499e-01
2.045762e+01	9.270639e-01	1.640945e+00	-1.132563e-01
2.422647e+01	9.219488e-01	1.618861e+00	-1.199397e-01
2.728462e+01	9.191831e-01	1.600080e+00	-1.239936e-01
2.583356e+01	9.238115e-01	1.591099e+00	-1.165466e-01
2.287894e+01	9.322897e-01	1.586754e+00	-1.061134e-01
2.037493e+01	9.403138e-01	1.582779e+00	-9.658498e-02
2.294351e+01	1.300000e+00	1.000000e+00	1.000000e-01
2.756945e+01	1.400000e+00	1.100000e+00	2.000000e-01
6.445568e+01	1.527830e+00	1.224152e+00	1.607705e-01
2.657618e+01	1.469495e+00	1.176862e+00	5.897559e-02
1.977235e+01	1.423502e+00	1.142268e+00	-1.436790e-02
2.373753e+01	1.379353e+00	1.123851e+00	-6.642430e-02
3.231253e+01	1.335927e+00	1.107019e+00	-1.072465e-01
2.816006e+01	1.326460e+00	1.125859e+00	-9.204889e-02
2.425971e+01	1.316001e+00	1.140180e+00	-7.418900e-02
2.153931e+01	1.306607e+00	1.153974e+00	-6.124666e-02
2.000619e+01	1.295289e+00	1.162926e+00	-5.270424e-02
1.539235e+01	1.301064e+00	1.190927e+00	-2.563757e-02
1.301955e+01	1.306808e+00	1.216448e+00	2.944674e-05
1.240407e+01	1.306323e+00	1.236536e+00	1.820472e-02
1.358651e+01	1.312412e+00	1.262059e+00	3.845133e-02
1.248692e+01	1.293194e+00	1.265972e+00	4.352541e-02
1.187224e+01	1.278565e+00	1.270555e+00	4.811704e-02
1.044236e+01	1.247953e+00	1.262135e+00	4.418636e-02
1.037441e+01	1.220899e+00	1.256052e+00	3.202738e-02
1.198738e+01	1.194718e+00	1.249787e+00	1.178452e-02
1.321041e+01	1.177826e+00	1.253119e+00	1.706002e-03
1.439054e+01	1.166222e+00	1.257610e+00	-8.913202e-03
1.453026e+01	1.162769e+00	1.265119e+00	-1.480839e-02
1.459919e+01	1.161465e+00	1.272977e+00	-2.141837e-02
1.266480e+01	1.171184e+00	1.292833e+00	-2.161749e-02
1.135254e+01	1.179383e+00	1.310033e+00	-2.092823e-02
1.073809e+01	1.188907e+00	1.327608e+00	-2.452885e-02
1.015487e+01	1.202423e+00	1.349326e+00	-2.092113e-02
1.051193e+01	1.215293e+00	1.368903e+00	-1.605150e-02
1.056531e+01	1.213361e+00	1.378777e+00	-1.386290e-02
1.066492e+01	1.210968e+00	1.387119e+00	-1.438357e-02
1.013572e+01	1.198069e+00	1.387011e+00	-2.029191e-02
1.006568e+01	1.183120e+00	1.384282e+00	-3.031040e-02
9.869113e+00	1.171247e+00	1.384654e+00	-3.072415e-02
9.975901e+00	1.156658e+00	1.382304e+00	-3.247777e-02
1.009148e+01	1.145621e+00	1.381145e+00	-3.196560e-02
9.810757e+00	1.138480e+00	1.384495e+00	-2.782426e-02
9.493754e+00	1.133550e+00	1.388205e+00	-2.340414e-02
8.857478e+00	1.133206e+00	1.396725e+00	-1.641831e-02
8.467860e+00	1.131907e+00	1.403459e+00	-1.046683e-02
8.147431e+00	1.132078e+00	1.412427e+00	-3.856047e-03
8.054703e+00	1.134233e+00	1.421777e+00	1.212648e-03
8.001095e+00	1.130354e+00	1.425303e+00	2.190221e-03
7.963321e+00	1.127471e+00	1.428775e+00	4.740167e-03
7.934297e+00	1.119000e+00	1.428029e+00	-5.479307e-04
8.045238e+00	1.112445e+00	1.427838e+00	-5.406221e-03
8.263019e+00	1.106188e+00	1.428032e+00	-1.044763e-02
8.578189e+00	1.101920e+00	1.428807e+00	-1.673523e-02
8.890112e+00	1.098997e+00	1.429944e+00	-2.216272e-02
8.774483e+00	1.099999e+00	1.435003e+00	-2.333042e-02
8.724078e+00	1.101983e+00	1.439907e+00	-2.557465e-02
8.700101e+00	1.103769e+00	1.443920e+00	-2.736721e-02
8.815665e+00	1.102762e+00	1.445854e+00	-2.990774e-02
8.527008e+00	1.105308e+00	1.451020e+00	-2.690707e-02
8.426812e+00	1.108548e+00	1.455717e+00	-2.621262e-02
8.433766e+00	1.113456e+00	1.460362e+00	-2.631823e-02
8.504308e+00	1.117932e+00	1.465395e+00	-2.618412e-02
8.432997e+00	1.114816e+00	1.465004e+00	-2.583064e-02
8.396418e+00	1.110658e+00	1.463545e+00	-2.630947e-02
8.247418e+00	1.109466e+00	1.464751e+00	-2.272736e-02
8.233507e+00	1.102854e+00	1.461272e+00	-2.300715e-02
8.125250e+00	1.099413e+00	1.461032e+00	-2.001925e-02
8.134218e+00	1.094351e+00	1.459275e+00	-1.891916e-02
8.293199e+00	1.088644e+00	1.455745e+00	-1.935713e-02
8.534040e+00	1.085255e+00	1.453243e+00	-2.170896e-02
8.725111e+00	1.083210e+00	1.451503e+00	-2.339165e-02
8.536957e+00	1.084138e+00	1.452976e+00	-2.102307e-02
8.187109e+00	1.089189e+00	1.458786e+00	-1.848657e-02
7.968361e+00	1.094499e+00	1.464763e+00	-1.590954e-02
7.880105e+00	1.097849e+00	1.467704e+00	-1.296164e-02
7.862142e+00	1.100475e+00	1.469815e+00	-1.089810e-02
7.826860e+00	1.101269e+00	1.470047e+00	-6.863607e-03
7.831312e+00	1.099600e+00	1.468256e+00	-9.518273e-03
7.885112e+00	1.100633e+00	1.467971e+00	-1.231422e-02
7.950366e+00	1.100720e+00	1.467174e+00	-1.532488e-02
8.148837e+00	1.095713e+00	1.462401e+00	-2.069796e-02
8.335750e+00	1.092291e+00	1.458916e+00	-2.312665e-02
8.892698e+00	1.088283e+00	1.455860e+00	-3.089054e-02
9.264125e+00	1.085939e+00	1.452845e+00	-3.424625e-02
9.742647e+00	1.086286e+00	1.451206e+00	-4.006911e-02
9.971390e+00	1.088466e+00	1.451315e+00	-4.374453e-02
9.289463e+00	1.093925e+00	1.455050e+00	-3.834208e-02
8.797017e+00	1.099302e+00	1.458550e+00	-3.330111e-02
8.347765e+00	1.104263e+00	1.462792e+00	-2.602047e-02
8.147484e+00	1.110853e+00	1.467521e+00	-1.848223e-02
8.131941e+00	1.111797e+00	1.468612e+00	-1.673952e-02
8.126495e+00	1.113747e+00	1.469718e+00	-1.322050e-02
8.041101e+00	1.112284e+00	1.467730e+00	-1.084474e-02
8.058291e+00	1.113864e+00	1.467773e+00	-8.289670e-03
8.020957e+00	1.113474e+00	1.465620e+00	-8.169580e-03
7.922696e+00	1.103944e+00	1.457209e+00	-1.199200e-02
8.100293e+00	1.098244e+00	1.451320e+00	-1.558221e-02
8.491010e+00	1.092290e+00	1.445068e+00	-1.970095e-02
9.054091e+00	1.086624e+00	1.439121e+00	-2.380751e-02
9.004482e+00	1.086332e+00	1.439610e+00	-2.307255e-02
8.841505e+00	1.087547e+00	1.440384e+00	-2.132688e-02
8.751295e+00	1.090674e+00	1.441399e+00	-2.201766e-02
8.626397e+00	1.095983e+00	1.444510e+00	-2.378080e-02
8.588968e+00	1.101224e+00	1.446766e+00	-2.579481e-02
8.402998e+00	1.106967e+00	1.450474e+00	-2.432121e-02
8.340074e+00	1.112635e+00	1.455905e+00	-2.377845e-02
8.273437e+00	1.116617e+00	1.459473e+00	-2.067199e-02
8.270058e+00	1.118574e+00	1.460788e+00	-1.911257e-02
8.349170e+00	1.118545e+00	1.461425e+00	-2.178690e-02
8.449596e+00	1.115472e+00	1.459753e+00	-2.609994e-02
8.423573e+00	1.110815e+00	1.455781e+00	-2.600709e-02
8.601945e+00	1.103731e+00	1.449229e+00	-2.752697e-02
8.822026e+00	1.098916e+00	1.444704e+00	-2.846262e-02
8.667948e+00	1.097525e+00	1.444343e+00	-2.506972e-02
8.515057e+00	1.097869e+00	1.444872e+00	-2.245431e-02
8.218364e+00	1.102008e+00	1.449693e+00	-1.901594e-02
8.066825e+00	1.102940e+00	1.451190e+00	-1.546439e-02
8.007809e+00	1.104163e+00	1.452637e+00	-1.410092e-02
8.072834e+00	1.100075e+00	1.450253e+00	-1.474801e-02
8.011699e+00	1.100692e+00	1.451283e+00	-1.333949e-02
8.072485e+00	1.102106e+00	1.451783e+00	-1.574696e-02
8.214373e+00	1.100049e+00	1.450040e+00	-1.862106e-02
8.148814e+00	1.101505e+00	1.451834e+00	-1.789651e-02
1.899444e+02	1.200000e+00	1.600000e+00	3.000000e-01
4.764650e+01	1.100000e+00	1.500000e+00	2.000000e-01
2.346906e+01	9.698592e-01	1.380273e+00	7.145144e-02
7.795803e+01	8.638170e-01	1.275533e+00	-4.636961e-02
1.072837e+02	8.436826e-01	1.228854e+00	-1.108254e-01
1.178498e+02	8.552941e-01	1.200730e+00	-1.473347e-01
1.189228e+02	8.797957e-01	1.181733e+00	-1.683567e-01
1.147886e+02	9.059711e-01	1.171766e+00	-1.769538e-01
9.910427e+01	9.460400e-01	1.174106e+00	-1.662579e-01
7.122094e+01	1.006617e+00	1.191788e+00	-1.346655e-01
4.485483e+01	1.069106e+00	1.215020e+00	-9.527985e-02
2.314989e+01	1.134582e+00	1.243143e+00	-4.906456e-02
1.121131e+01	1.198362e+00	1.275010e+00	-1.694514e-03
1.148269e+01	1.253894e+00	1.306488e+00	4.644864e-02
2.316919e+01	1.304401e+00	1.335616e+00	8.622264e-02
4.406382e+01	1.350680e+00	1.362372e+00	1.186670e-01
7.037368e+01	1.389673e+00	1.385010e+00	1.453006e-01
8.762776e+01	1.420759e+00	1.397522e+00	1.473274e-01
6.529359e+01	1.407534e+00	1.371551e+00	1.256828e-01
4.792634e+01	1.392676e+00	1.347604e+00	1.046982e-01
2.746462e+01	1.365205e+00	1.310278e+00	6.875286e-02
1.627885e+01	1.335767e+00	1.273691e+00	3.369211e-02
1.281095e+01	1.305096e+00	1.238244e+00	9.771000e-04
1.519197e+01	1.274873e+00	1.204876e+00	-2.873984e-02
2.030133e+01	1.250575e+00	1.178997e+00	-5.144264e-02
2.511077e+01	1.230681e+00	1.158862e+00	-6.309454e-02
2.836883e+01	1.216865e+00	1.145582e+00	-6.723149e-02
3.160980e+01	1.205286e+00	1.134505e+00	-7.181750e-02
3.336602e+01	1.198119e+00	1.127094e+00	-7.206817e-02
3.200238e+01	1.196132e+00	1.125922e+00	-6.200196e-02
2.997235e+01	1.197120e+00	1.127801e+00	-5.156562e-02
2.817478e+01	1.198122e+00	1.129881e+00	-4.197596e-02
2.536720e+01	1.203452e+00	1.135079e+00	-3.003780e-02
2.098695e+01	1.213535e+00	1.146281e+00	-1.100165e-02
1.731087e+01	1.225579e+00	1.158427e+00	6.556121e-03
1.400482e+01	1.239588e+00	1.174401e+00	2.758047e-02
1.219076e+01	1.252676e+00	1.189409e+00	4.770023e-02
1.162721e+01	1.265562e+00	1.204058e+00	6.131831e-02
1.216019e+01	1.277923e+00	1.218988e+00	7.654764e-02
1.356676e+01	1.287633e+00	1.231796e+00	9.017373e-02
1.492608e+01	1.294285e+00	1.241666e+00	9.746977e-02
1.644561e+01	1.300660e+00	1.250805e+00	1.030193e-01
1.740530e+01	1.303221e+00	1.257384e+00	1.056647e-01
1.795511e+01	1.305979e+00	1.263891e+00	1.038864e-01
1.662522e+01	1.301102e+00	1.263182e+00	9.661482e-02
1.540145e+01	1.295921e+00	1.262633e+00	8.921233e-02
2.484547e+02	7.000000e-01	1.300000e+00	-4.000000e-01
1.512650e+02	8.000000e-01	1.400000e+00	-3.000000e-01
6.089799e+01	9.130415e-01	1.514757e+00	-1.996277e-01
1.317478e+01	1.041763e+00	1.627526e+00	-9.054123e-02
4.186782e+01	1.126264e+00	1.703591e+00	-1.003280e-02
3.887598e+01	1.132316e+00	1.679305e+00	-1.026144e-03
3.184106e+01	1.127539e+00	1.651005e+00	6.134057e-03
1.797452e+01	1.102072e+00	1.611862e+00	-1.836059e-03
9.241654e+00	1.067141e+00	1.567182e+00	-1.172779e-02
8.288280e+00	1.033976e+00	1.522572e+00	-2.242289e-02
1.202979e+01	1.007402e+00	1.486360e+00	-2.991437e-02
1.691486e+01	9.900676e-01	1.457132e+00	-3.540217e-02
1.885917e+01	9.837405e-01	1.441255e+00	-2.982557e-02
1.926753e+01	9.849562e-01	1.431155e+00	-2.481540e-02
1.755386e+01	9.940952e-01	1.426735e+00	-1.537590e-02
1.356881e+01	1.011148e+00	1.433644e+00	3.260312e-03
1.066762e+01	1.029740e+00	1.442939e+00	2.370162e-02
9.320070e+00	1.051513e+00	1.455343e+00	4.173774e-02
1.010986e+01	1.072797e+00	1.467216e+00	5.856680e-02
1.246360e+01	1.091881e+00	1.477362e+00	7.186843e-02
1.449665e+01	1.102646e+00	1.480910e+00	8.016614e-02
1.493429e+01	1.109277e+00	1.478254e+00	8.122626e-02
