# loss | a0 ... a3
1.721067e+02	7.222222e-01	1.222222e+00	-1.666667e-01
1.407651e+02	8.722222e-01	1.372222e+00	-3.166667e-01
3.548028e+01	1.072576e+00	1.562558e+00	-1.900134e-01
9.837570e+01	1.249878e+00	1.722761e+00	-2.254637e-02
2.384575e+02	1.266177e+00	1.754001e+00	1.367479e-01
3.526103e+02	1.256489e+00	1.751172e+00	2.508417e-01
1.391481e+02	1.152087e+00	1.644718e+00	2.257586e-01
1.872647e+01	1.006344e+00	1.500548e+00	1.186292e-01
4.560990e+01	8.847489e-01	1.375650e+00	9.650568e-03
1.021104e+02	8.057089e-01	1.284743e+00	-7.433257e-02
1.618086e+02	7.446652e-01	1.205847e+00	-1.519345e-01
2.126860e+02	6.965165e-01	1.138787e+00	-2.091082e-01
2.348282e+02	6.911742e-01	1.093884e+00	-2.470805e-01
2.352640e+02	7.121776e-01	1.066798e+00	-2.624374e-01
2.229003e+02	7.540737e-01	1.050223e+00	-2.693803e-01
2.115133e+02	7.957919e-01	1.036772e+00	-2.772321e-01
1.952383e+02	8.399151e-01	1.030262e+00	-2.734699e-01
1.754234e+02	8.896326e-01	1.028742e+00	-2.643464e-01
1.498077e+02	9.421005e-01	1.035397e+00	-2.410173e-01
1.267706e+02	9.942166e-01	1.043983e+00	-2.212361e-01
9.997796e+01	1.053525e+00	1.058524e+00	-1.923914e-01
7.389386e+01	1.109735e+00	1.077652e+00	-1.558504e-01
5.267777e+01	1.165426e+00	1.098364e+00	-1.240868e-01
3.513374e+01	1.221846e+00	1.120402e+00	-9.082280e-02
2.179718e+01	1.276107e+00	1.144563e+00	-5.116514e-02
1.544168e+01	1.325415e+00	1.167564e+00	-1.449528e-02
1.528057e+01	1.368931e+00	1.190150e+00	2.454082e-02
2.074227e+01	1.406018e+00	1.209498e+00	5.771720e-02
3.043773e+01	1.438172e+00	1.226620e+00	8.854933e-02
4.250553e+01	1.466115e+00	1.242180e+00	1.118050e-01
4.775215e+01	1.475402e+00	1.243846e+00	1.257726e-01
5.295296e+01	1.482579e+00	1.245202e+00	1.399868e-01
5.308999e+01	1.483917e+00	1.238566e+00	1.467318e-01
4.679267e+01	1.478616e+00	1.222078e+00	1.423876e-01
4.091915e+01	1.472849e+00	1.207377e+00	1.349429e-01
3.442019e+01	1.461312e+00	1.189892e+00	1.285842e-01
2.732644e+01	1.444805e+00	1.169777e+00	1.172633e-01
2.205805e+01	1.430269e+00	1.151374e+00	1.023444e-01
1.765534e+01	1.408234e+00	1.128656e+00	8.798008e-02
1.556897e+01	1.388028e+00	1.108919e+00	7.390588e-02
1.513526e+01	1.369893e+00	1.091728e+00	6.036888e-02
1.583502e+01	1.353223e+00	1.076739e+00	4.765616e-02
1.718633e+01	1.339579e+00	1.064892e+00	3.570626e-02
1.790291e+01	1.330029e+00	1.060530e+00	3.332063e-02
1.862283e+01	1.322475e+00	1.057646e+00	2.968298e-02
1.910039e+01	1.317020e+00	1.057043e+00	2.674459e-02
1.958190e+01	1.313521e+00	1.057851e+00	2.109225e-02
1.943771e+01	1.311530e+00	1.061215e+00	2.058041e-02
1.840961e+01	1.312798e+00	1.069231e+00	2.541693e-02
1.715446e+01	1.315480e+00	1.078944e+00	3.288432e-02
1.602925e+01	1.317966e+00	1.088562e+00	4.211997e-02
1.483769e+01	1.324071e+00	1.102634e+00	5.187850e-02
1.412828e+01	1.329996e+00	1.116299e+00	5.889069e-02
1.378589e+01	1.337624e+00	1.131571e+00	6.555801e-02
1.395871e+01	1.344205e+00	1.147685e+00	7.424919e-02
1.444909e+01	1.348241e+00	1.160620e+00	8.079158e-02
1.517273e+01	1.352169e+00	1.173440e+00	8.537976e-02
1.568684e+01	1.351083e+00	1.182891e+00	8.972560e-02
1.611470e+01	1.350758e+00	1.192803e+00	9.019976e-02
1.658307e+01	1.349745e+00	1.201794e+00	9.153327e-02
1.704143e+01	1.349773e+00	1.210880e+00	9.073842e-02
1.748081e+01	1.350059e+00	1.219286e+00	8.923670e-02
1.678958e+01	1.344209e+00	1.223286e+00	8.441764e-02
1.612953e+01	1.337614e+00	1.226850e+00	8.081134e-02
1.544500e+01	1.331895e+00	1.230510e+00	7.527558e-02
