# loss | a0 ... a3
6.744758e+01	1.166667e+00	1.777778e+00	-1.666667e-01
9.467816e+00	1.016667e+00	1.627778e+00	-1.666667e-02
4.548978e+01	8.437246e-01	1.448012e+00	1.387939e-01
3.294029e+01	8.900140e-01	1.450908e+00	1.163102e-01
2.507839e+01	9.955998e-01	1.534329e+00	1.420860e-01
4.226962e+01	1.077830e+00	1.592846e+00	1.356324e-01
8.548213e+00	1.057236e+00	1.506020e+00	2.809432e-02
2.392144e+01	1.018265e+00	1.413633e+00	-8.128200e-02
4.153742e+01	1.019730e+00	1.360181e+00	-1.333214e-01
2.013241e+01	1.087786e+00	1.389712e+00	-9.093062e-02
1.027806e+01	1.144351e+00	1.410736e+00	-4.416954e-02
1.030391e+01	1.184866e+00	1.425396e+00	-1.937578e-03
1.386966e+01	1.203283e+00	1.430295e+00	3.120111e-02
1.265377e+01	1.185675e+00	1.414532e+00	5.213850e-02
1.078713e+01	1.154883e+00	1.388253e+00	6.842372e-02
1.087002e+01	1.104127e+00	1.343161e+00	4.967923e-02
1.417001e+01	1.078744e+00	1.324929e+00	3.439371e-02
1.221566e+01	1.087361e+00	1.340176e+00	3.510232e-02
9.203805e+00	1.115739e+00	1.365386e+00	3.099525e-02
8.223510e+00	1.143716e+00	1.394748e+00	2.166018e-02
8.926046e+00	1.163307e+00	1.420803e+00	3.947495e-03
9.545781e+00	1.142260e+00	1.412281e+00	-3.486649e-02
1.006340e+01	1.136533e+00	1.421549e+00	-4.408908e-02
9.156860e+00	1.139253e+00	1.445682e+00	-3.243104e-02
8.551340e+00	1.132529e+00	1.459578e+00	-1.357584e-02
1.038132e+01	1.133113e+00	1.478642e+00	2.360554e-02
1.002957e+01	1.110046e+00	1.479583e+00	3.819224e-02
8.933039e+00	1.055337e+00	1.445656e+00	1.646747e-02
1.192182e+01	1.030326e+00	1.437452e+00	-9.159878e-03
8.282469e+00	1.052367e+00	1.471902e+00	7.371649e-03
9.430204e+00	1.093348e+00	1.521195e+00	1.196687e-02
1.862252e+01	1.134447e+00	1.565223e+00	1.576954e-02
2.221339e+01	1.130093e+00	1.574103e+00	3.526977e-02
1.472940e+01	1.103732e+00	1.548731e+00	3.537909e-02
7.734629e+00	1.059417e+00	1.512938e+00	3.324708e-04
1.557791e+01	1.004153e+00	1.463078e+00	-4.474451e-02
1.840960e+01	9.894017e-01	1.462200e+00	-5.216274e-02
