# loss | a0 ... a3
2.909054e+02	5.000000e-01	1.220000e+00	-1.600000e-01
2.635132e+02	5.000000e-01	1.240000e+00	-2.000000e-02
1.975648e+02	5.000000e-01	1.600000e+00	3.800000e-01
1.989219e+02	5.000000e-01	1.720000e+00	4.400000e-01
1.132714e+02	5.000000e-01	1.960000e+00	-8.000000e-02
2.891963e+02	5.200000e-01	1.080000e+00	-6.000000e-02
2.586068e+02	5.200000e-01	1.160000e+00	8.000000e-02
3.190909e+02	5.200000e-01	1.660000e+00	-5.000000e-01
2.054398e+02	5.200000e-01	1.700000e+00	4.800000e-01
2.759144e+02	5.200000e-01	1.940000e+00	-4.800000e-01
2.911216e+02	5.400000e-01	1.140000e+00	-2.000000e-01
2.331772e+02	5.400000e-01	1.320000e+00	-1.000000e-01
2.209715e+02	5.400000e-01	1.380000e+00	4.200000e-01
3.077459e+02	5.400000e-01	1.480000e+00	-4.400000e-01
1.797242e+02	5.400000e-01	1.560000e+00	-1.000000e-01
3.218025e+02	5.600000e-01	1.080000e+00	-3.200000e-01
2.845571e+02	5.600000e-01	1.460000e+00	-4.000000e-01
1.410890e+02	5.600000e-01	1.640000e+00	2.800000e-01
1.570008e+02	5.600000e-01	1.840000e+00	-2.600000e-01
1.333861e+02	5.600000e-01	1.880000e+00	-2.200000e-01
1.943340e+02	5.800000e-01	1.320000e+00	3.200000e-01
1.348675e+02	5.800000e-01	1.600000e+00	-4.000000e-02
2.075689e+02	5.800000e-01	1.700000e+00	-3.400000e-01
1.853381e+02	5.800000e-01	1.780000e+00	4.600000e-01
1.856610e+02	5.800000e-01	1.900000e+00	4.200000e-01
2.432749e+02	6.000000e-01	1.000000e+00	1.600000e-01
2.610675e+02	6.000000e-01	1.000000e+00	4.000000e-01
2.419142e+02	6.000000e-01	1.220000e+00	-2.000000e-01
2.013965e+02	6.000000e-01	1.260000e+00	3.600000e-01
1.046189e+02	6.000000e-01	1.740000e+00	2.400000e-01
2.159765e+02	6.200000e-01	1.080000e+00	1.000000e-01
1.771050e+02	6.200000e-01	1.300000e+00	-2.000000e-02
1.663957e+02	6.200000e-01	1.300000e+00	2.000000e-01
1.198544e+02	6.200000e-01	1.640000e+00	3.000000e-01
1.615842e+02	6.200000e-01	1.960000e+00	3.400000e-01
2.133486e+02	6.400000e-01	1.040000e+00	1.200000e-01
1.805182e+02	6.400000e-01	1.280000e+00	-8.000000e-02
1.100007e+02	6.400000e-01	1.620000e+00	2.800000e-01
9.873603e+01	6.400000e-01	1.780000e+00	-1.800000e-01
1.713622e+02	6.400000e-01	1.920000e+00	-3.800000e-01
1.727018e+02	6.600000e-01	1.180000e+00	2.200000e-01
1.756993e+02	6.600000e-01	1.280000e+00	4.000000e-01
1.142989e+02	6.600000e-01	1.440000e+00	1.400000e-01
1.774191e+02	6.600000e-01	1.560000e+00	-3.000000e-01
2.183978e+02	6.600000e-01	1.960000e+00	-4.600000e-01
1.831722e+02	6.800000e-01	1.140000e+00	3.400000e-01
8.324175e+01	6.800000e-01	1.580000e+00	1.800000e-01
7.652500e+01	6.800000e-01	1.600000e+00	1.400000e-01
2.125185e+02	6.800000e-01	1.660000e+00	-4.200000e-01
1.532672e+02	6.800000e-01	1.860000e+00	-3.600000e-01
1.950738e+02	7.000000e-01	1.000000e+00	2.600000e-01
2.057704e+02	7.000000e-01	1.180000e+00	-2.200000e-01
1.239696e+02	7.000000e-01	1.720000e+00	-2.800000e-01
1.496032e+02	7.000000e-01	1.840000e+00	-3.600000e-01
1.164356e+02	7.000000e-01	1.920000e+00	2.600000e-01
1.664316e+02	7.200000e-01	1.120000e+00	-2.000000e-02
1.168003e+02	7.200000e-01	1.480000e+00	-1.600000e-01
1.086044e+02	7.200000e-01	1.520000e+00	-1.600000e-01
5.663020e+01	7.200000e-01	1.640000e+00	-2.000000e-02
1.127309e+02	7.200000e-01	1.920000e+00	-3.200000e-01
2.047044e+02	7.400000e-01	1.000000e+00	-1.400000e-01
1.626692e+02	7.400000e-01	1.300000e+00	4.800000e-01
1.016742e+02	7.400000e-01	1.340000e+00	4.000000e-02
1.101711e+02	7.400000e-01	1.420000e+00	-1.200000e-01
6.601847e+01	7.400000e-01	1.560000e+00	-4.000000e-02
2.594619e+02	7.600000e-01	1.200000e+00	-4.400000e-01
6.454695e+01	7.600000e-01	1.480000e+00	6.000000e-02
7.412807e+01	7.600000e-01	1.740000e+00	2.400000e-01
5.043722e+01	7.600000e-01	1.780000e+00	1.600000e-01
1.324676e+02	7.600000e-01	1.880000e+00	-3.600000e-01
2.555842e+02	7.800000e-01	1.320000e+00	-4.800000e-01
1.610634e+02	7.800000e-01	1.340000e+00	-2.800000e-01
6.143627e+01	7.800000e-01	1.520000e+00	2.000000e-01
1.756562e+02	7.800000e-01	1.620000e+00	-4.000000e-01
1.277677e+02	7.800000e-01	1.740000e+00	-3.400000e-01
1.299608e+02	8.000000e-01	1.100000e+00	2.600000e-01
1.109890e+02	8.000000e-01	1.300000e+00	-1.200000e-01
1.940368e+02	8.000000e-01	1.360000e+00	-3.800000e-01
7.368527e+01	8.000000e-01	1.440000e+00	-8.000000e-02
4.898663e+01	8.000000e-01	1.580000e+00	1.800000e-01
2.368143e+02	8.200000e-01	1.160000e+00	-4.200000e-01
2.197642e+02	8.200000e-01	1.440000e+00	-4.600000e-01
2.913539e+01	8.200000e-01	1.620000e+00	8.000000e-02
1.279935e+02	8.200000e-01	1.620000e+00	4.000000e-01
7.271741e+01	8.200000e-01	1.720000e+00	2.400000e-01
1.213886e+02	8.400000e-01	1.040000e+00	1.600000e-01
1.383346e+02	8.400000e-01	1.400000e+00	-3.000000e-01
2.121115e+01	8.400000e-01	1.740000e+00	6.000000e-02
4.933220e+01	8.400000e-01	1.840000e+00	1.200000e-01
5.511868e+01	8.400000e-01	1.880000e+00	-2.400000e-01
1.520146e+02	8.600000e-01	1.060000e+00	4.600000e-01
4.027509e+01	8.600000e-01	1.580000e+00	1.800000e-01
7.759455e+01	8.600000e-01	1.580000e+00	3.000000e-01
1.752761e+01	8.600000e-01	1.860000e+00	-2.000000e-02
1.631629e+01	8.600000e-01	1.880000e+00	-6.000000e-02
1.114055e+02	8.800000e-01	1.020000e+00	1.000000e-01
9.351641e+01	8.800000e-01	1.200000e+00	3.200000e-01
8.591760e+01	8.800000e-01	1.500000e+00	-2.400000e-01
9.587486e+01	8.800000e-01	1.820000e+00	-3.200000e-01
1.601164e+02	8.800000e-01	1.960000e+00	-4.000000e-01
1.579865e+02	9.000000e-01	1.060000e+00	-2.400000e-01
3.327348e+01	9.000000e-01	1.420000e+00	1.000000e-01
8.641220e+01	9.000000e-01	1.440000e+00	3.600000e-01
1.103155e+02	9.000000e-01	1.700000e+00	-3.400000e-01
1.347214e+02	9.000000e-01	1.800000e+00	-3.800000e-01
9.456139e+01	9.200000e-01	1.040000e+00	2.000000e-01
8.473313e+01	9.200000e-01	1.080000e+00	1.200000e-01
5.835946e+01	9.200000e-01	1.220000e+00	1.200000e-01
5.822253e+01	9.200000e-01	1.300000e+00	-6.000000e-02
2.103018e+02	9.200000e-01	1.460000e+00	-4.800000e-01
1.075349e+02	9.400000e-01	1.160000e+00	-1.800000e-01
1.305438e+02	9.400000e-01	1.180000e+00	-2.600000e-01
1.789965e+02	9.400000e-01	1.760000e+00	-4.400000e-01
1.872565e+01	9.400000e-01	1.820000e+00	-4.000000e-02
4.993202e+02	9.400000e-01	1.980000e+00	3.800000e-01
1.039567e+02	9.600000e-01	1.260000e+00	-2.400000e-01
1.294002e+02	9.600000e-01	1.480000e+00	4.400000e-01
1.565474e+01	9.600000e-01	1.520000e+00	8.000000e-02
1.396219e+01	9.600000e-01	1.540000e+00	-4.000000e-02
2.317873e+02	9.600000e-01	1.760000e+00	-5.000000e-01
8.458913e+01	9.800000e-01	1.040000e+00	2.800000e-01
2.192189e+02	9.800000e-01	1.380000e+00	-5.000000e-01
2.035559e+02	9.800000e-01	1.800000e+00	-4.600000e-01
3.459727e+01	9.800000e-01	1.860000e+00	-4.000000e-02
5.994843e+01	9.800000e-01	1.860000e+00	4.000000e-02
6.991829e+01	1.000000e+00	1.120000e+00	-6.000000e-02
5.897206e+01	1.000000e+00	1.120000e+00	2.000000e-02
1.007926e+02	1.000000e+00	1.180000e+00	4.400000e-01
2.201666e+02	1.000000e+00	1.600000e+00	4.800000e-01
1.045407e+02	1.000000e+00	1.940000e+00	-3.000000e-01
1.123562e+02	1.020000e+00	1.220000e+00	4.800000e-01
1.170298e+01	1.020000e+00	1.440000e+00	2.000000e-02
2.235470e+01	1.020000e+00	1.460000e+00	-1.000000e-01
1.852364e+02	1.020000e+00	1.500000e+00	-4.600000e-01
1.143287e+02	1.020000e+00	1.720000e+00	2.200000e-01
1.932604e+02	1.040000e+00	1.000000e+00	-4.000000e-01
4.245406e+01	1.040000e+00	1.160000e+00	2.000000e-02
8.913361e+01	1.040000e+00	1.220000e+00	4.200000e-01
1.974844e+02	1.040000e+00	1.800000e+00	2.400000e-01
1.436192e+02	1.040000e+00	1.820000e+00	1.600000e-01
1.823390e+02	1.060000e+00	1.520000e+00	4.600000e-01
2.978032e+01	1.060000e+00	1.680000e+00	4.000000e-02
3.158575e+01	1.060000e+00	1.760000e+00	-1.400000e-01
6.237600e+01	1.060000e+00	1.900000e+00	-1.400000e-01
8.689326e+01	1.060000e+00	1.940000e+00	-2.200000e-01
6.727271e+01	1.080000e+00	1.180000e+00	3.600000e-01
5.684140e+01	1.080000e+00	1.280000e+00	3.200000e-01
1.291357e+02	1.080000e+00	1.540000e+00	-3.800000e-01
1.783794e+01	1.080000e+00	1.560000e+00	-1.200000e-01
3.489666e+02	1.080000e+00	1.920000e+00	2.200000e-01
7.994038e+01	1.100000e+00	1.020000e+00	3.800000e-01
5.114576e+01	1.100000e+00	1.160000e+00	3.000000e-01
5.051711e+01	1.100000e+00	1.480000e+00	2.200000e-01
1.240091e+02	1.100000e+00	1.780000e+00	-3.400000e-01
1.084333e+02	1.100000e+00	1.960000e+00	-1.200000e-01
3.480551e+01	1.120000e+00	1.100000e+00	4.000000e-02
3.526752e+01	1.120000e+00	1.120000e+00	0.000000e+00
9.671528e+01	1.120000e+00	1.400000e+00	-3.200000e-01
4.513051e+01	1.120000e+00	1.400000e+00	-2.000000e-01
3.041308e+02	1.120000e+00	1.920000e+00	-4.800000e-01
3.717556e+01	1.140000e+00	1.100000e+00	2.200000e-01
5.449246e+01	1.140000e+00	1.140000e+00	-1.400000e-01
2.790176e+01	1.140000e+00	1.240000e+00	-8.000000e-02
1.300839e+02	1.140000e+00	1.580000e+00	2.800000e-01
1.173978e+02	1.140000e+00	1.940000e+00	-1.800000e-01
7.680612e+01	1.160000e+00	1.260000e+00	-2.600000e-01
1.540692e+02	1.160000e+00	1.360000e+00	-4.200000e-01
1.954658e+01	1.160000e+00	1.360000e+00	-1.000000e-01
2.284801e+02	1.160000e+00	1.540000e+00	4.400000e-01
5.588325e+02	1.160000e+00	1.820000e+00	4.000000e-01
4.293622e+01	1.180000e+00	1.400000e+00	-2.000000e-01
3.076889e+01	1.180000e+00	1.540000e+00	6.000000e-02
2.448751e+02	1.180000e+00	1.620000e+00	3.600000e-01
9.586833e+01	1.180000e+00	1.680000e+00	1.000000e-01
1.415390e+02	1.180000e+00	1.880000e+00	-2.800000e-01
5.552228e+01	1.200000e+00	1.240000e+00	3.200000e-01
1.059404e+02	1.200000e+00	1.360000e+00	3.800000e-01
4.933368e+01	1.200000e+00	1.460000e+00	-2.200000e-01
1.904625e+02	1.200000e+00	1.640000e+00	2.600000e-01
4.126423e+02	1.200000e+00	1.660000e+00	4.600000e-01
5.343379e+01	1.220000e+00	1.100000e+00	3.400000e-01
4.887802e+01	1.220000e+00	1.200000e+00	-1.800000e-01
7.382680e+01	1.220000e+00	1.240000e+00	-2.600000e-01
2.142284e+01	1.220000e+00	1.500000e+00	-8.000000e-02
5.975579e+02	1.220000e+00	1.780000e+00	4.200000e-01
1.660823e+01	1.240000e+00	1.420000e+00	2.000000e-02
6.688269e+01	1.240000e+00	1.560000e+00	1.000000e-01
5.271867e+01	1.240000e+00	1.640000e+00	-6.000000e-02
2.745597e+02	1.240000e+00	1.680000e+00	-5.000000e-01
5.125971e+02	1.240000e+00	1.980000e+00	1.200000e-01
4.277878e+01	1.260000e+00	1.060000e+00	3.000000e-01
1.225078e+01	1.260000e+00	1.340000e+00	0.000000e+00
5.308485e+01	1.260000e+00	1.460000e+00	1.400000e-01
6.668248e+01	1.260000e+00	1.500000e+00	1.400000e-01
2.156015e+02	1.260000e+00	1.860000e+00	0.000000e+00
9.445091e+01	1.280000e+00	1.060000e+00	-2.800000e-01
5.546387e+01	1.280000e+00	1.140000e+00	3.400000e-01
4.749699e+01	1.280000e+00	1.260000e+00	2.600000e-01
3.847722e+02	1.280000e+00	1.800000e+00	2.000000e-01
2.618090e+02	1.280000e+00	1.980000e+00	-2.800000e-01
5.458743e+01	1.300000e+00	1.120000e+00	3.400000e-01
1.268259e+02	1.300000e+00	1.320000e+00	4.000000e-01
3.652948e+01	1.300000e+00	1.380000e+00	-1.600000e-01
4.860205e+01	1.300000e+00	1.400000e+00	-2.000000e-01
2.381655e+02	1.300000e+00	1.840000e+00	-3.600000e-01
7.853776e+01	1.320000e+00	1.020000e+00	4.400000e-01
1.192539e+02	1.320000e+00	1.420000e+00	2.800000e-01
5.740373e+01	1.320000e+00	1.540000e+00	-1.600000e-01
2.345423e+02	1.320000e+00	1.700000e+00	-4.200000e-01
1.627178e+02	1.320000e+00	1.800000e+00	-2.400000e-01
5.711058e+01	1.340000e+00	1.060000e+00	3.600000e-01
2.375015e+01	1.340000e+00	1.200000e+00	1.600000e-01
9.125945e+01	1.340000e+00	1.360000e+00	-3.000000e-01
1.844056e+02	1.340000e+00	1.700000e+00	6.000000e-02
2.800019e+02	1.340000e+00	1.940000e+00	-1.400000e-01
1.285127e+02	1.360000e+00	1.020000e+00	-3.600000e-01
1.022744e+02	1.360000e+00	1.340000e+00	-3.200000e-01
1.245152e+02	1.360000e+00	1.680000e+00	-2.200000e-01
1.481075e+02	1.360000e+00	1.680000e+00	0.000000e+00
2.691022e+02	1.360000e+00	1.900000e+00	-1.200000e-01
7.352185e+01	1.380000e+00	1.240000e+00	-2.600000e-01
2.365677e+02	1.380000e+00	1.720000e+00	-3.800000e-01
4.165393e+02	1.380000e+00	1.760000e+00	1.800000e-01
4.677101e+02	1.380000e+00	1.980000e+00	-4.200000e-01
3.502754e+02	1.380000e+00	1.980000e+00	-1.800000e-01
1.676907e+02	1.400000e+00	1.080000e+00	-4.400000e-01
1.953643e+02	1.400000e+00	1.200000e+00	-4.800000e-01
1.016494e+02	1.400000e+00	1.280000e+00	3.200000e-01
4.269990e+01	1.400000e+00	1.380000e+00	2.000000e-02
1.904468e+02	1.400000e+00	1.660000e+00	-3.400000e-01
2.923110e+01	1.420000e+00	1.100000e+00	2.000000e-01
4.175748e+01	1.420000e+00	1.140000e+00	2.400000e-01
9.985885e+01	1.420000e+00	1.340000e+00	-3.000000e-01
3.429861e+02	1.420000e+00	1.520000e+00	3.800000e-01
1.070397e+03	1.420000e+00	1.900000e+00	3.000000e-01
8.159603e+01	1.440000e+00	1.420000e+00	8.000000e-02
3.731222e+02	1.440000e+00	1.500000e+00	4.200000e-01
2.610943e+02	1.440000e+00	1.600000e+00	-4.400000e-01
2.433015e+02	1.440000e+00	1.660000e+00	8.000000e-02
6.578854e+02	1.440000e+00	1.840000e+00	1.800000e-01
9.673233e+01	1.460000e+00	1.040000e+00	4.600000e-01
2.251816e+02	1.460000e+00	1.280000e+00	-5.000000e-01
2.406767e+02	1.460000e+00	1.320000e+00	4.800000e-01
2.964096e+02	1.460000e+00	1.820000e+00	-1.000000e-01
5.621278e+02	1.460000e+00	1.900000e+00	4.000000e-02
1.979572e+01	1.480000e+00	1.020000e+00	6.000000e-02
1.959510e+02	1.480000e+00	1.260000e+00	-4.600000e-01
1.745750e+02	1.480000e+00	1.380000e+00	-4.000000e-01
2.994201e+02	1.480000e+00	1.740000e+00	0.000000e+00
4.883171e+02	1.480000e+00	1.760000e+00	1.400000e-01
2.846730e+01	9.444444e-01	1.444444e+00	-5.555556e-02
3.297149e+01	1.094444e+00	1.594444e+00	9.444444e-02
1.486472e+01	9.751762e-01	1.486754e+00	-2.058885e-02
3.681468e+01	9.387105e-01	1.439065e+00	-9.260079e-02
1.027457e+01	1.022211e+00	1.516930e+00	-4.401685e-02
1.941646e+01	1.101872e+00	1.600060e+00	2.246331e-02
8.146390e+01	1.168534e+00	1.671458e+00	9.060902e-02
2.172207e+01	1.108775e+00	1.599625e+00	2.970790e-02
8.328853e+00	1.056998e+00	1.536919e+00	-3.548566e-02
1.478865e+01	1.027083e+00	1.494459e+00	-7.589248e-02
2.638618e+01	1.003093e+00	1.456547e+00	-1.076228e-01
1.357462e+01	1.026369e+00	1.464219e+00	-4.866539e-02
1.361191e+01	1.100908e+00	1.526921e+00	4.634171e-02
9.524205e+00	1.067065e+00	1.486678e+00	4.707165e-02
1.030814e+01	1.036053e+00	1.451366e+00	4.660202e-02
1.097136e+01	1.035402e+00	1.433912e+00	4.587201e-02
9.469423e+00	1.054543e+00	1.435328e+00	1.002754e-02
9.979583e+00	1.091735e+00	1.452638e+00	-4.549410e-02
1.085227e+01	1.118769e+00	1.473840e+00	-6.191953e-02
1.020731e+01	1.138636e+00	1.494740e+00	-2.897533e-02
1.236736e+01	1.151959e+00	1.502487e+00	-9.444768e-04
8.890699e+00	1.098218e+00	1.443113e+00	-2.867851e-02
1.288989e+01	1.055692e+00	1.395173e+00	-1.246485e-02
1.850346e+01	1.032992e+00	1.364391e+00	-1.399882e-02
1.864562e+01	1.058569e+00	1.370926e+00	-5.115813e-02
1.303387e+01	1.107083e+00	1.405604e+00	-6.003632e-02
1.125275e+01	1.176988e+00	1.457244e+00	-2.614440e-02
1.474444e+01	1.189363e+00	1.474296e+00	8.877867e-03
8.198445e+00	1.133406e+00	1.413922e+00	-6.536293e-03
1.515161e+01	1.077478e+00	1.357611e+00	-2.754325e-02
1.658905e+01	1.060919e+00	1.337895e+00	-7.880341e-04
1.127162e+01	1.119112e+00	1.399476e+00	8.043253e-02
2.953155e+01	1.170924e+00	1.452226e+00	1.334154e-01
2.961722e+02	5.000000e-01	1.555556e+00	-3.888889e-01
1.296184e+02	6.500000e-01	1.705556e+00	-2.388889e-01
1.779172e+01	8.513783e-01	1.894429e+00	-4.563924e-02
3.798630e+02	1.036040e+00	2.063128e+00	1.369361e-01
2.176573e+02	1.056012e+00	1.970692e+00	8.686842e-02
5.862123e+01	1.017185e+00	1.859856e+00	1.014862e-03
1.479768e+01	9.464887e-01	1.722649e+00	-1.052600e-01
5.590707e+01	8.835063e-01	1.598546e+00	-1.992520e-01
1.066124e+02	8.433291e-01	1.495612e+00	-2.646624e-01
1.346629e+02	8.393320e-01	1.428370e+00	-3.016901e-01
1.448077e+02	8.525017e-01	1.377689e+00	-3.149394e-01
1.402593e+02	8.697129e-01	1.339902e+00	-3.021458e-01
1.337785e+02	8.911860e-01	1.308020e+00	-2.890542e-01
1.240846e+02	9.108063e-01	1.283356e+00	-2.686084e-01
9.892599e+01	9.527961e-01	1.279301e+00	-2.301236e-01
6.919427e+01	1.005778e+00	1.285841e+00	-1.822641e-01
4.636082e+01	1.053564e+00	1.291502e+00	-1.378221e-01
2.894242e+01	1.096482e+00	1.300116e+00	-9.460782e-02
1.599935e+01	1.141611e+00	1.312832e+00	-5.011884e-02
9.966687e+00	1.184523e+00	1.325718e+00	-1.064454e-02
1.013859e+01	1.222963e+00	1.339498e+00	2.903776e-02
1.475309e+01	1.251282e+00	1.348646e+00	6.170829e-02
2.188905e+01	1.276013e+00	1.354963e+00	8.915296e-02
2.558478e+01	1.288175e+00	1.350765e+00	1.036895e-01
2.895332e+01	1.298478e+00	1.346559e+00	1.159242e-01
2.429209e+01	1.290216e+00	1.324669e+00	1.159380e-01
1.955035e+01	1.278087e+00	1.301578e+00	1.126776e-01
1.593913e+01	1.267549e+00	1.280579e+00	1.053271e-01
1.372105e+01	1.258601e+00	1.262307e+00	9.797696e-02
1.214539e+01	1.246912e+00	1.242680e+00	8.794335e-02
1.146175e+01	1.238760e+00	1.227326e+00	7.327750e-02
1.162522e+01	1.231828e+00	1.214533e+00	6.169444e-02
1.218188e+01	1.225687e+00	1.204698e+00	5.309037e-02
1.262980e+01	1.222180e+00	1.199607e+00	4.789608e-02
1.309949e+01	1.219725e+00	1.195796e+00	4.076221e-02
1.339702e+01	1.218455e+00	1.193992e+00	3.638090e-02
1.356757e+01	1.219071e+00	1.193952e+00	3.052638e-02
1.342935e+01	1.220780e+00	1.196204e+00	2.798794e-02
1.288891e+01	1.224363e+00	1.202027e+00	2.813516e-02
1.233051e+01	1.229590e+00	1.209297e+00	2.637603e-02
1.190222e+01	1.234914e+00	1.216297e+00	2.370368e-02
1.020619e+02	1.388889e+00	1.333333e+00	2.777778e-01
1.554632e+01	1.238889e+00	1.183333e+00	1.277778e-01
5.090098e+01	1.116159e+00	1.059336e+00	-4.027846e-02
5.270034e+01	1.089106e+00	1.036345e+00	2.161248e-02
4.341250e+01	1.101006e+00	1.052085e+00	9.270187e-02
2.874214e+01	1.163392e+00	1.117108e+00	1.822468e-01
2.555687e+01	1.231051e+00	1.181324e+00	2.071577e-01
2.316278e+01	1.279861e+00	1.227768e+00	1.729840e-01
2.075451e+01	1.318906e+00	1.260527e+00	1.173269e-01
1.659755e+01	1.330227e+00	1.271627e+00	5.491359e-02
1.573770e+01	1.332178e+00	1.278333e+00	2.449899e-03
1.924245e+01	1.319069e+00	1.270070e+00	-6.918017e-02
2.069663e+01	1.302842e+00	1.273981e+00	-8.570693e-02
1.580402e+01	1.284726e+00	1.282134e+00	-5.411594e-02
1.183042e+01	1.267209e+00	1.298903e+00	-9.106275e-03
1.130284e+01	1.249052e+00	1.316558e+00	4.071754e-02
9.919354e+00	1.218237e+00	1.318495e+00	4.351304e-02
9.246742e+00	1.185790e+00	1.315800e+00	4.053123e-02
9.471015e+00	1.159485e+00	1.318536e+00	3.903992e-02
9.913404e+00	1.139835e+00	1.323730e+00	3.313837e-02
9.874979e+00	1.128651e+00	1.337521e+00	2.382361e-02
9.076279e+00	1.127110e+00	1.359990e+00	1.794308e-02
8.302499e+00	1.128887e+00	1.386481e+00	2.338455e-02
8.314059e+00	1.139770e+00	1.416706e+00	2.165862e-02
8.696818e+00	1.138411e+00	1.438478e+00	2.024230e-02
9.512724e+00	1.141100e+00	1.463251e+00	1.306404e-02
9.551487e+00	1.134064e+00	1.478273e+00	6.977684e-03
8.441562e+00	1.110176e+00	1.473503e+00	-2.745289e-02
9.473710e+00	1.084597e+00	1.466152e+00	-4.225797e-02
1.047396e+01	1.068117e+00	1.463303e+00	-4.608687e-02
9.902149e+00	1.058731e+00	1.466420e+00	-3.544562e-02
7.725717e+00	1.067271e+00	1.486094e+00	-8.991086e-04
9.196391e+00	1.078448e+00	1.509945e+00	2.845999e-02
1.045626e+01	1.076581e+00	1.525130e+00	3.586934e-02
1.278913e+01	1.078271e+00	1.539390e+00	4.692248e-02
8.366340e+00	1.051009e+00	1.527135e+00	1.790268e-02
9.164310e+00	1.023361e+00	1.505823e+00	-1.984382e-02
2.409775e+02	7.222222e-01	1.888889e+00	-5.000000e-01
3.756891e+02	5.722222e-01	1.738889e+00	-6.500000e-01
2.544518e+02	6.871470e-01	1.801680e+00	-5.086322e-01
1.078612e+02	8.564501e-01	1.846359e+00	-3.375764e-01
1.073113e+02	1.066236e+00	1.997970e+00	-1.240315e-01
1.444770e+02	1.086133e+00	1.946973e+00	-1.443195e-03
1.578235e+02	1.060965e+00	1.868621e+00	1.158356e-01
5.749596e+01	9.741006e-01	1.736865e+00	1.353235e-01
2.922994e+01	8.950003e-01	1.611815e+00	1.384213e-01
4.252314e+01	8.259081e-01	1.505150e+00	1.295694e-01
7.118300e+01	7.731494e-01	1.414223e+00	1.169040e-01
9.585108e+01	7.447144e-01	1.343277e+00	1.079213e-01
1.031953e+02	7.521526e-01	1.294154e+00	9.457192e-02
9.300254e+01	7.880681e-01	1.273875e+00	8.628727e-02
7.873022e+01	8.323555e-01	1.263222e+00	8.081056e-02
6.427343e+01	8.799910e-01	1.257322e+00	7.063139e-02
4.506065e+01	9.409222e-01	1.268330e+00	6.832319e-02
2.822389e+01	1.004927e+00	1.287107e+00	6.744336e-02
1.612771e+01	1.070305e+00	1.310165e+00	6.715101e-02
1.022051e+01	1.134369e+00	1.335273e+00	6.319225e-02
1.110277e+01	1.193319e+00	1.360352e+00	6.361465e-02
1.525291e+01	1.237805e+00	1.374632e+00	5.882402e-02
2.133724e+01	1.275871e+00	1.386719e+00	5.443665e-02
2.534876e+01	1.300651e+00	1.388335e+00	4.988999e-02
2.764657e+01	1.317892e+00	1.384801e+00	4.622587e-02
2.985122e+01	1.333229e+00	1.381963e+00	4.258680e-02
2.080278e+01	1.319688e+00	1.349610e+00	2.522083e-02
1.505959e+01	1.302496e+00	1.317008e+00	1.410486e-02
1.234152e+01	1.286147e+00	1.287888e+00	4.982418e-03
1.167570e+01	1.267268e+00	1.257641e+00	-4.129668e-03
1.288884e+01	1.245875e+00	1.228394e+00	-1.003504e-02
1.525348e+01	1.226369e+00	1.202846e+00	-1.234782e-02
1.817028e+01	1.210594e+00	1.181546e+00	-1.457525e-02
2.146614e+01	1.195818e+00	1.162471e+00	-1.619222e-02
2.309768e+01	1.188709e+00	1.151865e+00	-1.394002e-02
2.454922e+01	1.183133e+00	1.142907e+00	-1.215012e-02
2.392511e+01	1.181754e+00	1.141302e+00	-2.746626e-03
2.142520e+01	1.188324e+00	1.148295e+00	8.187695e-03
1.896204e+01	1.195214e+00	1.155953e+00	2.152642e-02
1.631183e+01	1.203897e+00	1.167402e+00	3.764105e-02
1.452858e+01	1.211804e+00	1.177668e+00	5.170110e-02
7.401891e+01	1.166667e+00	1.000000e+00	3.888889e-01
4.437956e+01	1.316667e+00	8.500000e-01	2.388889e-01
2.273452e+01	1.468627e+00	9.363301e-01	4.309146e-02
4.543135e+01	1.559122e+00	9.850897e-01	-1.240501e-01
8.801786e+01	1.624392e+00	1.004915e+00	-2.538289e-01
8.661099e+01	1.686752e+00	1.052441e+00	-2.214622e-01
5.535935e+01	1.620545e+00	9.879013e-01	-1.475933e-01
3.370990e+01	1.562937e+00	9.446059e-01	-5.177462e-02
2.576480e+01	1.471307e+00	8.840368e-01	5.206307e-02
2.971122e+01	1.402750e+00	8.562291e-01	1.196054e-01
3.486849e+01	1.358629e+00	8.709351e-01	2.048619e-01
4.145599e+01	1.326266e+00	8.898029e-01	2.595436e-01
4.333437e+01	1.327947e+00	9.297250e-01	2.947271e-01
4.350404e+01	1.321911e+00	9.590669e-01	3.027435e-01
4.246461e+01	1.326712e+00	9.934065e-01	3.045434e-01
3.688979e+01	1.339137e+00	1.029190e+00	2.787953e-01
3.064292e+01	1.364564e+00	1.063873e+00	2.398507e-01
2.412245e+01	1.393755e+00	1.100633e+00	1.795264e-01
2.125309e+01	1.418541e+00	1.132058e+00	1.223298e-01
1.693468e+01	1.411563e+00	1.125804e+00	6.455836e-02
1.636300e+01	1.386756e+00	1.112085e+00	1.348952e-02
1.968662e+01	1.367171e+00	1.102663e+00	-2.846350e-02
2.541241e+01	1.339895e+00	1.093791e+00	-6.480422e-02
2.729805e+01	1.317620e+00	1.107828e+00	-7.825247e-02
2.541706e+01	1.307763e+00	1.131238e+00	-7.590125e-02
2.306999e+01	1.304679e+00	1.155662e+00	-7.162187e-02
2.110034e+01	1.292586e+00	1.176864e+00	-6.597004e-02
1.548154e+01	1.298726e+00	1.221966e+00	-3.746408e-02
1.267552e+01	1.293851e+00	1.259168e+00	-6.387009e-03
1.172428e+01	1.277207e+00	1.288148e+00	2.259207e-02
1.127216e+01	1.247390e+00	1.306614e+00	5.025976e-02
1.211201e+01	1.222076e+00	1.322707e+00	7.562333e-02
1.409671e+01	1.205976e+00	1.345529e+00	9.360584e-02
1.709380e+01	1.194110e+00	1.368073e+00	1.103889e-01
1.737378e+01	1.177987e+00	1.376716e+00	1.158338e-01
1.412632e+01	1.154123e+00	1.380551e+00	1.019387e-01
1.211356e+01	1.133731e+00	1.381984e+00	9.020241e-02
1.023389e+01	1.124453e+00	1.391404e+00	6.930805e-02
9.140224e+00	1.111723e+00	1.393822e+00	5.104497e-02
8.531083e+00	1.104600e+00	1.399913e+00	2.941169e-02
8.418192e+00	1.101431e+00	1.407654e+00	9.792184e-03
8.769756e+00	1.101580e+00	1.417245e+00	-1.281139e-02
9.387355e+00	1.109824e+00	1.429444e+00	-3.398198e-02
1.019625e+01	1.116567e+00	1.441357e+00	-4.946081e-02
9.718422e+00	1.127995e+00	1.467228e+00	-4.547588e-02
1.119141e+01	1.146484e+00	1.501067e+00	-3.432097e-02
1.195426e+01	1.144364e+00	1.516785e+00	-2.544059e-02
1.310367e+01	1.142425e+00	1.530357e+00	-1.495232e-02
1.455263e+01	1.137086e+00	1.543510e+00	-1.043610e-03
2.015370e+01	1.277778e+00	1.111111e+00	1.666667e-01
2.755170e+01	1.427778e+00	1.261111e+00	1.666667e-02
5.073904e+01	1.298483e+00	1.138683e+00	-1.835514e-01
8.024893e+01	1.182107e+00	1.032088e+00	-1.966266e-01
1.140520e+02	1.075155e+00	9.398075e-01	-1.844332e-01
1.368491e+02	1.025125e+00	8.966783e-01	-1.902172e-01
9.219515e+01	1.081397e+00	9.462642e-01	-1.093231e-01
3.883428e+01	1.180117e+00	1.032458e+00	-2.594495e-03
1.653601e+01	1.276761e+00	1.133242e+00	1.322137e-01
3.933665e+01	1.352850e+00	1.213627e+00	2.214584e-01
4.649487e+01	1.365251e+00	1.207015e+00	2.463382e-01
4.372706e+01	1.357049e+00	1.184078e+00	2.546305e-01
2.857916e+01	1.347762e+00	1.151959e+00	2.070795e-01
1.762078e+01	1.315397e+00	1.097522e+00	1.403325e-01
1.797264e+01	1.298348e+00	1.065490e+00	5.683685e-02
2.472171e+01	1.285817e+00	1.046011e+00	-4.237997e-03
3.310904e+01	1.281942e+00	1.033821e+00	-5.463947e-02
3.514938e+01	1.297975e+00	1.044070e+00	-8.100461e-02
3.807856e+01	1.308434e+00	1.055127e+00	-1.054887e-01
3.196550e+01	1.322036e+00	1.080490e+00	-9.183280e-02
2.516722e+01	1.335410e+00	1.106827e+00	-6.843702e-02
2.117804e+01	1.343242e+00	1.127357e+00	-5.093123e-02
1.607837e+01	1.348126e+00	1.155731e+00	-1.341106e-02
1.395998e+01	1.340472e+00	1.166926e+00	1.601593e-02
1.314284e+01	1.332765e+00	1.184545e+00	4.827571e-02
1.370610e+01	1.319181e+00	1.197632e+00	8.088952e-02
1.299203e+01	1.279959e+00	1.181220e+00	9.006198e-02
1.369358e+01	1.244106e+00	1.168830e+00	8.663760e-02
1.454916e+01	1.220190e+00	1.169236e+00	7.950537e-02
1.526049e+01	1.203246e+00	1.172928e+00	7.158159e-02
1.471754e+01	1.199761e+00	1.187983e+00	4.378176e-02
1.459543e+01	1.197195e+00	1.202737e+00	2.184072e-02
1.137103e+01	1.213335e+00	1.240316e+00	2.266320e-02
1.030789e+01	1.232650e+00	1.280188e+00	7.384545e-03
1.101649e+01	1.250036e+00	1.322559e+00	2.669268e-03
1.085002e+01	1.238933e+00	1.339716e+00	-2.453042e-03
1.060213e+01	1.227382e+00	1.357420e+00	9.192307e-03
9.387438e+00	1.199137e+00	1.360766e+00	2.330723e-02
8.790606e+00	1.162570e+00	1.353326e+00	3.815835e-02
8.786969e+00	1.147772e+00	1.368863e+00	4.242541e-02
9.020464e+00	1.118352e+00	1.367955e+00	3.006106e-02
9.813903e+00	1.097782e+00	1.372969e+00	1.829823e-02
1.034041e+01	1.083659e+00	1.381267e+00	1.341298e-02
9.082824e+00	1.084988e+00	1.405034e+00	1.408820e-02
8.092208e+00	1.092998e+00	1.430363e+00	6.284910e-03
7.778192e+00	1.102574e+00	1.454286e+00	-2.027919e-03
8.084818e+00	1.109379e+00	1.477067e+00	-9.781299e-03
8.325582e+00	1.107988e+00	1.490674e+00	-1.411554e-02
8.185659e+00	1.098248e+00	1.499006e+00	-1.520828e-02
7.778297e+00	1.073931e+00	1.502577e+00	1.809477e-03
8.606400e+00	1.033429e+00	1.489749e+00	1.984255e-03
1.041420e+01	1.008080e+00	1.485295e+00	2.233765e-03
1.174179e+01	9.962786e-01	1.486827e+00	-8.168017e-03
1.002418e+01	1.009379e+00	1.504097e+00	-1.719037e-02
7.792883e+00	1.040067e+00	1.535629e+00	-5.696197e-03
1.082724e+01	1.074947e+00	1.572114e+00	3.203276e-03
2.154991e+01	1.112734e+00	1.608051e+00	1.553471e-02
1.503640e+02	6.111111e-01	1.777778e+00	-2.777778e-01
6.332006e+01	7.611111e-01	1.627778e+00	-1.277778e-01
2.900393e+01	9.352857e-01	1.762313e+00	6.350515e-02
6.156429e+01	1.056991e+00	1.765625e+00	6.002884e-02
9.958082e+01	1.145987e+00	1.738014e+00	8.119638e-02
1.104559e+02	1.188461e+00	1.697764e+00	1.005238e-01
3.376226e+01	1.112217e+00	1.581451e+00	9.422248e-02
1.037024e+01	1.032039e+00	1.446458e+00	3.244382e-02
3.391061e+01	9.653537e-01	1.333208e+00	-6.784578e-03
5.786181e+01	9.326751e-01	1.264936e+00	-4.034041e-02
7.734200e+01	9.181445e-01	1.211832e+00	-7.016497e-02
8.953086e+01	9.229086e-01	1.181124e+00	-1.068616e-01
5.695470e+01	9.849418e-01	1.215603e+00	-6.417451e-02
2.122026e+01	1.065466e+00	1.281357e+00	1.168557e-02
1.057773e+01	1.147328e+00	1.347330e+00	7.609393e-02
2.951844e+01	1.222272e+00	1.409083e+00	1.296307e-01
7.673550e+01	1.287590e+00	1.463306e+00	1.759911e-01
1.381795e+02	1.339839e+00	1.507599e+00	2.065352e-01
1.350400e+02	1.341093e+00	1.495925e+00	2.126546e-01
5.789386e+01	1.300362e+00	1.425231e+00	1.517370e-01
1.899933e+01	1.258567e+00	1.355094e+00	8.570266e-02
9.662173e+00	1.220955e+00	1.294385e+00	3.301233e-02
1.479403e+01	1.186860e+00	1.239859e+00	-1.348141e-02
2.734419e+01	1.161674e+00	1.196053e+00	-6.137080e-02
3.125192e+01	1.156246e+00	1.176972e+00	-6.691477e-02
3.280744e+01	1.153987e+00	1.163329e+00	-6.398063e-02
2.590937e+01	1.169957e+00	1.170068e+00	-3.738354e-02
2.024879e+01	1.184908e+00	1.177221e+00	-9.259844e-03
1.581857e+01	1.206142e+00	1.189970e+00	8.497054e-03
1.278400e+01	1.228689e+00	1.204642e+00	2.235427e-02
1.132787e+01	1.252363e+00	1.221764e+00	2.574291e-02
1.117792e+01	1.276040e+00	1.243587e+00	4.150667e-02
1.255727e+01	1.287803e+00	1.257167e+00	6.102134e-02
1.332233e+01	1.286542e+00	1.259090e+00	7.426864e-02
1.381208e+01	1.283799e+00	1.260975e+00	8.232776e-02
1.374604e+01	1.280246e+00	1.264766e+00	8.235892e-02
1.381988e+01	1.273883e+00	1.267575e+00	8.680093e-02
1.356331e+01	1.264913e+00	1.268806e+00	8.963817e-02
1.242529e+01	1.246923e+00	1.261520e+00	8.866519e-02
1.143299e+01	1.233954e+00	1.260432e+00	7.915991e-02
1.086437e+01	1.219737e+00	1.258560e+00	7.028755e-02
1.114691e+01	1.196618e+00	1.248942e+00	5.902054e-02
1.187687e+01	1.182075e+00	1.245183e+00	4.522006e-02
1.195722e+01	1.174535e+00	1.250192e+00	4.683640e-02
1.085871e+01	1.179197e+00	1.267460e+00	4.263412e-02
9.625219e+00	1.191022e+00	1.294075e+00	4.108583e-02
9.583847e+00	1.209398e+00	1.323903e+00	3.985614e-02
1.117440e+01	1.222648e+00	1.352268e+00	4.347973e-02
1.145975e+01	1.218694e+00	1.363233e+00	4.395114e-02
1.162393e+01	1.214557e+00	1.373944e+00	4.228766e-02
1.256787e+01	1.214469e+00	1.386543e+00	4.450264e-02
9.544992e+00	1.180194e+00	1.371750e+00	4.304552e-02
8.706685e+00	1.152921e+00	1.363073e+00	3.836835e-02
8.865271e+00	1.134333e+00	1.358753e+00	3.299671e-02
9.036463e+00	1.125210e+00	1.362016e+00	3.590715e-02
8.739188e+00	1.123261e+00	1.372094e+00	2.350253e-02
8.470682e+00	1.121642e+00	1.385581e+00	2.896117e-02
8.506153e+00	1.133014e+00	1.412186e+00	3.389632e-02
9.302458e+00	1.141242e+00	1.434107e+00	3.363645e-02
9.194290e+00	1.137748e+00	1.442299e+00	2.913731e-02
9.061073e+00	1.127911e+00	1.446155e+00	3.226378e-02
9.267663e+00	1.119284e+00	1.450480e+00	3.890107e-02
9.732418e+00	1.122307e+00	1.464030e+00	3.558632e-02
9.902184e+00	1.115008e+00	1.471192e+00	3.848142e-02
8.626766e+00	1.094484e+00	1.464026e+00	3.419919e-02
2.869297e+01	1.055556e+00	1.666667e+00	-1.666667e-01
2.263027e+01	9.055556e-01	1.516667e+00	-1.666667e-02
1.629765e+01	9.896867e-01	1.583303e+00	8.202815e-02
1.197729e+01	1.045939e+00	1.556766e+00	4.766266e-02
2.108024e+01	1.033565e+00	1.425469e+00	-8.347760e-02
8.071485e+00	1.110167e+00	1.468380e+00	-1.535962e-02
1.642415e+01	1.163293e+00	1.500733e+00	3.248494e-02
3.913016e+01	1.202601e+00	1.530390e+00	8.065289e-02
5.693903e+01	1.206259e+00	1.536348e+00	1.270105e-01
3.432077e+01	1.165890e+00	1.499189e+00	1.206913e-01
8.868126e+00	1.102861e+00	1.421788e+00	4.616910e-02
2.225977e+01	1.030097e+00	1.338598e+00	-1.830337e-02
4.612579e+01	1.003953e+00	1.280723e+00	-8.837227e-02
2.710055e+01	1.072903e+00	1.319166e+00	-8.046563e-02
1.234721e+01	1.145281e+00	1.366635e+00	-4.987916e-02
1.653588e+01	1.225168e+00	1.443107e+00	1.276399e-02
5.697154e+01	1.292956e+00	1.510376e+00	6.834032e-02
3.977134e+01	1.252413e+00	1.478056e+00	8.497401e-02
2.395331e+01	1.197405e+00	1.439092e+00	1.001362e-01
1.311058e+01	1.159889e+00	1.421397e+00	7.152741e-02
9.964907e+00	1.106354e+00	1.365782e+00	8.545988e-03
1.589361e+01	1.086249e+00	1.343239e+00	-3.083778e-02
1.963982e+01	1.099034e+00	1.347165e+00	-7.175096e-02
1.036793e+01	1.142439e+00	1.396860e+00	-4.097349e-02
1.063409e+01	1.171993e+00	1.444280e+00	1.076543e-02
1.450967e+01	1.157565e+00	1.460421e+00	5.821597e-02
1.711574e+01	1.139809e+00	1.475231e+00	7.870069e-02
1.855547e+01	1.136951e+00	1.500967e+00	7.101776e-02
7.781151e+00	1.095403e+00	1.452966e+00	1.090546e-02
1.104537e+01	1.075043e+00	1.419434e+00	-3.062398e-02
1.089024e+01	1.086386e+00	1.420070e+00	-3.710364e-02
9.725106e+00	1.105485e+00	1.423627e+00	-3.448074e-02
8.799170e+00	1.120879e+00	1.423948e+00	-2.489979e-02
8.692220e+00	1.145395e+00	1.431789e+00	1.711393e-02
8.459048e+00	1.138141e+00	1.423609e+00	2.415316e-02
8.602708e+00	1.145411e+00	1.430342e+00	1.528909e-02
8.159375e+00	1.135544e+00	1.424103e+00	1.460664e-02
8.480058e+00	1.127889e+00	1.421257e+00	3.274017e-02
9.309780e+00	1.119583e+00	1.412328e+00	5.341385e-02
8.183545e+00	1.120971e+00	1.415706e+00	2.793936e-02
8.727088e+00	1.144594e+00	1.427427e+00	-2.093844e-02
1.302713e+01	1.173100e+00	1.474820e+00	1.173501e-02
9.132089e+00	1.149125e+00	1.453588e+00	-6.134159e-03
8.780825e+00	1.135698e+00	1.438964e+00	-2.633000e-02
1.229728e+01	1.085552e+00	1.398320e+00	-3.767934e-02
1.935628e+01	1.050582e+00	1.358563e+00	-3.886315e-02
8.297021e+00	1.111039e+00	1.406840e+00	3.729839e-03
1.704236e+01	1.174819e+00	1.461484e+00	6.122596e-02
1.392894e+01	1.188615e+00	1.441346e+00	3.904860e-02
8.799282e+01	8.333333e-01	1.222222e+00	5.555556e-02
3.577684e+01	9.833333e-01	1.372222e+00	2.055556e-01
8.685022e+01	1.147673e+00	1.530942e+00	2.410504e-01
1.482664e+01	1.111725e+00	1.420667e+00	1.052327e-01
1.659987e+01	1.083541e+00	1.323475e+00	-1.597706e-02
3.918639e+01	1.068781e+00	1.261463e+00	-1.004369e-01
6.385945e+01	1.066084e+00	1.210191e+00	-1.657879e-01
4.687196e+01	1.118048e+00	1.213731e+00	-1.378684e-01
2.393975e+01	1.197595e+00	1.237884e+00	-8.580746e-02
1.377173e+01	1.256606e+00	1.257855e+00	-3.548904e-02
1.517860e+01	1.312707e+00	1.292801e+00	3.501633e-02
2.282305e+01	1.337079e+00	1.305365e+00	7.555222e-02
2.447544e+01	1.329973e+00	1.299542e+00	1.014525e-01
1.556271e+01	1.286425e+00	1.267237e+00	9.588955e-02
1.196367e+01	1.247435e+00	1.237497e+00	8.498892e-02
1.289361e+01	1.206396e+00	1.209883e+00	7.783328e-02
1.654817e+01	1.171761e+00	1.187503e+00	7.860895e-02
1.714886e+01	1.161832e+00	1.191635e+00	8.556015e-02
1.696711e+01	1.159856e+00	1.199147e+00	9.625063e-02
1.670573e+01	1.164688e+00	1.212360e+00	1.176262e-01
1.463154e+01	1.189875e+00	1.235797e+00	1.187191e-01
1.281264e+01	1.223758e+00	1.267177e+00	1.005717e-01
1.226905e+01	1.237248e+00	1.286493e+00	8.377389e-02
1.004625e+01	1.217198e+00	1.276872e+00	5.159122e-02
1.020190e+01	1.200055e+00	1.270385e+00	3.309851e-02
1.036105e+01	1.189950e+00	1.272880e+00	3.195751e-02
9.877871e+00	1.193200e+00	1.284264e+00	4.472400e-02
9.801521e+00	1.191568e+00	1.297848e+00	5.444959e-02
9.543834e+00	1.178876e+00	1.306684e+00	4.674455e-02
