# loss | a0 ... a3
1.089872e+02	8.333333e-01	1.111111e+00	1.666667e-01
3.891541e+01	9.833333e-01	1.261111e+00	1.666667e-02
2.304579e+01	1.179057e+00	1.461574e+00	9.259685e-02
8.178016e+00	1.144236e+00	1.404081e+00	1.540613e-02
1.631938e+01	1.118756e+00	1.363367e+00	-6.917536e-02
2.955355e+01	1.102218e+00	1.334296e+00	-1.183450e-01
9.854177e+00	1.141552e+00	1.392631e+00	-3.275131e-02
1.310073e+01	1.177918e+00	1.445743e+00	3.825967e-02
1.777204e+01	1.170024e+00	1.454122e+00	7.577532e-02
1.806136e+01	1.154847e+00	1.446687e+00	9.318434e-02
1.065628e+01	1.103375e+00	1.403440e+00	7.387624e-02
1.233449e+01	1.062774e+00	1.368892e+00	4.276802e-02
1.589351e+01	1.043238e+00	1.355809e+00	1.924617e-02
1.720358e+01	1.036742e+00	1.354119e+00	1.252831e-02
1.427763e+01	1.050556e+00	1.367675e+00	1.221158e-02
8.995987e+00	1.084517e+00	1.406028e+00	2.430277e-02
8.880397e+00	1.120635e+00	1.443356e+00	3.540760e-02
1.027670e+01	1.135824e+00	1.461916e+00	3.341338e-02
1.194825e+01	1.148800e+00	1.475323e+00	3.001206e-02
1.508022e+01	1.165495e+00	1.492379e+00	2.644277e-02
1.165034e+01	1.158774e+00	1.479835e+00	6.713066e-03
9.182252e+00	1.146471e+00	1.457976e+00	-1.836438e-02
9.624945e+00	1.130239e+00	1.435585e+00	-4.151748e-02
1.106370e+01	1.114737e+00	1.416733e+00	-4.984277e-02
1.196515e+01	1.103149e+00	1.402168e+00	-4.721153e-02
9.898243e+00	1.101804e+00	1.404220e+00	-2.368039e-02
8.555076e+00	1.102849e+00	1.407847e+00	7.723342e-04
8.084776e+00	1.108341e+00	1.413871e+00	1.650348e-02
8.329500e+00	1.111284e+00	1.418161e+00	3.364657e-02
9.514633e+00	1.114077e+00	1.424395e+00	5.478443e-02
1.115640e+01	1.120008e+00	1.433101e+00	6.869837e-02
1.155814e+01	1.124001e+00	1.433971e+00	7.053890e-02
9.811556e+00	1.112684e+00	1.420488e+00	6.007326e-02
9.169664e+00	1.101747e+00	1.406928e+00	5.122718e-02
9.153619e+00	1.095346e+00	1.397238e+00	4.355582e-02
9.702331e+00	1.086442e+00	1.387273e+00	3.729577e-02
9.667903e+00	1.087921e+00	1.385672e+00	2.407561e-02
9.465797e+00	1.093994e+00	1.387375e+00	1.141816e-02
8.857265e+00	1.106041e+00	1.392849e+00	5.138478e-03
8.027915e+00	1.123671e+00	1.409669e+00	6.911211e-03
8.197097e+00	1.139764e+00	1.424577e+00	9.240698e-03
9.317090e+00	1.156867e+00	1.439162e+00	1.027643e-02
9.465191e+00	1.160934e+00	1.440882e+00	3.524189e-03
9.220864e+00	1.158045e+00	1.440166e+00	6.721763e-04
9.084865e+00	1.156037e+00	1.439974e+00	-1.121710e-03
