# loss | a0 ... a3
3.185724e+02	-1.000000e+00	-1.200000e+00	1.700000e-01
1.615376e+02	-9.000000e-01	-1.100000e+00	2.700000e-01
8.086232e+01	-8.483903e-01	-1.002951e+00	3.681814e-01
5.514870e+01	-7.779272e-01	-9.083333e-01	4.513615e-01
3.146890e+01	-8.081111e-01	-8.348034e-01	5.110756e-01
2.287414e+01	-8.449683e-01	-7.671661e-01	5.649319e-01
2.766819e+01	-8.814254e-01	-7.069669e-01	6.119231e-01
3.775532e+01	-9.077556e-01	-6.644174e-01	6.408428e-01
4.996867e+01	-9.236807e-01	-6.280752e-01	6.655744e-01
6.145957e+01	-9.326149e-01	-5.980277e-01	6.846809e-01
6.370306e+01	-9.168572e-01	-5.839430e-01	6.920334e-01
6.488905e+01	-8.971173e-01	-5.737920e-01	6.969726e-01
6.508116e+01	-8.681717e-01	-5.684825e-01	6.987796e-01
6.393958e+01	-8.346012e-01	-5.746118e-01	6.943690e-01
6.524431e+01	-8.020953e-01	-5.829976e-01	6.883532e-01
6.493915e+01	-7.864245e-01	-5.943971e-01	6.837121e-01
5.741620e+01	-7.964841e-01	-6.148749e-01	6.791042e-01
5.025601e+01	-8.099351e-01	-6.351840e-01	6.743322e-01
4.439615e+01	-8.216459e-01	-6.547578e-01	6.677364e-01
3.848446e+01	-8.350515e-01	-6.781495e-01	6.579809e-01
3.361998e+01	-8.536111e-01	-7.015473e-01	6.480646e-01
3.074075e+01	-8.720859e-01	-7.228213e-01	6.386663e-01
2.839992e+01	-8.837741e-01	-7.424618e-01	6.244028e-01
2.660613e+01	-8.902733e-01	-7.614545e-01	6.096475e-01
2.568288e+01	-8.983108e-01	-7.787654e-01	5.958898e-01
2.364029e+01	-8.950872e-01	-7.931092e-01	5.773005e-01
2.194296e+01	-8.919205e-01	-8.049111e-01	5.585264e-01
2.079415e+01	-8.882921e-01	-8.148182e-01	5.411899e-01
1.931894e+01	-8.770692e-01	-8.183836e-01	5.198391e-01
1.868700e+01	-8.710526e-01	-8.212909e-01	5.004694e-01
1.830273e+01	-8.697257e-01	-8.239557e-01	4.830739e-01
1.684540e+01	-8.764679e-01	-8.227080e-01	4.656372e-01
1.517731e+01	-8.865082e-01	-8.202810e-01	4.500216e-01
1.388984e+01	-8.964074e-01	-8.184355e-01	4.356925e-01
1.192394e+01	-9.129224e-01	-8.139421e-01	4.228026e-01
1.036463e+01	-9.300644e-01	-8.094521e-01	4.111380e-01
9.328015e+00	-9.460916e-01	-8.049467e-01	4.007202e-01
8.559326e+00	-9.634374e-01	-7.993473e-01	3.919470e-01
8.254445e+00	-9.797736e-01	-7.934764e-01	3.842654e-01
8.393010e+00	-9.941310e-01	-7.883313e-01	3.772053e-01
8.714979e+00	-1.004942e+00	-7.828890e-01	3.717767e-01
9.157599e+00	-1.012796e+00	-7.782469e-01	3.669820e-01
9.682537e+00	-1.020276e+00	-7.743697e-01	3.630415e-01
9.895878e+00	-1.019687e+00	-7.720146e-01	3.603900e-01
1.007183e+01	-1.019831e+00	-7.701317e-01	3.588566e-01
1.016607e+01	-1.020887e+00	-7.688865e-01	3.584987e-01
9.966443e+00	-1.019579e+00	-7.686939e-01	3.603441e-01
9.620827e+00	-1.014831e+00	-7.694265e-01	3.626836e-01
9.295668e+00	-1.011153e+00	-7.706761e-01	3.653137e-01
8.777969e+00	-1.005267e+00	-7.741091e-01	3.701559e-01
8.403188e+00	-1.000152e+00	-7.771375e-01	3.746425e-01
8.113156e+00	-9.941575e-01	-7.795095e-01	3.789384e-01
7.892674e+00	-9.873820e-01	-7.821629e-01	3.835567e-01
7.769528e+00	-9.801944e-01	-7.843610e-01	3.879786e-01
7.716970e+00	-9.742246e-01	-7.863083e-01	3.923195e-01
7.720636e+00	-9.679614e-01	-7.877918e-01	3.968278e-01
7.755926e+00	-9.630537e-01	-7.888927e-01	4.009059e-01
7.815995e+00	-9.588869e-01	-7.897514e-01	4.045432e-01
7.798927e+00	-9.566268e-01	-7.893337e-01	4.080205e-01
7.820649e+00	-9.542891e-01	-7.890315e-01	4.105997e-01
7.830787e+00	-9.526568e-01	-7.887123e-01	4.131142e-01
7.773156e+00	-9.529681e-01	-7.879311e-01	4.152127e-01
7.695555e+00	-9.542049e-01	-7.869556e-01	4.170670e-01
7.644923e+00	-9.541764e-01	-7.855582e-01	4.181554e-01
7.543960e+00	-9.554719e-01	-7.834083e-01	4.186667e-01
7.474810e+00	-9.560686e-01	-7.814509e-01	4.186317e-01
7.420667e+00	-9.565634e-01	-7.796434e-01	4.183829e-01
7.352457e+00	-9.580031e-01	-7.776651e-01	4.175759e-01
7.310980e+00	-9.590099e-01	-7.760478e-01	4.164123e-01
7.289079e+00	-9.596444e-01	-7.745244e-01	4.151799e-01
7.265616e+00	-9.611179e-01	-7.737877e-01	4.135305e-01
7.242028e+00	-9.628789e-01	-7.729356e-01	4.119968e-01
7.250621e+00	-9.634369e-01	-7.721863e-01	4.104146e-01
7.260472e+00	-9.642855e-01	-7.719940e-01	4.087261e-01
7.261899e+00	-9.656884e-01	-7.722377e-01	4.070699e-01
7.278003e+00	-9.663703e-01	-7.723813e-01	4.056420e-01
7.279714e+00	-9.678708e-01	-7.734157e-01	4.042117e-01
7.305808e+00	-9.683463e-01	-7.744227e-01	4.028151e-01
7.315323e+00	-9.692317e-01	-7.752838e-01	4.019042e-01
7.307818e+00	-9.704911e-01	-7.762516e-01	4.015755e-01
7.320159e+00	-9.714843e-01	-7.773860e-01	4.008776e-01
7.339549e+00	-9.720022e-01	-7.785785e-01	4.003641e-01
7.367059e+00	-9.719814e-01	-7.798995e-01	4.000358e-01
7.426174e+00	-9.705654e-01	-7.811286e-01	3.993200e-01
7.453003e+00	-9.705296e-01	-7.820734e-01	3.990323e-01
7.444842e+00	-9.710737e-01	-7.822096e-01	3.991449e-01
7.433170e+00	-9.720679e-01	-7.824596e-01	3.993276e-01
7.457405e+00	-9.714810e-01	-7.830277e-01	3.991704e-01
7.480101e+00	-9.710624e-01	-7.835885e-01	3.990345e-01
7.515041e+00	-9.697793e-01	-7.840730e-01	3.989051e-01
7.529854e+00	-9.689212e-01	-7.840138e-01	3.988546e-01
7.546770e+00	-9.682550e-01	-7.838615e-01	3.985874e-01
7.582613e+00	-9.666319e-01	-7.837116e-01	3.984878e-01
7.566592e+00	-9.664235e-01	-7.832140e-01	3.987983e-01
7.560769e+00	-9.657483e-01	-7.825713e-01	3.990939e-01
7.526372e+00	-9.660855e-01	-7.818874e-01	3.994875e-01
7.468893e+00	-9.671114e-01	-7.813386e-01	4.002547e-01
1.730659e+02	-1.100000e+00	-4.500000e-01	6.600000e-01
6.885887e+01	-1.000000e+00	-5.500000e-01	5.600000e-01
2.726142e+01	-9.052863e-01	-6.499572e-01	4.755850e-01
4.279930e+01	-8.154930e-01	-7.464528e-01	3.886158e-01
4.283109e+01	-8.091512e-01	-8.085741e-01	3.810849e-01
3.983897e+01	-8.269945e-01	-8.708283e-01	3.890852e-01
4.766507e+01	-8.431402e-01	-9.269140e-01	3.967233e-01
4.192812e+01	-8.775010e-01	-9.311362e-01	4.251937e-01
4.136112e+01	-9.096012e-01	-9.318043e-01	4.443251e-01
4.347547e+01	-9.464523e-01	-9.232390e-01	4.704364e-01
3.234683e+01	-9.684160e-01	-8.864044e-01	4.678962e-01
2.517455e+01	-9.905904e-01	-8.490719e-01	4.697910e-01
1.971122e+01	-1.009120e+00	-8.124741e-01	4.650064e-01
1.347519e+01	-1.016857e+00	-7.747019e-01	4.472957e-01
1.119098e+01	-1.019390e+00	-7.392890e-01	4.266431e-01
1.358474e+01	-1.020939e+00	-7.089293e-01	4.049851e-01
1.739503e+01	-1.017635e+00	-6.917226e-01	3.863201e-01
2.286221e+01	-1.009886e+00	-6.793536e-01	3.664260e-01
2.633702e+01	-1.006029e+00	-6.745236e-01	3.561249e-01
2.394690e+01	-1.001515e+00	-6.837468e-01	3.556533e-01
2.012780e+01	-9.959558e-01	-6.955084e-01	3.606383e-01
1.502977e+01	-9.947646e-01	-7.108955e-01	3.716480e-01
9.696713e+00	-9.936308e-01	-7.336697e-01	3.918035e-01
7.785853e+00	-9.936872e-01	-7.556604e-01	4.098794e-01
8.572397e+00	-9.938930e-01	-7.756899e-01	4.266497e-01
1.022764e+01	-9.899802e-01	-7.929927e-01	4.368283e-01
1.240562e+01	-9.867612e-01	-8.073686e-01	4.448459e-01
1.381372e+01	-9.817743e-01	-8.185326e-01	4.471536e-01
1.256510e+01	-9.741430e-01	-8.193855e-01	4.410081e-01
1.172113e+01	-9.672150e-01	-8.202391e-01	4.352177e-01
1.073080e+01	-9.595110e-01	-8.195343e-01	4.257260e-01
9.388344e+00	-9.536101e-01	-8.112642e-01	4.119447e-01
8.900693e+00	-9.497010e-01	-8.020360e-01	4.018317e-01
9.048052e+00	-9.474836e-01	-7.939415e-01	3.930924e-01
8.382928e+00	-9.526995e-01	-7.837775e-01	3.942730e-01
8.052129e+00	-9.573687e-01	-7.747192e-01	3.950063e-01
7.889775e+00	-9.627763e-01	-7.663214e-01	3.958710e-01
7.467301e+00	-9.721195e-01	-7.609796e-01	4.022560e-01
7.457749e+00	-9.798922e-01	-7.568040e-01	4.065833e-01
7.723579e+00	-9.876139e-01	-7.525419e-01	4.119146e-01
8.004209e+00	-9.924725e-01	-7.513534e-01	4.160967e-01
8.349660e+00	-9.970936e-01	-7.512578e-01	4.195517e-01
8.710864e+00	-1.001294e+00	-7.513982e-01	4.216581e-01
8.634821e+00	-1.001837e+00	-7.530729e-01	4.202959e-01
8.350027e+00	-1.000197e+00	-7.558233e-01	4.179654e-01
8.062351e+00	-9.986899e-01	-7.587298e-01	4.143968e-01
7.656057e+00	-9.948975e-01	-7.624944e-01	4.081980e-01
7.447418e+00	-9.915177e-01	-7.662980e-01	4.025380e-01
7.381138e+00	-9.873865e-01	-7.702450e-01	3.971671e-01
7.428728e+00	-9.827803e-01	-7.742940e-01	3.936091e-01
7.537430e+00	-9.788755e-01	-7.786038e-01	3.916497e-01
7.609406e+00	-9.766668e-01	-7.815116e-01	3.913984e-01
7.443887e+00	-9.778204e-01	-7.815588e-01	3.962898e-01
7.367404e+00	-9.784498e-01	-7.819625e-01	4.014555e-01
7.377023e+00	-9.790033e-01	-7.825780e-01	4.053424e-01
7.409845e+00	-9.797390e-01	-7.823752e-01	4.090356e-01
7.485778e+00	-9.807878e-01	-7.812222e-01	4.138366e-01
7.548400e+00	-9.816985e-01	-7.797207e-01	4.168242e-01
7.455195e+00	-9.816875e-01	-7.769643e-01	4.165284e-01
7.374624e+00	-9.816689e-01	-7.747205e-01	4.154978e-01
7.319299e+00	-9.814115e-01	-7.721256e-01	4.151858e-01
7.242843e+00	-9.807356e-01	-7.699799e-01	4.127769e-01
7.239654e+00	-9.810801e-01	-7.672825e-01	4.118787e-01
7.232544e+00	-9.804147e-01	-7.654013e-01	4.102937e-01
7.239203e+00	-9.803208e-01	-7.646330e-01	4.091026e-01
7.267273e+00	-9.810471e-01	-7.634214e-01	4.097105e-01
7.265345e+00	-9.806214e-01	-7.632829e-01	4.084917e-01
7.244957e+00	-9.810050e-01	-7.648395e-01	4.085458e-01
7.239331e+00	-9.812405e-01	-7.656729e-01	4.095749e-01
7.225369e+00	-9.811974e-01	-7.669736e-01	4.089054e-01
7.240816e+00	-9.821082e-01	-7.680117e-01	4.100802e-01
7.234750e+00	-9.820243e-01	-7.699453e-01	4.096527e-01
7.236845e+00	-9.820059e-01	-7.716923e-01	4.090566e-01
7.252604e+00	-9.821448e-01	-7.733999e-01	4.088735e-01
7.273124e+00	-9.822657e-01	-7.755593e-01	4.075179e-01
7.283572e+00	-9.821788e-01	-7.764925e-01	4.069762e-01
7.276504e+00	-9.816844e-01	-7.769691e-01	4.050145e-01
7.282240e+00	-9.826674e-01	-7.762685e-01	4.055747e-01
7.281067e+00	-9.827794e-01	-7.760456e-01	4.056959e-01
7.271402e+00	-9.829175e-01	-7.751432e-01	4.060307e-01
7.250642e+00	-9.821923e-01	-7.745433e-01	4.059215e-01
7.249586e+00	-9.825587e-01	-7.736565e-01	4.066882e-01
7.276876e+00	-9.840064e-01	-7.716180e-01	4.088285e-01
7.290798e+00	-9.844215e-01	-7.707416e-01	4.096807e-01
7.299030e+00	-9.845514e-01	-7.698625e-01	4.103861e-01
7.286918e+00	-9.841922e-01	-7.693954e-01	4.102446e-01
7.255856e+00	-9.834754e-01	-7.694097e-01	4.086564e-01
7.245362e+00	-9.829873e-01	-7.689850e-01	4.084982e-01
7.235620e+00	-9.826285e-01	-7.697637e-01	4.079162e-01
7.212235e+00	-9.812173e-01	-7.708711e-01	4.069331e-01
7.208368e+00	-9.809471e-01	-7.707345e-01	4.071059e-01
7.220102e+00	-9.814870e-01	-7.711844e-01	4.082140e-01
7.219617e+00	-9.810650e-01	-7.721195e-01	4.085654e-01
7.228786e+00	-9.812980e-01	-7.721135e-01	4.093642e-01
7.231407e+00	-9.814039e-01	-7.726506e-01	4.088896e-01
7.240842e+00	-9.817292e-01	-7.723630e-01	4.095989e-01
7.249768e+00	-9.820023e-01	-7.721502e-01	4.101225e-01
1.590262e+02	-1.200000e+00	-7.500000e-01	5.900000e-01
5.231416e+01	-1.100000e+00	-6.500000e-01	4.900000e-01
6.626686e+01	-1.007194e+00	-5.634783e-01	3.915614e-01
1.441232e+02	-9.174092e-01	-5.157081e-01	3.054356e-01
1.104327e+02	-8.796549e-01	-5.671674e-01	3.232930e-01
8.718571e+01	-8.488643e-01	-6.164860e-01	3.385988e-01
5.970348e+01	-8.274363e-01	-6.756690e-01	3.694651e-01
2.861669e+01	-8.416150e-01	-7.434169e-01	4.144649e-01
1.909331e+01	-8.550703e-01	-8.068825e-01	4.569133e-01
2.539561e+01	-8.693408e-01	-8.626129e-01	4.961216e-01
3.321807e+01	-8.816089e-01	-8.881912e-01	5.181316e-01
4.370548e+01	-8.939405e-01	-9.116757e-01	5.376341e-01
5.301641e+01	-9.049746e-01	-9.263781e-01	5.536874e-01
4.701695e+01	-9.011312e-01	-9.122458e-01	5.524450e-01
4.002842e+01	-8.994231e-01	-8.938460e-01	5.487854e-01
3.308982e+01	-8.947704e-01	-8.744651e-01	5.428928e-01
2.443557e+01	-8.910606e-01	-8.451267e-01	5.308646e-01
1.829052e+01	-8.862503e-01	-8.163703e-01	5.168504e-01
1.505184e+01	-8.796425e-01	-7.876311e-01	5.012862e-01
1.423106e+01	-8.784284e-01	-7.595883e-01	4.845944e-01
1.540018e+01	-8.804437e-01	-7.347458e-01	4.691911e-01
1.836387e+01	-8.820345e-01	-7.129065e-01	4.545986e-01
1.966909e+01	-8.908173e-01	-7.002411e-01	4.443593e-01
2.003778e+01	-9.015631e-01	-6.925780e-01	4.367238e-01
2.034999e+01	-9.123562e-01	-6.862849e-01	4.304431e-01
1.833496e+01	-9.262399e-01	-6.883693e-01	4.278829e-01
1.589930e+01	-9.400017e-01	-6.933080e-01	4.285758e-01
1.355951e+01	-9.542449e-01	-7.005053e-01	4.300062e-01
1.087934e+01	-9.699073e-01	-7.152038e-01	4.347870e-01
9.753955e+00	-9.828144e-01	-7.291989e-01	4.386249e-01
9.791022e+00	-9.943678e-01	-7.425563e-01	4.415213e-01
1.004456e+01	-1.001204e+00	-7.556577e-01	4.406773e-01
1.049889e+01	-1.004738e+00	-7.680611e-01	4.395996e-01
1.085009e+01	-1.006744e+00	-7.780398e-01	4.365305e-01
9.895341e+00	-1.002170e+00	-7.842728e-01	4.284057e-01
9.213644e+00	-9.973428e-01	-7.898769e-01	4.207430e-01
8.534996e+00	-9.912969e-01	-7.935705e-01	4.116547e-01
8.019175e+00	-9.822309e-01	-7.950397e-01	4.011880e-01
8.176987e+00	-9.732898e-01	-7.958286e-01	3.909231e-01
8.925273e+00	-9.652567e-01	-7.966204e-01	3.818370e-01
9.766502e+00	-9.594435e-01	-7.969822e-01	3.757787e-01
1.063448e+01	-9.546047e-01	-7.973644e-01	3.711336e-01
1.155577e+01	-9.502443e-01	-7.978825e-01	3.670680e-01
1.146735e+01	-9.499226e-01	-7.974862e-01	3.678630e-01
1.122666e+01	-9.499492e-01	-7.980799e-01	3.698039e-01
1.088944e+01	-9.507420e-01	-7.995849e-01	3.723838e-01
1.012190e+01	-9.539975e-01	-8.013368e-01	3.778810e-01
9.542679e+00	-9.571626e-01	-8.027114e-01	3.832150e-01
9.058401e+00	-9.608658e-01	-8.035765e-01	3.889796e-01
8.668346e+00	-9.645507e-01	-8.028819e-01	3.943742e-01
8.459055e+00	-9.675958e-01	-8.022683e-01	3.990838e-01
8.314088e+00	-9.709304e-01	-8.009915e-01	4.038219e-01
8.044074e+00	-9.728600e-01	-7.969927e-01	4.065105e-01
7.793443e+00	-9.737889e-01	-7.927360e-01	4.080574e-01
7.607611e+00	-9.745061e-01	-7.888936e-01	4.095292e-01
7.403643e+00	-9.731057e-01	-7.845400e-01	4.092811e-01
7.273554e+00	-9.717336e-01	-7.804917e-01	4.087906e-01
7.201729e+00	-9.704830e-01	-7.762263e-01	4.082002e-01
7.215340e+00	-9.683159e-01	-7.725893e-01	4.070888e-01
7.293865e+00	-9.660620e-01	-7.697535e-01	4.059540e-01
7.380165e+00	-9.646119e-01	-7.673326e-01	4.053417e-01
7.406358e+00	-9.638575e-01	-7.670091e-01	4.053860e-01
7.402611e+00	-9.632162e-01	-7.673177e-01	4.059481e-01
7.406021e+00	-9.625298e-01	-7.674454e-01	4.064576e-01
7.354108e+00	-9.624424e-01	-7.690585e-01	4.075578e-01
7.319154e+00	-9.621026e-01	-7.710434e-01	4.086534e-01
7.289490e+00	-9.621473e-01	-7.729032e-01	4.097941e-01
7.288844e+00	-9.620072e-01	-7.755262e-01	4.106481e-01
7.300404e+00	-9.620884e-01	-7.778179e-01	4.116876e-01
7.327443e+00	-9.621965e-01	-7.797568e-01	4.122897e-01
7.363045e+00	-9.618745e-01	-7.810058e-01	4.118297e-01
7.417527e+00	-9.611668e-01	-7.824770e-01	4.111679e-01
7.450051e+00	-9.610829e-01	-7.834718e-01	4.107308e-01
7.450010e+00	-9.612312e-01	-7.832526e-01	4.097967e-01
7.465046e+00	-9.614308e-01	-7.834115e-01	4.085686e-01
7.491529e+00	-9.611735e-01	-7.834800e-01	4.073504e-01
7.515750e+00	-9.611261e-01	-7.832703e-01	4.058636e-01
7.553516e+00	-9.609167e-01	-7.829782e-01	4.042144e-01
7.574528e+00	-9.609635e-01	-7.826303e-01	4.031231e-01
7.568371e+00	-9.614239e-01	-7.819929e-01	4.024276e-01
7.567457e+00	-9.618993e-01	-7.816590e-01	4.017858e-01
7.556161e+00	-9.625473e-01	-7.815471e-01	4.014490e-01
7.520172e+00	-9.634652e-01	-7.816323e-01	4.017933e-01
7.475254e+00	-9.644373e-01	-7.814943e-01	4.023814e-01
7.452061e+00	-9.653153e-01	-7.816939e-01	4.026176e-01
7.434185e+00	-9.661500e-01	-7.821734e-01	4.030481e-01
7.406650e+00	-9.674303e-01	-7.823977e-01	4.035118e-01
7.398224e+00	-9.678276e-01	-7.824629e-01	4.037173e-01
7.395026e+00	-9.677467e-01	-7.823512e-01	4.038144e-01
7.407370e+00	-9.677355e-01	-7.827103e-01	4.036210e-01
7.407203e+00	-9.674819e-01	-7.824097e-01	4.034541e-01
7.419083e+00	-9.669424e-01	-7.822191e-01	4.031010e-01
7.441893e+00	-9.663993e-01	-7.821452e-01	4.024656e-01
7.450277e+00	-9.658115e-01	-7.816697e-01	4.022281e-01
7.442498e+00	-9.657704e-01	-7.810629e-01	4.021226e-01
7.453592e+00	-9.651988e-01	-7.804096e-01	4.018083e-01
7.459337e+00	-9.647043e-01	-7.802778e-01	4.019731e-01
7.460789e+00	-9.638868e-01	-7.804749e-01	4.027888e-01
7.472519e+00	-9.633619e-01	-7.811511e-01	4.032902e-01
7.463393e+00	-9.633059e-01	-7.813734e-01	4.038657e-01
8.288217e+01	-9.000000e-01	-9.000000e-01	2.400000e-01
1.266163e+01	-1.000000e+00	-8.000000e-01	3.400000e-01
2.685448e+01	-1.089227e+00	-7.167783e-01	4.326274e-01
7.675851e+01	-1.145642e+00	-6.679665e-01	5.126427e-01
7.334550e+01	-1.108587e+00	-6.198963e-01	5.292168e-01
6.155328e+01	-1.059731e+00	-6.031418e-01	5.373789e-01
3.979533e+01	-9.982646e-01	-6.264179e-01	5.373420e-01
1.988200e+01	-9.316098e-01	-6.863670e-01	5.267850e-01
1.698915e+01	-8.708872e-01	-7.400498e-01	5.159560e-01
2.445788e+01	-8.248476e-01	-7.952506e-01	5.064698e-01
3.160187e+01	-8.081453e-01	-8.361408e-01	4.988837e-01
3.899882e+01	-7.958703e-01	-8.652050e-01	4.919928e-01
4.356423e+01	-7.954895e-01	-8.884516e-01	4.871588e-01
3.955653e+01	-8.105924e-01	-8.871571e-01	4.848978e-01
3.301865e+01	-8.302521e-01	-8.757760e-01	4.860841e-01
2.557207e+01	-8.536613e-01	-8.575250e-01	4.848418e-01
1.644080e+01	-8.839874e-01	-8.209374e-01	4.833075e-01
1.140242e+01	-9.103827e-01	-7.851667e-01	4.799881e-01
1.002631e+01	-9.366170e-01	-7.526639e-01	4.773329e-01
1.136656e+01	-9.603208e-01	-7.247638e-01	4.723699e-01
1.437439e+01	-9.814787e-01	-7.024043e-01	4.668684e-01
1.778076e+01	-1.000847e+00	-6.870885e-01	4.605518e-01
1.718848e+01	-1.009343e+00	-6.913613e-01	4.511642e-01
1.653107e+01	-1.017664e+00	-6.975405e-01	4.433393e-01
1.523320e+01	-1.024709e+00	-7.076526e-01	4.339835e-01
1.261075e+01	-1.026142e+00	-7.260715e-01	4.229768e-01
1.028975e+01	-1.023752e+00	-7.474887e-01	4.115647e-01
9.152882e+00	-1.020580e+00	-7.667263e-01	4.006212e-01
8.584952e+00	-1.012578e+00	-7.820993e-01	3.881062e-01
8.953354e+00	-1.005045e+00	-7.951298e-01	3.774541e-01
9.908069e+00	-9.971661e-01	-8.049445e-01	3.670698e-01
1.077190e+01	-9.893116e-01	-8.074100e-01	3.591383e-01
1.149270e+01	-9.829349e-01	-8.060525e-01	3.537145e-01
1.201633e+01	-9.784078e-01	-8.023233e-01	3.502271e-01
1.076905e+01	-9.804779e-01	-7.900547e-01	3.557009e-01
9.794299e+00	-9.833098e-01	-7.816326e-01	3.618803e-01
9.036398e+00	-9.858226e-01	-7.755741e-01	3.683796e-01
8.141647e+00	-9.915190e-01	-7.689166e-01	3.794562e-01
7.782258e+00	-9.964186e-01	-7.645403e-01	3.899609e-01
7.852474e+00	-1.001100e+00	-7.618864e-01	3.994955e-01
8.061180e+00	-1.002846e+00	-7.615484e-01	4.076870e-01
8.450312e+00	-1.004285e+00	-7.601038e-01	4.153515e-01
8.723940e+00	-1.004205e+00	-7.591628e-01	4.205306e-01
8.465177e+00	-1.000109e+00	-7.588532e-01	4.214097e-01
8.204796e+00	-9.959155e-01	-7.578769e-01	4.215636e-01
7.912681e+00	-9.904882e-01	-7.570419e-01	4.214132e-01
7.586013e+00	-9.838523e-01	-7.569145e-01	4.192611e-01
7.351485e+00	-9.766618e-01	-7.585501e-01	4.165016e-01
7.275528e+00	-9.707427e-01	-7.606184e-01	4.141404e-01
7.248496e+00	-9.665102e-01	-7.646801e-01	4.118585e-01
7.295419e+00	-9.627566e-01	-7.695522e-01	4.095217e-01
7.352828e+00	-9.608245e-01	-7.729609e-01	4.084147e-01
7.347898e+00	-9.617623e-01	-7.771036e-01	4.081941e-01
7.383143e+00	-9.628383e-01	-7.808434e-01	4.079268e-01
7.370630e+00	-9.649841e-01	-7.822645e-01	4.084095e-01
7.245029e+00	-9.694060e-01	-7.790938e-01	4.100620e-01
7.190022e+00	-9.731706e-01	-7.759616e-01	4.110681e-01
7.188106e+00	-9.766000e-01	-7.735700e-01	4.114344e-01
7.197822e+00	-9.791947e-01	-7.708383e-01	4.107905e-01
7.226186e+00	-9.813964e-01	-7.683031e-01	4.099483e-01
7.297521e+00	-9.839972e-01	-7.647977e-01	4.094464e-01
7.366829e+00	-9.861216e-01	-7.627910e-01	4.083920e-01
7.389271e+00	-9.871264e-01	-7.625499e-01	4.068573e-01
7.451383e+00	-9.882968e-01	-7.608339e-01	4.058268e-01
7.426019e+00	-9.878086e-01	-7.615915e-01	4.046496e-01
7.418245e+00	-9.877458e-01	-7.621172e-01	4.036382e-01
7.407375e+00	-9.879752e-01	-7.631939e-01	4.026357e-01
7.365888e+00	-9.878033e-01	-7.661583e-01	4.015229e-01
7.359006e+00	-9.882254e-01	-7.679304e-01	4.012111e-01
7.344332e+00	-9.877561e-01	-7.701891e-01	4.005455e-01
7.331956e+00	-9.868049e-01	-7.719358e-01	3.999902e-01
7.326026e+00	-9.858802e-01	-7.730545e-01	3.994660e-01
7.324720e+00	-9.851003e-01	-7.740949e-01	3.991199e-01
7.319773e+00	-9.834069e-01	-7.751768e-01	3.986733e-01
7.302708e+00	-9.831508e-01	-7.744779e-01	3.993179e-01
7.291374e+00	-9.826659e-01	-7.735425e-01	3.994674e-01
7.275476e+00	-9.819212e-01	-7.721397e-01	3.999661e-01
7.265010e+00	-9.814566e-01	-7.714257e-01	4.004845e-01
7.262005e+00	-9.817119e-01	-7.696738e-01	4.012044e-01
7.251162e+00	-9.816830e-01	-7.689355e-01	4.023074e-01
7.241558e+00	-9.817465e-01	-7.689209e-01	4.031862e-01
7.249361e+00	-9.826751e-01	-7.677932e-01	4.043269e-01
7.260721e+00	-9.835506e-01	-7.672303e-01	4.052671e-01
7.277594e+00	-9.839706e-01	-7.659405e-01	4.060714e-01
7.291750e+00	-9.846680e-01	-7.657360e-01	4.069381e-01
7.283445e+00	-9.845821e-01	-7.663798e-01	4.065438e-01
7.275331e+00	-9.845991e-01	-7.674326e-01	4.062506e-01
7.272911e+00	-9.845790e-01	-7.678435e-01	4.065715e-01
7.276796e+00	-9.846950e-01	-7.675301e-01	4.064987e-01
7.276140e+00	-9.846903e-01	-7.675901e-01	4.063285e-01
7.258408e+00	-9.838739e-01	-7.680962e-01	4.059811e-01
7.236870e+00	-9.825568e-01	-7.692624e-01	4.047186e-01
7.239261e+00	-9.825447e-01	-7.689980e-01	4.044538e-01
7.230603e+00	-9.816268e-01	-7.693774e-01	4.039819e-01
7.237492e+00	-9.821315e-01	-7.683284e-01	4.045652e-01
7.232420e+00	-9.817091e-01	-7.680675e-01	4.049077e-01
7.225504e+00	-9.811856e-01	-7.686823e-01	4.045628e-01
7.221642e+00	-9.812828e-01	-7.698920e-01	4.044697e-01
7.228278e+00	-9.819685e-01	-7.693562e-01	4.049050e-01
7.225170e+00	-9.817606e-01	-7.699913e-01	4.046870e-01
7.226436e+00	-9.815429e-01	-7.687663e-01	4.048643e-01
7.229631e+00	-9.812477e-01	-7.679045e-01	4.048254e-01
7.227206e+00	-9.813695e-01	-7.685735e-01	4.046606e-01
7.228201e+00	-9.819183e-01	-7.700009e-01	4.044697e-01
7.225196e+00	-9.813703e-01	-7.715951e-01	4.039036e-01
7.230738e+00	-9.818951e-01	-7.717754e-01	4.039928e-01
7.234500e+00	-9.822050e-01	-7.711782e-01	4.038272e-01
7.232618e+00	-9.815653e-01	-7.714090e-01	4.031756e-01
7.238271e+00	-9.821458e-01	-7.704275e-01	4.032830e-01
7.248465e+00	-9.827774e-01	-7.691858e-01	4.034054e-01
7.263659e+00	-9.835986e-01	-7.674933e-01	4.043343e-01
7.278627e+00	-9.841694e-01	-7.666684e-01	4.045074e-01
7.282249e+00	-9.846935e-01	-7.670986e-01	4.046222e-01
7.314461e+00	-9.857338e-01	-7.656165e-01	4.050881e-01
7.309730e+00	-9.857163e-01	-7.660028e-01	4.050858e-01
7.286227e+00	-9.853363e-01	-7.681138e-01	4.046217e-01
7.270161e+00	-9.845579e-01	-7.688444e-01	4.042219e-01
7.258717e+00	-9.839574e-01	-7.697649e-01	4.039520e-01
7.247653e+00	-9.832601e-01	-7.697187e-01	4.041593e-01
7.239711e+00	-9.826008e-01	-7.700853e-01	4.038853e-01
7.233534e+00	-9.818754e-01	-7.704853e-01	4.035035e-01
7.235867e+00	-9.817595e-01	-7.714611e-01	4.030223e-01
7.234001e+00	-9.814796e-01	-7.706635e-01	4.029975e-01
7.232857e+00	-9.812223e-01	-7.704302e-01	4.029496e-01
7.235462e+00	-9.812961e-01	-7.712003e-01	4.026379e-01
7.233284e+00	-9.817252e-01	-7.709199e-01	4.032878e-01
7.234706e+00	-9.820292e-01	-7.701898e-01	4.036339e-01
7.237600e+00	-9.821702e-01	-7.692747e-01	4.038666e-01
7.243710e+00	-9.821309e-01	-7.680173e-01	4.040396e-01
7.250883e+00	-9.826482e-01	-7.674386e-01	4.044973e-01
7.255086e+00	-9.835381e-01	-7.679820e-01	4.052322e-01
7.244047e+00	-9.832358e-01	-7.690828e-01	4.057255e-01
7.251658e+00	-9.837164e-01	-7.691400e-01	4.060472e-01
7.250667e+00	-9.836875e-01	-7.696275e-01	4.052970e-01
7.254949e+00	-9.839171e-01	-7.693079e-01	4.054759e-01
7.252753e+00	-9.836681e-01	-7.688399e-01	4.052046e-01
1.602278e+02	-1.300000e+00	-6.000000e-01	4.500000e-01
5.146810e+01	-1.200000e+00	-7.000000e-01	3.500000e-01
3.655000e+01	-1.110810e+00	-8.139347e-01	2.631457e-01
7.788676e+01	-1.025157e+00	-8.790900e-01	2.106464e-01
4.850322e+01	-9.876923e-01	-8.938705e-01	2.666909e-01
3.142489e+01	-9.549828e-01	-8.855813e-01	3.204997e-01
2.044718e+01	-9.275565e-01	-8.629498e-01	3.734940e-01
1.202010e+01	-9.105330e-01	-8.086043e-01	4.154007e-01
1.187399e+01	-8.987427e-01	-7.513828e-01	4.539718e-01
1.588876e+01	-8.928314e-01	-7.138409e-01	4.891282e-01
1.628476e+01	-8.971423e-01	-7.174685e-01	5.183763e-01
1.757306e+01	-9.015833e-01	-7.267140e-01	5.435401e-01
1.967691e+01	-9.044980e-01	-7.320724e-01	5.629617e-01
2.065302e+01	-9.049556e-01	-7.393243e-01	5.710308e-01
2.150409e+01	-9.054694e-01	-7.480537e-01	5.766654e-01
2.157301e+01	-9.022790e-01	-7.477773e-01	5.778832e-01
2.049402e+01	-8.969721e-01	-7.429102e-01	5.712351e-01
1.994369e+01	-8.902667e-01	-7.276032e-01	5.628239e-01
1.944270e+01	-8.836061e-01	-7.222532e-01	5.522141e-01
1.805405e+01	-8.798951e-01	-7.280495e-01	5.373159e-01
1.708803e+01	-8.757669e-01	-7.344246e-01	5.227670e-01
1.593681e+01	-8.756825e-01	-7.433102e-01	5.092053e-01
1.362695e+01	-8.857946e-01	-7.613782e-01	4.947909e-01
1.225939e+01	-8.943349e-01	-7.759871e-01	4.808081e-01
1.146463e+01	-9.013555e-01	-7.866704e-01	4.672258e-01
1.050433e+01	-9.124373e-01	-7.934191e-01	4.528509e-01
9.555567e+00	-9.239063e-01	-7.947686e-01	4.398064e-01
8.799053e+00	-9.337557e-01	-7.931456e-01	4.268845e-01
8.111493e+00	-9.445387e-01	-7.872241e-01	4.138510e-01
7.869645e+00	-9.543818e-01	-7.813853e-01	4.016765e-01
7.935172e+00	-9.641682e-01	-7.743113e-01	3.915509e-01
7.950926e+00	-9.753503e-01	-7.727020e-01	3.852833e-01
8.019980e+00	-9.848452e-01	-7.751171e-01	3.808503e-01
8.239659e+00	-9.936450e-01	-7.787811e-01	3.766167e-01
8.551907e+00	-9.999112e-01	-7.876228e-01	3.751903e-01
9.126235e+00	-1.005256e+00	-7.962142e-01	3.743856e-01
9.872607e+00	-1.010488e+00	-8.033262e-01	3.737984e-01
9.814472e+00	-1.012277e+00	-8.012860e-01	3.730881e-01
9.673035e+00	-1.012451e+00	-7.988595e-01	3.720418e-01
9.367595e+00	-1.010808e+00	-7.945612e-01	3.710137e-01
8.910105e+00	-1.005823e+00	-7.865512e-01	3.702442e-01
8.697990e+00	-1.001173e+00	-7.812363e-01	3.706613e-01
8.632327e+00	-9.958902e-01	-7.760163e-01	3.710778e-01
8.381841e+00	-9.912592e-01	-7.798412e-01	3.746202e-01
8.216656e+00	-9.869708e-01	-7.847264e-01	3.784638e-01
8.135311e+00	-9.824835e-01	-7.891106e-01	3.826405e-01
8.149047e+00	-9.767796e-01	-7.935261e-01	3.874438e-01
8.197448e+00	-9.721882e-01	-7.964259e-01	3.917334e-01
8.219070e+00	-9.683709e-01	-7.980588e-01	3.962172e-01
7.907317e+00	-9.653931e-01	-7.932860e-01	4.003455e-01
7.657234e+00	-9.626905e-01	-7.882306e-01	4.045410e-01
7.517433e+00	-9.597488e-01	-7.831212e-01	4.074789e-01
7.403112e+00	-9.579325e-01	-7.761275e-01	4.106024e-01
7.422188e+00	-9.561482e-01	-7.701102e-01	4.129378e-01
7.441290e+00	-9.552271e-01	-7.675949e-01	4.151606e-01
7.352764e+00	-9.561420e-01	-7.710216e-01	4.175929e-01
7.354012e+00	-9.567683e-01	-7.758812e-01	4.193534e-01
7.400357e+00	-9.572985e-01	-7.788930e-01	4.208612e-01
7.421036e+00	-9.586695e-01	-7.803053e-01	4.215852e-01
7.396525e+00	-9.593375e-01	-7.797700e-01	4.213589e-01
7.394909e+00	-9.591856e-01	-7.800640e-01	4.203386e-01
7.341724e+00	-9.586149e-01	-7.777615e-01	4.174175e-01
7.348088e+00	-9.579369e-01	-7.761499e-01	4.145875e-01
7.385188e+00	-9.573992e-01	-7.744588e-01	4.120652e-01
7.454288e+00	-9.571083e-01	-7.758155e-01	4.093832e-01
7.541095e+00	-9.569902e-01	-7.787684e-01	4.070129e-01
7.560537e+00	-9.581788e-01	-7.804641e-01	4.055371e-01
7.544912e+00	-9.610177e-01	-7.832992e-01	4.047347e-01
7.592551e+00	-9.636182e-01	-7.868324e-01	4.042301e-01
7.617601e+00	-9.657344e-01	-7.882453e-01	4.034438e-01
7.559082e+00	-9.666722e-01	-7.862834e-01	4.019959e-01
7.532710e+00	-9.677490e-01	-7.850206e-01	4.005985e-01
7.476980e+00	-9.692973e-01	-7.830913e-01	3.997356e-01
7.444984e+00	-9.707911e-01	-7.817302e-01	3.989205e-01
7.414711e+00	-9.725120e-01	-7.810522e-01	3.986750e-01
7.394871e+00	-9.734672e-01	-7.803027e-01	3.985008e-01
7.429551e+00	-9.732031e-01	-7.816776e-01	3.982666e-01
7.428057e+00	-9.736902e-01	-7.826145e-01	3.990123e-01
7.435247e+00	-9.738672e-01	-7.831658e-01	3.992546e-01
7.429832e+00	-9.741710e-01	-7.832144e-01	3.994863e-01
7.403987e+00	-9.734501e-01	-7.818637e-01	3.994113e-01
7.414847e+00	-9.725961e-01	-7.821995e-01	3.996197e-01
7.469925e+00	-9.706155e-01	-7.834598e-01	3.995661e-01
7.507366e+00	-9.691817e-01	-7.844214e-01	3.999459e-01
7.519011e+00	-9.681470e-01	-7.845304e-01	4.003065e-01
7.526733e+00	-9.668416e-01	-7.842669e-01	4.007095e-01
7.511805e+00	-9.661635e-01	-7.833134e-01	4.009272e-01
7.498719e+00	-9.656648e-01	-7.829814e-01	4.015519e-01
1.127703e+02	-8.000000e-01	-1.050000e+00	3.800000e-01
5.162017e+01	-9.000000e-01	-9.500000e-01	4.800000e-01
5.036008e+01	-9.907108e-01	-8.416079e-01	5.758682e-01
7.450785e+01	-1.050281e+00	-7.359878e-01	6.296321e-01
5.487217e+01	-1.018394e+00	-6.767899e-01	6.143102e-01
4.721898e+01	-9.805812e-01	-6.191490e-01	5.891308e-01
4.721097e+01	-9.419639e-01	-5.870234e-01	5.549558e-01
4.091894e+01	-9.062871e-01	-6.026763e-01	5.133823e-01
4.147322e+01	-8.732188e-01	-6.209099e-01	4.727277e-01
4.002497e+01	-8.539009e-01	-6.493859e-01	4.465543e-01
2.797595e+01	-8.637468e-01	-6.915185e-01	4.362395e-01
1.860652e+01	-8.768962e-01	-7.327721e-01	4.305043e-01
1.235435e+01	-8.961548e-01	-7.747050e-01	4.284830e-01
1.069500e+01	-9.253193e-01	-8.118891e-01	4.319992e-01
1.503442e+01	-9.522766e-01	-8.425536e-01	4.361564e-01
2.357006e+01	-9.783301e-01	-8.666384e-01	4.423307e-01
2.802170e+01	-9.946638e-01	-8.723140e-01	4.442874e-01
3.059297e+01	-1.008427e+00	-8.717017e-01	4.450552e-01
2.989620e+01	-1.016378e+00	-8.668974e-01	4.407203e-01
2.044428e+01	-1.009327e+00	-8.475554e-01	4.250853e-01
1.335495e+01	-1.001775e+00	-8.265638e-01	4.101546e-01
9.194730e+00	-9.926625e-01	-8.056749e-01	3.974110e-01
7.846909e+00	-9.802765e-01	-7.813688e-01	3.851904e-01
9.786624e+00	-9.694016e-01	-7.590566e-01	3.742616e-01
1.344037e+01	-9.611910e-01	-7.388859e-01	3.671228e-01
1.346246e+01	-9.626604e-01	-7.293907e-01	3.741282e-01
1.377320e+01	-9.645085e-01	-7.202880e-01	3.805681e-01
1.385678e+01	-9.652576e-01	-7.133888e-01	3.884621e-01
1.167743e+01	-9.703992e-01	-7.171763e-01	4.013518e-01
1.026048e+01	-9.750007e-01	-7.215342e-01	4.143267e-01
9.516303e+00	-9.794955e-01	-7.270459e-01	4.263346e-01
8.925176e+00	-9.815066e-01	-7.371433e-01	4.346163e-01
8.892749e+00	-9.836094e-01	-7.476138e-01	4.418734e-01
9.113516e+00	-9.838545e-01	-7.579892e-01	4.468192e-01
8.745234e+00	-9.789770e-01	-7.671856e-01	4.452565e-01
8.566521e+00	-9.742509e-01	-7.757295e-01	4.432853e-01
8.509155e+00	-9.695962e-01	-7.838773e-01	4.403050e-01
8.256499e+00	-9.640450e-01	-7.886251e-01	4.347433e-01
8.101862e+00	-9.583021e-01	-7.917714e-01	4.287128e-01
8.173136e+00	-9.529896e-01	-7.949878e-01	4.223459e-01
8.098523e+00	-9.510382e-01	-7.936673e-01	4.185396e-01
8.053359e+00	-9.506103e-01	-7.925130e-01	4.151417e-01
8.054418e+00	-9.497875e-01	-7.910409e-01	4.115790e-01
7.883611e+00	-9.516644e-01	-7.878687e-01	4.100008e-01
7.626999e+00	-9.543576e-01	-7.829994e-01	4.106402e-01
7.404466e+00	-9.583530e-01	-7.790060e-01	4.117848e-01
7.212558e+00	-9.641997e-01	-7.744047e-01	4.144134e-01
7.190440e+00	-9.710105e-01	-7.696035e-01	4.185418e-01
7.298542e+00	-9.756901e-01	-7.655482e-01	4.209789e-01
7.466565e+00	-9.795188e-01	-7.616808e-01	4.227849e-01
7.556586e+00	-9.811820e-01	-7.590830e-01	4.228878e-01
7.618001e+00	-9.824371e-01	-7.571264e-01	4.223026e-01
7.468908e+00	-9.801441e-01	-7.577375e-01	4.193173e-01
7.352808e+00	-9.777340e-01	-7.586040e-01	4.152700e-01
7.329127e+00	-9.759884e-01	-7.587792e-01	4.123586e-01
7.317951e+00	-9.730745e-01	-7.596845e-01	4.104503e-01
7.311532e+00	-9.712273e-01	-7.613718e-01	4.085244e-01
7.307068e+00	-9.696353e-01	-7.636533e-01	4.068471e-01
7.260973e+00	-9.692509e-01	-7.666157e-01	4.065045e-01
7.225847e+00	-9.692415e-01	-7.699265e-01	4.062968e-01
7.198632e+00	-9.693568e-01	-7.723796e-01	4.072931e-01
7.161766e+00	-9.713821e-01	-7.736592e-01	4.110286e-01
7.184483e+00	-9.729067e-01	-7.747978e-01	4.132476e-01
7.230780e+00	-9.734294e-01	-7.760983e-01	4.152088e-01
7.266259e+00	-9.732113e-01	-7.766170e-01	4.169118e-01
7.318622e+00	-9.737448e-01	-7.761672e-01	4.194095e-01
7.315943e+00	-9.731706e-01	-7.757593e-01	4.200446e-01
7.284070e+00	-9.726256e-01	-7.737769e-01	4.205864e-01
7.258512e+00	-9.711643e-01	-7.724578e-01	4.211159e-01
7.208340e+00	-9.694831e-01	-7.711526e-01	4.198878e-01
7.190545e+00	-9.678825e-01	-7.688611e-01	4.193575e-01
7.192073e+00	-9.658766e-01	-7.673582e-01	4.172027e-01
7.211724e+00	-9.648693e-01	-7.665645e-01	4.158510e-01
7.219212e+00	-9.655679e-01	-7.654799e-01	4.152305e-01
7.221436e+00	-9.661124e-01	-7.648924e-01	4.151969e-01
7.209005e+00	-9.667670e-01	-7.652578e-01	4.150865e-01
7.188002e+00	-9.695513e-01	-7.661383e-01	4.176285e-01
7.207929e+00	-9.719826e-01	-7.671871e-01	4.191515e-01
7.214954e+00	-9.730149e-01	-7.683155e-01	4.190942e-01
7.221861e+00	-9.734468e-01	-7.688694e-01	4.191690e-01
7.220125e+00	-9.737500e-01	-7.689269e-01	4.188575e-01
7.193544e+00	-9.733846e-01	-7.700372e-01	4.172953e-01
7.182076e+00	-9.735331e-01	-7.704417e-01	4.162283e-01
7.162875e+00	-9.727467e-01	-7.705202e-01	4.149151e-01
7.150440e+00	-9.714799e-01	-7.712776e-01	4.127298e-01
7.161731e+00	-9.706288e-01	-7.726335e-01	4.100008e-01
7.188192e+00	-9.699397e-01	-7.737488e-01	4.078945e-01
7.196914e+00	-9.694006e-01	-7.736403e-01	4.075623e-01
7.201609e+00	-9.695092e-01	-7.742535e-01	4.073177e-01
7.188015e+00	-9.701922e-01	-7.743775e-01	4.080466e-01
7.162015e+00	-9.709943e-01	-7.732615e-01	4.102244e-01
7.150771e+00	-9.715824e-01	-7.715523e-01	4.124349e-01
7.162289e+00	-9.724668e-01	-7.696406e-01	4.151948e-01
7.196107e+00	-9.734291e-01	-7.682723e-01	4.176011e-01
7.217335e+00	-9.731605e-01	-7.672107e-01	4.190479e-01
7.211173e+00	-9.721134e-01	-7.671890e-01	4.192938e-01
7.222689e+00	-9.719153e-01	-7.663803e-01	4.199189e-01
7.202230e+00	-9.704449e-01	-7.660270e-01	4.189159e-01
7.188340e+00	-9.688482e-01	-7.663394e-01	4.178548e-01
7.186749e+00	-9.683435e-01	-7.663701e-01	4.174398e-01
7.174688e+00	-9.679975e-01	-7.676567e-01	4.165890e-01
7.167994e+00	-9.684926e-01	-7.680902e-01	4.159144e-01
7.163999e+00	-9.687123e-01	-7.687042e-01	4.157747e-01
7.176020e+00	-9.701367e-01	-7.685836e-01	4.176592e-01
7.175908e+00	-9.708520e-01	-7.695412e-01	4.174494e-01
7.175216e+00	-9.712637e-01	-7.701934e-01	4.171019e-01
7.163078e+00	-9.714390e-01	-7.714749e-01	4.152474e-01
7.155143e+00	-9.713320e-01	-7.711733e-01	4.142616e-01
7.153358e+00	-9.713772e-01	-7.713348e-01	4.137393e-01
7.149936e+00	-9.711413e-01	-7.709935e-01	4.126162e-01
7.155665e+00	-9.699809e-01	-7.709186e-01	4.114174e-01
7.152812e+00	-9.703231e-01	-7.706903e-01	4.118029e-01
7.154659e+00	-9.720447e-01	-7.705504e-01	4.141394e-01
7.178741e+00	-9.735576e-01	-7.705444e-01	4.159019e-01
7.188695e+00	-9.738259e-01	-7.701236e-01	4.166064e-01
8.653820e+02	-1.500000e+00	-1.500000e-01	7.300000e-01
5.766549e+02	-1.400000e+00	-2.500000e-01	6.300000e-01
3.654079e+02	-1.311381e+00	-3.439580e-01	5.437913e-01
1.941230e+02	-1.218375e+00	-4.472414e-01	4.403338e-01
1.007770e+02	-1.139698e+00	-5.460376e-01	3.448110e-01
6.673620e+01	-1.071399e+00	-6.405452e-01	2.773958e-01
5.267693e+01	-1.010509e+00	-7.343338e-01	2.540845e-01
3.005896e+01	-9.715801e-01	-8.191552e-01	2.898264e-01
3.485551e+01	-9.372246e-01	-8.957770e-01	3.250022e-01
5.671974e+01	-9.058359e-01	-9.635463e-01	3.571533e-01
7.728718e+01	-8.778202e-01	-1.005502e+00	3.783133e-01
9.844012e+01	-8.520573e-01	-1.042140e+00	3.951643e-01
1.175191e+02	-8.274372e-01	-1.072519e+00	4.128017e-01
1.255654e+02	-8.051312e-01	-1.083863e+00	4.277692e-01
1.325986e+02	-7.839611e-01	-1.092193e+00	4.378005e-01
1.382203e+02	-7.588672e-01	-1.094689e+00	4.423003e-01
1.403678e+02	-7.309915e-01	-1.084951e+00	4.397181e-01
1.419982e+02	-7.090783e-01	-1.073819e+00	4.405042e-01
1.441201e+02	-6.901620e-01	-1.062005e+00	4.406328e-01
1.426071e+02	-6.770514e-01	-1.045514e+00	4.435876e-01
1.430056e+02	-6.637940e-01	-1.029427e+00	4.444554e-01
1.407154e+02	-6.569363e-01	-1.012884e+00	4.459855e-01
1.317697e+02	-6.600268e-01	-9.930714e-01	4.508445e-01
1.223004e+02	-6.657188e-01	-9.750845e-01	4.567840e-01
1.145553e+02	-6.703076e-01	-9.583673e-01	4.613725e-01
1.036816e+02	-6.807292e-01	-9.411962e-01	4.677702e-01
9.179367e+01	-6.947198e-01	-9.247329e-01	4.740113e-01
8.137333e+01	-7.077873e-01	-9.093632e-01	4.806523e-01
6.842770e+01	-7.271016e-01	-8.923871e-01	4.898330e-01
5.738965e+01	-7.463360e-01	-8.775813e-01	4.976390e-01
4.872745e+01	-7.632050e-01	-8.638327e-01	5.037451e-01
4.080048e+01	-7.812074e-01	-8.502556e-01	5.083396e-01
3.401895e+01	-7.989167e-01	-8.365331e-01	5.125683e-01
2.863400e+01	-8.156097e-01	-8.241608e-01	5.153992e-01
2.416759e+01	-8.314806e-01	-8.116116e-01	5.144781e-01
2.057536e+01	-8.469347e-01	-7.998641e-01	5.138778e-01
1.783215e+01	-8.611916e-01	-7.891333e-01	5.122144e-01
1.553253e+01	-8.750062e-01	-7.790585e-01	5.071673e-01
1.380365e+01	-8.877571e-01	-7.697008e-01	5.018885e-01
1.253852e+01	-8.986361e-01	-7.613488e-01	4.953923e-01
1.143715e+01	-9.084177e-01	-7.539455e-01	4.853325e-01
1.067655e+01	-9.171417e-01	-7.475582e-01	4.758242e-01
1.014091e+01	-9.254110e-01	-7.423219e-01	4.667374e-01
9.627032e+00	-9.334890e-01	-7.394579e-01	4.560492e-01
9.304195e+00	-9.407734e-01	-7.372377e-01	4.463138e-01
9.120100e+00	-9.472614e-01	-7.356985e-01	4.371886e-01
8.876852e+00	-9.531696e-01	-7.367938e-01	4.273390e-01
8.719801e+00	-9.587566e-01	-7.382268e-01	4.189139e-01
8.521450e+00	-9.645806e-01	-7.404565e-01	4.126589e-01
8.078339e+00	-9.712244e-01	-7.454598e-01	4.092981e-01
7.780180e+00	-9.773352e-01	-7.502848e-01	4.061389e-01
7.594785e+00	-9.824771e-01	-7.551143e-01	4.031961e-01
7.470653e+00	-9.872602e-01	-7.609016e-01	4.008476e-01
7.458546e+00	-9.914603e-01	-7.667908e-01	3.989867e-01
7.560973e+00	-9.952957e-01	-7.722417e-01	3.975583e-01
7.741772e+00	-9.983131e-01	-7.775433e-01	3.956778e-01
7.972907e+00	-1.000658e+00	-7.824538e-01	3.939489e-01
8.222249e+00	-1.002494e+00	-7.866958e-01	3.918722e-01
8.408265e+00	-1.002771e+00	-7.902112e-01	3.886741e-01
8.613489e+00	-1.002987e+00	-7.933536e-01	3.855523e-01
8.786033e+00	-1.002959e+00	-7.956042e-01	3.827024e-01
8.911410e+00	-1.001859e+00	-7.972123e-01	3.795746e-01
9.031977e+00	-1.000345e+00	-7.981021e-01	3.760629e-01
9.129942e+00	-9.991754e-01	-7.985294e-01	3.737000e-01
9.168755e+00	-9.973662e-01	-7.986204e-01	3.723747e-01
9.196326e+00	-9.957920e-01	-7.985805e-01	3.714783e-01
9.176375e+00	-9.943713e-01	-7.980649e-01	3.711189e-01
9.068910e+00	-9.928146e-01	-7.976493e-01	3.723558e-01
8.935148e+00	-9.912772e-01	-7.966722e-01	3.736131e-01
8.776526e+00	-9.900507e-01	-7.958073e-01	3.755287e-01
8.599490e+00	-9.884643e-01	-7.947446e-01	3.777618e-01
8.405203e+00	-9.872608e-01	-7.936570e-01	3.805903e-01
8.216054e+00	-9.862450e-01	-7.926666e-01	3.838556e-01
7.201015e+02	-6.000000e-01	-1.500000e+00	1.000000e-01
5.025983e+02	-7.000000e-01	-1.400000e+00	2.000000e-01
3.283721e+02	-8.091083e-01	-1.293285e+00	3.018057e-01
2.125814e+02	-8.935394e-01	-1.186190e+00	3.896766e-01
1.539741e+02	-9.776687e-01	-1.089301e+00	4.548571e-01
1.203310e+02	-1.037674e+00	-9.898308e-01	5.126425e-01
1.184766e+02	-1.089473e+00	-9.008746e-01	5.644472e-01
9.507630e+01	-1.080311e+00	-8.227141e-01	5.970848e-01
8.074390e+01	-1.061739e+00	-7.516732e-01	6.257247e-01
7.335946e+01	-1.035500e+00	-6.912735e-01	6.504819e-01
6.451274e+01	-9.942945e-01	-6.475939e-01	6.659931e-01
6.306952e+01	-9.558144e-01	-6.076005e-01	6.788618e-01
6.431211e+01	-9.111545e-01	-5.769132e-01	6.889772e-01
6.643659e+01	-8.681707e-01	-5.622400e-01	6.941493e-01
7.100757e+01	-8.345949e-01	-5.527831e-01	6.984781e-01
7.759794e+01	-8.005378e-01	-5.462607e-01	7.017077e-01
7.778815e+01	-7.896411e-01	-5.519560e-01	7.037211e-01
7.793931e+01	-7.787136e-01	-5.587847e-01	7.047295e-01
7.656080e+01	-7.719319e-01	-5.684198e-01	7.050155e-01
6.930752e+01	-7.801111e-01	-5.868376e-01	7.039040e-01
6.225031e+01	-7.901421e-01	-6.058935e-01	7.026952e-01
5.556436e+01	-8.045563e-01	-6.240583e-01	7.012130e-01
4.814340e+01	-8.253267e-01	-6.485959e-01	6.977974e-01
4.333903e+01	-8.457187e-01	-6.706821e-01	6.941155e-01
4.090846e+01	-8.675243e-01	-6.915767e-01	6.907999e-01
4.008728e+01	-8.875710e-01	-7.160803e-01	6.851682e-01
4.129627e+01	-9.061287e-01	-7.379904e-01	6.790910e-01
4.418589e+01	-9.230746e-01	-7.577285e-01	6.735776e-01
4.684415e+01	-9.345035e-01	-7.768362e-01	6.663571e-01
4.895250e+01	-9.422618e-01	-7.933457e-01	6.582144e-01
5.112144e+01	-9.478223e-01	-8.093296e-01	6.503893e-01
5.115451e+01	-9.471148e-01	-8.236339e-01	6.408301e-01
4.953189e+01	-9.425308e-01	-8.344124e-01	6.307123e-01
4.829644e+01	-9.377571e-01	-8.447613e-01	6.212702e-01
4.550134e+01	-9.292262e-01	-8.520856e-01	6.107979e-01
4.227789e+01	-9.196296e-01	-8.570459e-01	5.998527e-01
3.987874e+01	-9.112268e-01	-8.615380e-01	5.898608e-01
3.720353e+01	-9.040695e-01	-8.630324e-01	5.793692e-01
3.435916e+01	-8.975176e-01	-8.619879e-01	5.689712e-01
3.225501e+01	-8.923305e-01	-8.615591e-01	5.593360e-01
3.003680e+01	-8.953154e-01	-8.578521e-01	5.499193e-01
2.755806e+01	-8.965167e-01	-8.530690e-01	5.404622e-01
2.545965e+01	-8.972933e-01	-8.491020e-01	5.316817e-01
2.325557e+01	-9.020473e-01	-8.437929e-01	5.226980e-01
2.089806e+01	-9.074303e-01	-8.367960e-01	5.141248e-01
1.894149e+01	-9.131850e-01	-8.306695e-01	5.063621e-01
1.706056e+01	-9.223216e-01	-8.238017e-01	4.984641e-01
1.553804e+01	-9.310370e-01	-8.177568e-01	4.911939e-01
1.407605e+01	-9.389962e-01	-8.109194e-01	4.843116e-01
1.257741e+01	-9.464175e-01	-8.032456e-01	4.767165e-01
1.143791e+01	-9.541955e-01	-7.958948e-01	4.700193e-01
1.055526e+01	-9.607810e-01	-7.895537e-01	4.637383e-01
9.733119e+00	-9.656626e-01	-7.838612e-01	4.570354e-01
9.086905e+00	-9.703096e-01	-7.780063e-01	4.508705e-01
8.574734e+00	-9.734113e-01	-7.730962e-01	4.451372e-01
8.098937e+00	-9.743700e-01	-7.691759e-01	4.392736e-01
7.773413e+00	-9.753661e-01	-7.654835e-01	4.337736e-01
7.558288e+00	-9.757549e-01	-7.624251e-01	4.286933e-01
7.412865e+00	-9.752134e-01	-7.602456e-01	4.237014e-01
7.371804e+00	-9.753390e-01	-7.583267e-01	4.192627e-01
7.372352e+00	-9.742013e-01	-7.571048e-01	4.149898e-01
7.388895e+00	-9.734121e-01	-7.572650e-01	4.111305e-01
7.443188e+00	-9.727522e-01	-7.574154e-01	4.076492e-01
7.534935e+00	-9.715011e-01	-7.576714e-01	4.043876e-01
7.625420e+00	-9.701206e-01	-7.586436e-01	4.015100e-01
7.708446e+00	-9.688674e-01	-7.600186e-01	3.990781e-01
7.753457e+00	-9.689557e-01	-7.613089e-01	3.970604e-01
7.746698e+00	-9.699301e-01	-7.625552e-01	3.956986e-01
7.745050e+00	-9.708818e-01	-7.636048e-01	3.944925e-01
7.689212e+00	-9.723579e-01	-7.655028e-01	3.936368e-01
7.576181e+00	-9.751541e-01	-7.672608e-01	3.936782e-01
7.484797e+00	-9.782845e-01	-7.690402e-01	3.938410e-01
7.445557e+00	-9.798183e-01	-7.709642e-01	3.938420e-01
7.406776e+00	-9.810582e-01	-7.734283e-01	3.943892e-01
7.397195e+00	-9.813422e-01	-7.756933e-01	3.948449e-01
7.392654e+00	-9.822688e-01	-7.770346e-01	3.954656e-01
7.379970e+00	-9.828377e-01	-7.776732e-01	3.965030e-01
7.381232e+00	-9.835719e-01	-7.785717e-01	3.975353e-01
7.376963e+00	-9.832414e-01	-7.792504e-01	3.984813e-01
7.341516e+00	-9.818899e-01	-7.789391e-01	3.998093e-01
7.311618e+00	-9.803824e-01	-7.788139e-01	4.011836e-01
7.295486e+00	-9.790498e-01	-7.789878e-01	4.022430e-01
7.278792e+00	-9.769525e-01	-7.791481e-01	4.033158e-01
7.275777e+00	-9.743009e-01	-7.795896e-01	4.042495e-01
7.261550e+00	-9.730028e-01	-7.793046e-01	4.054381e-01
7.232292e+00	-9.717985e-01	-7.781861e-01	4.070268e-01
7.217815e+00	-9.708614e-01	-7.775660e-01	4.082805e-01
7.208391e+00	-9.701626e-01	-7.771331e-01	4.094862e-01
7.191329e+00	-9.700270e-01	-7.761587e-01	4.108660e-01
7.184795e+00	-9.698448e-01	-7.756419e-01	4.120516e-01
7.182527e+00	-9.697254e-01	-7.752600e-01	4.131744e-01
7.186011e+00	-9.690647e-01	-7.751900e-01	4.140613e-01
7.187335e+00	-9.695537e-01	-7.747755e-01	4.151756e-01
7.193433e+00	-9.697816e-01	-7.745736e-01	4.161125e-01
7.203774e+00	-9.701122e-01	-7.744767e-01	4.170276e-01
7.211927e+00	-9.696244e-01	-7.747265e-01	4.175514e-01
7.223247e+00	-9.699252e-01	-7.747014e-01	4.182486e-01
7.238399e+00	-9.709788e-01	-7.742847e-01	4.190286e-01
7.247071e+00	-9.711076e-01	-7.742408e-01	4.194501e-01
7.258240e+00	-9.710686e-01	-7.744642e-01	4.198467e-01
7.269406e+00	-9.715025e-01	-7.741720e-01	4.203496e-01
7.271111e+00	-9.711661e-01	-7.742122e-01	4.205794e-01
7.273930e+00	-9.706116e-01	-7.746635e-01	4.206535e-01
7.277454e+00	-9.703078e-01	-7.747503e-01	4.208921e-01
7.277953e+00	-9.696018e-01	-7.749940e-01	4.210410e-01
7.277323e+00	-9.687705e-01	-7.755761e-01	4.208418e-01
7.277041e+00	-9.680465e-01	-7.757971e-01	4.208630e-01
7.278966e+00	-9.675151e-01	-7.761225e-01	4.207877e-01
7.282165e+00	-9.668567e-01	-7.767445e-01	4.204290e-01
3.829212e+02	-7.000000e-01	-1.350000e+00	3.100000e-01
2.551414e+02	-8.000000e-01	-1.250000e+00	4.100000e-01
1.638892e+02	-7.031220e-01	-1.119778e+00	4.686313e-01
1.244006e+02	-6.492394e-01	-9.866703e-01	5.442446e-01
7.164926e+01	-7.052658e-01	-8.769114e-01	6.199903e-01
4.537390e+01	-7.729291e-01	-7.764078e-01	6.803157e-01
4.709367e+01	-8.296071e-01	-6.836038e-01	7.266584e-01
5.709046e+01	-8.675718e-01	-6.147798e-01	7.242924e-01
7.194545e+01	-8.992495e-01	-5.561037e-01	7.081318e-01
9.118589e+01	-9.287773e-01	-5.073213e-01	6.947553e-01
9.693587e+01	-9.404646e-01	-4.890290e-01	6.637887e-01
9.814940e+01	-9.475921e-01	-4.836988e-01	6.409901e-01
9.496572e+01	-9.467677e-01	-4.847644e-01	6.092207e-01
7.895072e+01	-9.261715e-01	-5.108380e-01	5.658704e-01
6.741058e+01	-9.067809e-01	-5.373768e-01	5.233887e-01
5.390696e+01	-9.018931e-01	-5.703434e-01	5.073391e-01
3.587473e+01	-9.136778e-01	-6.162676e-01	5.091114e-01
2.343807e+01	-9.209944e-01	-6.604887e-01	5.077219e-01
1.585845e+01	-9.275697e-01	-7.021140e-01	5.051972e-01
1.179682e+01	-9.333721e-01	-7.424662e-01	4.954377e-01
1.101700e+01	-9.377274e-01	-7.800814e-01	4.829676e-01
1.257973e+01	-9.408157e-01	-8.126416e-01	4.681426e-01
1.363727e+01	-9.367319e-01	-8.345845e-01	4.405810e-01
1.644852e+01	-9.325389e-01	-8.538334e-01	4.132312e-01
1.971778e+01	-9.324545e-01	-8.673099e-01	3.916312e-01
2.079401e+01	-9.374539e-01	-8.691282e-01	3.749976e-01
2.191091e+01	-9.400712e-01	-8.679739e-01	3.593660e-01
2.343630e+01	-9.425011e-01	-8.669570e-01	3.458186e-01
2.217279e+01	-9.475927e-01	-8.601707e-01	3.426557e-01
2.010586e+01	-9.531153e-01	-8.531912e-01	3.445776e-01
1.683059e+01	-9.616333e-01	-8.442094e-01	3.524294e-01
1.214327e+01	-9.741859e-01	-8.296322e-01	3.743620e-01
9.902313e+00	-9.839512e-01	-8.155324e-01	3.925323e-01
9.273968e+00	-9.926021e-01	-8.029218e-01	4.083367e-01
8.549756e+00	-9.941709e-01	-7.877050e-01	4.164414e-01
8.328873e+00	-9.953430e-01	-7.726366e-01	4.228699e-01
8.424683e+00	-9.949617e-01	-7.590967e-01	4.270434e-01
8.357600e+00	-9.890761e-01	-7.460609e-01	4.251368e-01
8.784707e+00	-9.823507e-01	-7.349997e-01	4.217878e-01
9.608722e+00	-9.764116e-01	-7.259965e-01	4.193493e-01
1.008391e+01	-9.701733e-01	-7.221923e-01	4.205283e-01
1.052809e+01	-9.642933e-01	-7.195330e-01	4.213102e-01
1.062864e+01	-9.610810e-01	-7.190377e-01	4.234636e-01
9.875769e+00	-9.616076e-01	-7.240231e-01	4.309095e-01
9.376744e+00	-9.606514e-01	-7.290104e-01	4.363278e-01
8.963781e+00	-9.608138e-01	-7.348569e-01	4.417704e-01
8.484624e+00	-9.609985e-01	-7.437624e-01	4.446729e-01
8.303621e+00	-9.614352e-01	-7.516011e-01	4.475588e-01
8.212218e+00	-9.609665e-01	-7.589256e-01	4.486003e-01
7.967453e+00	-9.593596e-01	-7.650468e-01	4.450095e-01
7.753540e+00	-9.568570e-01	-7.711387e-01	4.399114e-01
7.618178e+00	-9.540685e-01	-7.762665e-01	4.334456e-01
7.575724e+00	-9.509008e-01	-7.795556e-01	4.233775e-01
7.809546e+00	-9.479726e-01	-7.824966e-01	4.142678e-01
8.143593e+00	-9.464033e-01	-7.844493e-01	4.067664e-01
8.266443e+00	-9.483133e-01	-7.865515e-01	4.022290e-01
8.233247e+00	-9.511992e-01	-7.875431e-01	3.999087e-01
8.127112e+00	-9.543711e-01	-7.882093e-01	3.990195e-01
7.720057e+00	-9.605802e-01	-7.875254e-01	4.030512e-01
7.507792e+00	-9.667478e-01	-7.868709e-01	4.069217e-01
7.451658e+00	-9.710483e-01	-7.859943e-01	4.094743e-01
7.388714e+00	-9.749865e-01	-7.831850e-01	4.112249e-01
7.350495e+00	-9.771023e-01	-7.806886e-01	4.122013e-01
7.305191e+00	-9.785912e-01	-7.781031e-01	4.121343e-01
7.212057e+00	-9.776458e-01	-7.750203e-01	4.105658e-01
7.169522e+00	-9.769056e-01	-7.716911e-01	4.096804e-01
7.170308e+00	-9.759151e-01	-7.689106e-01	4.079223e-01
7.205884e+00	-9.737702e-01	-7.664109e-01	4.071172e-01
7.258666e+00	-9.724086e-01	-7.645917e-01	4.064185e-01
7.282199e+00	-9.715794e-01	-7.634705e-01	4.069495e-01
7.226026e+00	-9.728371e-01	-7.632176e-01	4.108472e-01
7.209357e+00	-9.733602e-01	-7.635633e-01	4.138937e-01
7.210066e+00	-9.730224e-01	-7.641623e-01	4.164533e-01
7.203969e+00	-9.719666e-01	-7.651487e-01	4.177123e-01
7.199914e+00	-9.701430e-01	-7.660926e-01	4.188407e-01
7.201555e+00	-9.689853e-01	-7.672714e-01	4.198480e-01
7.209231e+00	-9.669381e-01	-7.681077e-01	4.208132e-01
7.219044e+00	-9.655647e-01	-7.692414e-01	4.214988e-01
7.214146e+00	-9.637455e-01	-7.702892e-01	4.200419e-01
7.224042e+00	-9.621496e-01	-7.705484e-01	4.185713e-01
7.250087e+00	-9.606247e-01	-7.706786e-01	4.169210e-01
7.287283e+00	-9.595481e-01	-7.716052e-01	4.146852e-01
7.273722e+00	-9.601856e-01	-7.718743e-01	4.144963e-01
7.278188e+00	-9.606205e-01	-7.723968e-01	4.130911e-01
7.267107e+00	-9.614212e-01	-7.734562e-01	4.125996e-01
7.234810e+00	-9.630506e-01	-7.740686e-01	4.128938e-01
7.206692e+00	-9.650771e-01	-7.746965e-01	4.134653e-01
7.197137e+00	-9.669304e-01	-7.754133e-01	4.140432e-01
7.195533e+00	-9.679826e-01	-7.757498e-01	4.138249e-01
7.197461e+00	-9.683900e-01	-7.761491e-01	4.129323e-01
7.190215e+00	-9.696512e-01	-7.759261e-01	4.127225e-01
7.180415e+00	-9.696910e-01	-7.752568e-01	4.119859e-01
7.184696e+00	-9.690460e-01	-7.748845e-01	4.101354e-01
7.175868e+00	-9.697539e-01	-7.741055e-01	4.097546e-01
7.171103e+00	-9.696674e-01	-7.734331e-01	4.099622e-01
7.183988e+00	-9.691915e-01	-7.729640e-01	4.086807e-01
7.171047e+00	-9.699096e-01	-7.721158e-01	4.091849e-01
7.149771e+00	-9.715446e-01	-7.704125e-01	4.116307e-01
7.155687e+00	-9.722889e-01	-7.691639e-01	4.142010e-01
7.163339e+00	-9.726038e-01	-7.688333e-01	4.151693e-01
7.183445e+00	-9.734745e-01	-7.681197e-01	4.165517e-01
7.180919e+00	-9.723366e-01	-7.676887e-01	4.169616e-01
7.168047e+00	-9.710696e-01	-7.676669e-01	4.160241e-01
7.160865e+00	-9.699434e-01	-7.681488e-01	4.149654e-01
7.162597e+00	-9.691679e-01	-7.681642e-01	4.146288e-01
7.177544e+00	-9.673827e-01	-7.684991e-01	4.129777e-01
7.208541e+00	-9.656850e-01	-7.697193e-01	4.110941e-01
7.207417e+00	-9.654088e-01	-7.701355e-01	4.113848e-01
7.214932e+00	-9.647492e-01	-7.709402e-01	4.114186e-01
7.178762e+00	-9.659691e-01	-7.710184e-01	4.140592e-01
7.178598e+00	-9.658786e-01	-7.713389e-01	4.158308e-01
7.182048e+00	-9.660623e-01	-7.722236e-01	4.164640e-01
7.176980e+00	-9.668405e-01	-7.722547e-01	4.163057e-01
7.171674e+00	-9.672267e-01	-7.723241e-01	4.153483e-01
7.174359e+00	-9.669713e-01	-7.727625e-01	4.148190e-01
7.170915e+00	-9.672280e-01	-7.723467e-01	4.150049e-01
7.168460e+00	-9.679501e-01	-7.726164e-01	4.149174e-01
7.170598e+00	-9.673703e-01	-7.726543e-01	4.136034e-01
7.181499e+00	-9.668727e-01	-7.728183e-01	4.118928e-01
7.174802e+00	-9.672585e-01	-7.723750e-01	4.121406e-01
7.184558e+00	-9.669115e-01	-7.722912e-01	4.111807e-01
7.196002e+00	-9.669435e-01	-7.730369e-01	4.100447e-01
7.184992e+00	-9.672195e-01	-7.728395e-01	4.108253e-01
7.177352e+00	-9.676011e-01	-7.727961e-01	4.113060e-01
7.157112e+00	-9.693851e-01	-7.719516e-01	4.136722e-01
7.155423e+00	-9.705681e-01	-7.709961e-01	4.146032e-01
7.157793e+00	-9.705397e-01	-7.709667e-01	4.150706e-01
7.153839e+00	-9.697916e-01	-7.708070e-01	4.140625e-01
7.158453e+00	-9.685273e-01	-7.704768e-01	4.137005e-01
7.164698e+00	-9.678205e-01	-7.703890e-01	4.130994e-01
7.179951e+00	-9.671197e-01	-7.706231e-01	4.115513e-01
7.170426e+00	-9.674773e-01	-7.704053e-01	4.124813e-01
7.170951e+00	-9.672627e-01	-7.706722e-01	4.126993e-01
7.161405e+00	-9.682152e-01	-7.705618e-01	4.151958e-01
7.164204e+00	-9.688933e-01	-7.710133e-01	4.160942e-01
7.166423e+00	-9.687757e-01	-7.714910e-01	4.161536e-01
7.166674e+00	-9.674593e-01	-7.718437e-01	4.144027e-01
7.166095e+00	-9.674380e-01	-7.715937e-01	4.142585e-01
7.173373e+00	-9.668204e-01	-7.717977e-01	4.132066e-01
7.187351e+00	-9.660313e-01	-7.721139e-01	4.122574e-01
7.177924e+00	-9.661939e-01	-7.716786e-01	4.136928e-01
7.181029e+00	-9.661254e-01	-7.718664e-01	4.131384e-01
7.179468e+00	-9.663751e-01	-7.726693e-01	4.134737e-01
7.188651e+00	-9.660493e-01	-7.736348e-01	4.131757e-01
7.182905e+00	-9.665847e-01	-7.735963e-01	4.132652e-01
7.167945e+00	-9.684480e-01	-7.726719e-01	4.151524e-01
7.165633e+00	-9.697225e-01	-7.713775e-01	4.161328e-01
7.160044e+00	-9.695853e-01	-7.711459e-01	4.154147e-01
7.157957e+00	-9.686398e-01	-7.708075e-01	4.134574e-01
7.180226e+00	-9.669205e-01	-7.710742e-01	4.117092e-01
7.199420e+00	-9.663884e-01	-7.706228e-01	4.105558e-01
4.838692e+02	-1.400000e+00	-3.000000e-01	5.200000e-01
2.799708e+02	-1.300000e+00	-4.000000e-01	4.200000e-01
1.538043e+02	-1.192356e+00	-5.042779e-01	3.086410e-01
6.787384e+01	-1.096068e+00	-6.279151e-01	2.876944e-01
2.084629e+01	-1.027346e+00	-7.353687e-01	3.179614e-01
1.583788e+01	-9.651554e-01	-8.344161e-01	3.481669e-01
3.695167e+01	-9.106905e-01	-9.207318e-01	3.832130e-01
5.486385e+01	-8.769494e-01	-9.635670e-01	4.268524e-01
7.180528e+01	-8.466472e-01	-9.954631e-01	4.661477e-01
8.745906e+01	-8.222567e-01	-1.022110e+00	5.057818e-01
8.952729e+01	-8.122804e-01	-1.021359e+00	5.491098e-01
9.029989e+01	-8.023380e-01	-1.017245e+00	5.856253e-01
8.820726e+01	-7.941100e-01	-1.006785e+00	6.149504e-01
7.924535e+01	-7.939895e-01	-9.799561e-01	6.357846e-01
7.154013e+01	-7.934582e-01	-9.534901e-01	6.525530e-01
6.548863e+01	-7.955669e-01	-9.284582e-01	6.693870e-01
5.866384e+01	-8.047117e-01	-9.001447e-01	6.796868e-01
5.178454e+01	-8.115452e-01	-8.688289e-01	6.836395e-01
4.679363e+01	-8.189224e-01	-8.400941e-01	6.871985e-01
4.206585e+01	-8.290967e-01	-8.118314e-01	6.837881e-01
3.859553e+01	-8.401557e-01	-7.850023e-01	6.793376e-01
3.583110e+01	-8.490136e-01	-7.593573e-01	6.712334e-01
3.345815e+01	-8.605754e-01	-7.362880e-01	6.582213e-01
3.159805e+01	-8.703154e-01	-7.145895e-01	6.420139e-01
3.034787e+01	-8.781618e-01	-6.964108e-01	6.247380e-01
2.863687e+01	-8.849302e-01	-6.838830e-01	6.021828e-01
2.737530e+01	-8.908149e-01	-6.736623e-01	5.797651e-01
2.652348e+01	-8.975309e-01	-6.655983e-01	5.585742e-01
2.453491e+01	-9.044705e-01	-6.654783e-01	5.353013e-01
2.285676e+01	-9.104402e-01	-6.666205e-01	5.134712e-01
2.141466e+01	-9.168583e-01	-6.688056e-01	4.934370e-01
1.891624e+01	-9.234303e-01	-6.777726e-01	4.737945e-01
1.694035e+01	-9.289104e-01	-6.866821e-01	4.553465e-01
1.494523e+01	-9.360949e-01	-6.967794e-01	4.400736e-01
1.250234e+01	-9.441832e-01	-7.108106e-01	4.277997e-01
1.052007e+01	-9.524818e-01	-7.244728e-01	4.179043e-01
8.974995e+00	-9.606328e-01	-7.382354e-01	4.098913e-01
7.719140e+00	-9.697040e-01	-7.533092e-01	4.061876e-01
7.241664e+00	-9.775914e-01	-7.673652e-01	4.031659e-01
7.399052e+00	-9.853553e-01	-7.797022e-01	4.015560e-01
8.053150e+00	-9.927026e-01	-7.899624e-01	4.018137e-01
9.051786e+00	-9.989861e-01	-7.991090e-01	4.018954e-01
1.017553e+01	-1.004499e+00	-8.063235e-01	4.020995e-01
1.086192e+01	-1.007944e+00	-8.091966e-01	4.030358e-01
1.113475e+01	-1.009828e+00	-8.106382e-01	4.016426e-01
1.140409e+01	-1.011831e+00	-8.115320e-01	4.009801e-01
1.097935e+01	-1.011573e+00	-8.087180e-01	4.002547e-01
1.056411e+01	-1.010890e+00	-8.062543e-01	3.991376e-01
9.943906e+00	-1.009758e+00	-8.020477e-01	3.975688e-01
8.935900e+00	-1.006621e+00	-7.935514e-01	3.963156e-01
8.269086e+00	-1.003317e+00	-7.862050e-01	3.951122e-01
7.873338e+00	-1.000352e+00	-7.795966e-01	3.938616e-01
7.649547e+00	-9.972597e-01	-7.730646e-01	3.943970e-01
7.560059e+00	-9.941064e-01	-7.668265e-01	3.958446e-01
7.589203e+00	-9.913794e-01	-7.612713e-01	3.972094e-01
7.646836e+00	-9.887734e-01	-7.568079e-01	3.998222e-01
7.708270e+00	-9.866497e-01	-7.534276e-01	4.029626e-01
7.768393e+00	-9.846514e-01	-7.506243e-01	4.068759e-01
7.748822e+00	-9.832735e-01	-7.500272e-01	4.122090e-01
7.773902e+00	-9.819313e-01	-7.497225e-01	4.179773e-01
7.806825e+00	-9.804559e-01	-7.498329e-01	4.222697e-01
7.802267e+00	-9.790711e-01	-7.513104e-01	4.259236e-01
7.770549e+00	-9.774834e-01	-7.533844e-01	4.285250e-01
7.754390e+00	-9.759203e-01	-7.553909e-01	4.307841e-01
7.628228e+00	-9.739543e-01	-7.586268e-01	4.305606e-01
7.560002e+00	-9.722304e-01	-7.615345e-01	4.308359e-01
7.502529e+00	-9.706452e-01	-7.642317e-01	4.306603e-01
7.388070e+00	-9.689725e-01	-7.672141e-01	4.282355e-01
7.315066e+00	-9.672919e-01	-7.700643e-01	4.259397e-01
7.301549e+00	-9.663945e-01	-7.723179e-01	4.248276e-01
7.300747e+00	-9.662328e-01	-7.741674e-01	4.237536e-01
7.300056e+00	-9.659721e-01	-7.760821e-01	4.222042e-01
7.314467e+00	-9.663509e-01	-7.770990e-01	4.217992e-01
7.320981e+00	-9.673088e-01	-7.774917e-01	4.214512e-01
7.331401e+00	-9.686884e-01	-7.772228e-01	4.217202e-01
7.346076e+00	-9.699347e-01	-7.770047e-01	4.219667e-01
7.354057e+00	-9.713534e-01	-7.761747e-01	4.222381e-01
7.385934e+00	-9.731476e-01	-7.750792e-01	4.230273e-01
7.396863e+00	-9.746262e-01	-7.739336e-01	4.230828e-01
7.373038e+00	-9.756225e-01	-7.727609e-01	4.222561e-01
7.381598e+00	-9.768964e-01	-7.711982e-01	4.222228e-01
7.377974e+00	-9.780631e-01	-7.697542e-01	4.216122e-01
7.357192e+00	-9.789742e-01	-7.684209e-01	4.203956e-01
7.367295e+00	-9.798312e-01	-7.670242e-01	4.200667e-01
7.353336e+00	-9.804642e-01	-7.658794e-01	4.188566e-01
7.320802e+00	-9.803943e-01	-7.652426e-01	4.174043e-01
7.317435e+00	-9.808097e-01	-7.644538e-01	4.164567e-01
7.309776e+00	-9.810980e-01	-7.640410e-01	4.154196e-01
7.332311e+00	-9.816626e-01	-7.636857e-01	4.157654e-01
7.337354e+00	-9.820678e-01	-7.635900e-01	4.154374e-01
7.323136e+00	-9.820778e-01	-7.639840e-01	4.148232e-01
7.283148e+00	-9.813733e-01	-7.651129e-01	4.139083e-01
7.252968e+00	-9.808646e-01	-7.663354e-01	4.130411e-01
7.250388e+00	-9.808460e-01	-7.671274e-01	4.131760e-01
7.257568e+00	-9.809659e-01	-7.682181e-01	4.136738e-01
7.296390e+00	-9.815178e-01	-7.687756e-01	4.151261e-01
7.312639e+00	-9.814728e-01	-7.695266e-01	4.158154e-01
7.313133e+00	-9.811575e-01	-7.700688e-01	4.160642e-01
7.301201e+00	-9.803986e-01	-7.707761e-01	4.161642e-01
7.316884e+00	-9.802431e-01	-7.711330e-01	4.168705e-01
7.358811e+00	-9.804018e-01	-7.706945e-01	4.184831e-01
7.387844e+00	-9.805178e-01	-7.703121e-01	4.194955e-01
7.382028e+00	-9.801082e-01	-7.703199e-01	4.197023e-01
