# loss | a0 ... a6
5.057446e+02	-7.500000e-01	-7.500000e-02	1.035000e+00	1.700000e+00	1.475000e+00	6.500000e-01
4.937182e+02	-6.500000e-01	-1.750000e-01	9.350000e-01	1.800000e+00	1.375000e+00	7.500000e-01
3.525733e+02	-7.359000e-01	-2.884519e-01	1.023328e+00	1.882523e+00	1.291196e+00	7.500179e-01
2.207574e+02	-8.414374e-01	-3.959588e-01	1.133170e+00	1.943691e+00	1.208117e+00	7.043362e-01
1.400830e+02	-9.414903e-01	-4.809371e-01	1.223241e+00	1.978312e+00	1.173879e+00	6.245041e-01
1.448219e+02	-1.033137e+00	-5.514458e-01	1.296535e+00	2.008845e+00	1.153895e+00	5.429674e-01
2.101173e+02	-1.107679e+00	-6.042528e-01	1.333631e+00	2.035928e+00	1.132936e+00	4.607118e-01
2.144374e+02	-1.111942e+00	-6.213565e-01	1.296992e+00	2.075369e+00	1.115538e+00	4.064316e-01
1.893208e+02	-1.094579e+00	-6.180655e-01	1.239578e+00	2.114760e+00	1.104539e+00	3.632166e-01
1.674658e+02	-1.077490e+00	-6.168641e-01	1.184493e+00	2.153560e+00	1.098495e+00	3.345664e-01
1.082262e+02	-1.038082e+00	-5.981890e-01	1.113316e+00	2.196007e+00	1.107928e+00	3.448730e-01
7.085274e+01	-1.001743e+00	-5.800296e-01	1.049820e+00	2.233861e+00	1.123981e+00	3.552475e-01
5.083816e+01	-9.629091e-01	-5.572752e-01	9.836284e-01	2.268109e+00	1.137641e+00	3.667044e-01
3.973655e+01	-9.302993e-01	-5.288448e-01	9.266236e-01	2.288287e+00	1.159104e+00	3.648092e-01
3.952182e+01	-9.021132e-01	-5.029348e-01	8.778509e-01	2.303977e+00	1.179718e+00	3.615893e-01
4.344841e+01	-8.773701e-01	-4.753265e-01	8.351881e-01	2.313896e+00	1.203873e+00	3.479187e-01
4.640531e+01	-8.656991e-01	-4.566272e-01	8.158419e-01	2.311596e+00	1.221748e+00	3.240127e-01
5.619648e+01	-8.562510e-01	-4.393897e-01	8.012745e-01	2.305877e+00	1.235612e+00	2.999451e-01
6.840364e+01	-8.500517e-01	-4.280046e-01	7.893316e-01	2.300578e+00	1.244062e+00	2.816123e-01
6.030408e+01	-8.518587e-01	-4.350358e-01	7.909905e-01	2.292748e+00	1.234570e+00	2.854525e-01
5.200550e+01	-8.535051e-01	-4.422914e-01	7.917136e-01	2.285647e+00	1.222668e+00	2.918717e-01
4.313331e+01	-8.565574e-01	-4.537249e-01	7.972229e-01	2.278324e+00	1.207332e+00	3.013417e-01
3.427886e+01	-8.663780e-01	-4.731766e-01	8.135053e-01	2.267220e+00	1.188313e+00	3.157738e-01
3.141726e+01	-8.750382e-01	-4.909937e-01	8.302462e-01	2.254921e+00	1.170527e+00	3.294819e-01
3.148192e+01	-8.867988e-01	-5.087305e-01	8.472020e-01	2.243193e+00	1.155415e+00	3.392523e-01
2.865290e+01	-9.049786e-01	-5.244403e-01	8.687141e-01	2.226467e+00	1.149675e+00	3.387857e-01
2.793531e+01	-9.218424e-01	-5.376144e-01	8.903215e-01	2.208888e+00	1.147377e+00	3.366481e-01
2.958555e+01	-9.386067e-01	-5.492064e-01	9.116874e-01	2.191666e+00	1.148905e+00	3.330045e-01
3.275488e+01	-9.534189e-01	-5.547683e-01	9.282488e-01	2.173033e+00	1.159138e+00	3.268070e-01
3.778609e+01	-9.647408e-01	-5.604144e-01	9.411385e-01	2.157377e+00	1.167678e+00	3.259954e-01
4.240623e+01	-9.738548e-01	-5.639382e-01	9.479498e-01	2.144017e+00	1.175503e+00	3.275173e-01
3.993018e+01	-9.747146e-01	-5.624555e-01	9.391339e-01	2.135320e+00	1.181532e+00	3.381826e-01
3.796948e+01	-9.746978e-01	-5.604951e-01	9.294990e-01	2.128899e+00	1.187751e+00	3.472986e-01
3.475951e+01	-9.714826e-01	-5.591749e-01	9.170066e-01	2.124026e+00	1.190255e+00	3.614022e-01
3.119196e+01	-9.640366e-01	-5.563440e-01	8.975486e-01	2.121239e+00	1.188313e+00	3.773128e-01
3.036567e+01	-9.565771e-01	-5.532901e-01	8.792303e-01	2.119233e+00	1.187449e+00	3.913955e-01
3.031301e+01	-9.488842e-01	-5.474043e-01	8.589024e-01	2.116428e+00	1.186849e+00	4.016345e-01
2.837635e+01	-9.438673e-01	-5.389728e-01	8.408307e-01	2.110238e+00	1.188803e+00	4.017147e-01
2.588484e+01	-9.392219e-01	-5.284226e-01	8.221404e-01	2.103251e+00	1.191538e+00	3.976695e-01
2.426199e+01	-9.360166e-01	-5.199403e-01	8.058547e-01	2.096891e+00	1.193240e+00	3.934153e-01
2.192624e+01	-9.362640e-01	-5.125595e-01	7.921796e-01	2.089098e+00	1.194114e+00	3.828946e-01
2.057302e+01	-9.372266e-01	-5.073781e-01	7.805217e-01	2.082745e+00	1.193844e+00	3.722935e-01
2.028963e+01	-9.386556e-01	-5.027513e-01	7.697285e-01	2.076414e+00	1.194261e+00	3.624657e-01
1.998023e+01	-9.423990e-01	-5.036639e-01	7.609674e-01	2.072814e+00	1.192500e+00	3.544269e-01
1.958713e+01	-9.448602e-01	-5.061044e-01	7.531328e-01	2.069689e+00	1.188861e+00	3.493554e-01
1.945893e+01	-9.485199e-01	-5.088621e-01	7.452558e-01	2.067772e+00	1.186651e+00	3.442061e-01
1.813839e+01	-9.528035e-01	-5.173234e-01	7.370419e-01	2.069551e+00	1.182879e+00	3.457923e-01
1.738070e+01	-9.565209e-01	-5.240529e-01	7.285053e-01	2.071307e+00	1.180463e+00	3.460920e-01
1.673089e+01	-9.604763e-01	-5.325956e-01	7.219803e-01	2.073524e+00	1.177523e+00	3.481580e-01
1.635940e+01	-9.647192e-01	-5.416604e-01	7.171887e-01	2.075984e+00	1.178386e+00	3.495157e-01
1.627192e+01	-9.698786e-01	-5.508842e-01	7.139640e-01	2.078221e+00	1.179250e+00	3.499929e-01
1.649004e+01	-9.738323e-01	-5.602557e-01	7.089058e-01	2.080952e+00	1.179264e+00	3.531690e-01
1.679957e+01	-9.774839e-01	-5.692988e-01	7.048546e-01	2.082627e+00	1.182480e+00	3.547200e-01
1.702545e+01	-9.803946e-01	-5.762223e-01	6.990991e-01	2.083813e+00	1.185025e+00	3.549903e-01
1.723017e+01	-9.830831e-01	-5.822946e-01	6.945320e-01	2.084203e+00	1.188730e+00	3.546535e-01
1.729072e+01	-9.853087e-01	-5.879714e-01	6.892616e-01	2.083184e+00	1.193043e+00	3.532190e-01
1.725068e+01	-9.867763e-01	-5.918606e-01	6.847991e-01	2.081506e+00	1.199341e+00	3.501735e-01
1.695153e+01	-9.869779e-01	-5.940668e-01	6.785605e-01	2.079115e+00	1.204009e+00	3.459674e-01
1.583903e+01	-9.833151e-01	-5.947617e-01	6.645833e-01	2.076130e+00	1.206499e+00	3.438501e-01
1.492749e+01	-9.806397e-01	-5.956424e-01	6.525708e-01	2.073144e+00	1.207947e+00	3.399244e-01
1.434577e+01	-9.782675e-01	-5.968314e-01	6.435128e-01	2.069714e+00	1.210356e+00	3.356217e-01
1.358568e+01	-9.745839e-01	-5.978714e-01	6.306770e-01	2.065996e+00	1.211492e+00	3.318021e-01
1.306419e+01	-9.722523e-01	-6.008339e-01	6.204401e-01	2.062651e+00	1.212802e+00	3.289037e-01
1.249727e+01	-9.690132e-01	-6.040557e-01	6.109210e-01	2.059201e+00	1.212921e+00	3.263236e-01
1.184337e+01	-9.672121e-01	-6.102380e-01	6.022524e-01	2.055477e+00	1.211882e+00	3.237265e-01
1.128086e+01	-9.644276e-01	-6.167638e-01	5.928679e-01	2.052737e+00	1.210000e+00	3.234632e-01
1.083853e+01	-9.619837e-01	-6.227849e-01	5.863184e-01	2.049407e+00	1.210165e+00	3.217776e-01
1.033512e+01	-9.598319e-01	-6.300471e-01	5.801890e-01	2.045555e+00	1.211171e+00	3.195875e-01
9.888445e+00	-9.584867e-01	-6.378898e-01	5.751440e-01	2.042405e+00	1.212082e+00	3.182641e-01
9.397305e+00	-9.577692e-01	-6.454688e-01	5.730325e-01	2.038892e+00	1.214565e+00	3.153922e-01
8.932057e+00	-9.568692e-01	-6.532834e-01	5.702011e-01	2.034774e+00	1.219633e+00	3.115845e-01
8.659804e+00	-9.557144e-01	-6.605961e-01	5.678558e-01	2.031132e+00	1.224039e+00	3.080757e-01
8.544265e+00	-9.558832e-01	-6.685940e-01	5.663066e-01	2.028535e+00	1.227563e+00	3.053407e-01
8.281616e+00	-9.558229e-01	-6.778994e-01	5.620859e-01	2.027611e+00	1.229924e+00	3.042036e-01
8.053572e+00	-9.559110e-01	-6.871945e-01	5.572680e-01	2.027112e+00	1.231457e+00	3.043953e-01
7.755426e+00	-9.553022e-01	-6.941899e-01	5.500523e-01	2.026226e+00	1.233604e+00	3.039590e-01
7.348271e+00	-9.545457e-01	-7.009548e-01	5.399994e-01	2.025306e+00	1.235790e+00	3.032375e-01
7.000301e+00	-9.535453e-01	-7.071303e-01	5.296899e-01	2.025151e+00	1.237411e+00	3.028350e-01
6.627323e+00	-9.523772e-01	-7.118018e-01	5.185716e-01	2.024814e+00	1.238634e+00	3.016391e-01
6.127490e+00	-9.518160e-01	-7.155616e-01	5.069527e-01	2.024682e+00	1.240063e+00	2.980836e-01
5.694230e+00	-9.510445e-01	-7.189377e-01	4.971123e-01	2.024040e+00	1.242370e+00	2.937846e-01
5.345022e+00	-9.507475e-01	-7.215994e-01	4.872344e-01	2.023251e+00	1.244135e+00	2.892555e-01
5.108776e+00	-9.510280e-01	-7.240711e-01	4.787534e-01	2.022235e+00	1.246394e+00	2.827900e-01
5.040007e+00	-9.510217e-01	-7.263278e-01	4.690653e-01	2.022390e+00	1.247666e+00	2.784073e-01
5.022255e+00	-9.521177e-01	-7.295367e-01	4.616943e-01	2.022418e+00	1.248784e+00	2.744744e-01
4.863024e+00	-9.539883e-01	-7.340906e-01	4.552803e-01	2.023753e+00	1.248647e+00	2.731220e-01
4.734079e+00	-9.563214e-01	-7.383582e-01	4.503716e-01	2.025572e+00	1.249039e+00	2.721117e-01
4.630927e+00	-9.584601e-01	-7.429203e-01	4.457110e-01	2.027306e+00	1.249063e+00	2.718561e-01
4.562685e+00	-9.611046e-01	-7.483757e-01	4.431166e-01	2.029575e+00	1.249069e+00	2.725038e-01
4.598848e+00	-9.637440e-01	-7.528935e-01	4.413363e-01	2.032252e+00	1.248655e+00	2.732965e-01
4.688320e+00	-9.662371e-01	-7.566299e-01	4.393051e-01	2.034349e+00	1.249066e+00	2.737304e-01
4.626864e+00	-9.686893e-01	-7.582076e-01	4.397899e-01	2.035796e+00	1.251151e+00	2.713906e-01
4.659557e+00	-9.707995e-01	-7.592265e-01	4.401005e-01	2.037179e+00	1.253057e+00	2.694805e-01
4.714929e+00	-9.725589e-01	-7.603582e-01	4.390396e-01	2.038792e+00	1.254138e+00	2.685197e-01
4.663706e+00	-9.733183e-01	-7.591678e-01	4.357390e-01	2.040286e+00	1.254574e+00	2.676575e-01
4.633271e+00	-9.742665e-01	-7.584110e-01	4.328265e-01	2.042370e+00	1.254336e+00	2.672031e-01
4.627491e+00	-9.746545e-01	-7.576694e-01	4.296601e-01	2.043921e+00	1.254325e+00	2.675211e-01
4.633223e+00	-9.750488e-01	-7.556835e-01	4.276023e-01	2.045103e+00	1.254110e+00	2.679099e-01
4.674233e+00	-9.749647e-01	-7.537703e-01	4.254341e-01	2.046424e+00	1.253564e+00	2.685666e-01
4.711142e+00	-9.748168e-01	-7.525546e-01	4.240852e-01	2.047321e+00	1.253235e+00	2.686257e-01
4.663931e+00	-9.748623e-01	-7.514763e-01	4.259384e-01	2.047891e+00	1.252968e+00	2.681172e-01
4.620720e+00	-9.749437e-01	-7.498936e-01	4.288906e-01	2.048149e+00	1.253407e+00	2.665957e-01
4.614623e+00	-9.748936e-01	-7.490732e-01	4.316947e-01	2.048162e+00	1.253324e+00	2.656068e-01
4.561331e+00	-9.741507e-01	-7.491179e-01	4.338275e-01	2.048243e+00	1.251946e+00	2.666520e-01
4.533389e+00	-9.734622e-01	-7.489089e-01	4.356057e-01	2.048140e+00	1.250677e+00	2.670824e-01
4.521623e+00	-9.731520e-01	-7.487554e-01	4.384943e-01	2.048153e+00	1.250039e+00	2.679861e-01
4.520999e+00	-9.726376e-01	-7.483430e-01	4.416238e-01	2.047754e+00	1.249769e+00	2.685099e-01
4.534591e+00	-9.719133e-01	-7.482631e-01	4.438965e-01	2.047976e+00	1.249417e+00	2.703894e-01
4.555136e+00	-9.711835e-01	-7.478491e-01	4.457795e-01	2.047701e+00	1.249077e+00	2.717954e-01
4.562006e+00	-9.698953e-01	-7.469590e-01	4.475353e-01	2.046962e+00	1.249781e+00	2.726726e-01
4.571239e+00	-9.693579e-01	-7.460788e-01	4.499723e-01	2.045995e+00	1.249940e+00	2.730768e-01
4.563849e+00	-9.683413e-01	-7.449306e-01	4.507412e-01	2.045131e+00	1.250082e+00	2.734291e-01
4.534587e+00	-9.673805e-01	-7.430079e-01	4.513684e-01	2.043969e+00	1.249472e+00	2.730283e-01
4.530527e+00	-9.670059e-01	-7.416105e-01	4.514288e-01	2.043004e+00	1.248967e+00	2.734556e-01
4.527832e+00	-9.659573e-01	-7.405050e-01	4.513638e-01	2.041865e+00	1.249059e+00	2.733398e-01
4.530342e+00	-9.647264e-01	-7.399065e-01	4.514724e-01	2.040387e+00	1.249239e+00	2.731743e-01
4.537939e+00	-9.632700e-01	-7.391058e-01	4.505977e-01	2.039366e+00	1.248889e+00	2.729825e-01
4.542394e+00	-9.629312e-01	-7.389374e-01	4.511346e-01	2.038485e+00	1.248922e+00	2.731944e-01
4.532512e+00	-9.632158e-01	-7.399769e-01	4.526874e-01	2.038645e+00	1.248340e+00	2.742364e-01
4.543296e+00	-9.638656e-01	-7.409216e-01	4.549042e-01	2.038498e+00	1.248801e+00	2.746362e-01
4.555316e+00	-9.640394e-01	-7.413607e-01	4.556646e-01	2.037907e+00	1.248838e+00	2.751546e-01
4.563814e+00	-9.636348e-01	-7.418026e-01	4.556112e-01	2.038171e+00	1.248378e+00	2.757918e-01
4.572966e+00	-9.636388e-01	-7.417765e-01	4.549725e-01	2.038081e+00	1.247846e+00	2.763280e-01
4.571166e+00	-9.640419e-01	-7.420192e-01	4.553380e-01	2.037515e+00	1.248127e+00	2.762304e-01
4.557016e+00	-9.642681e-01	-7.419964e-01	4.560242e-01	2.036101e+00	1.249066e+00	2.747864e-01
4.578836e+00	-9.652547e-01	-7.421182e-01	4.570396e-01	2.035642e+00	1.249317e+00	2.735720e-01
4.594728e+00	-9.656429e-01	-7.419792e-01	4.567091e-01	2.035321e+00	1.249907e+00	2.731552e-01
4.545525e+00	-9.656449e-01	-7.416100e-01	4.540419e-01	2.035745e+00	1.249452e+00	2.738942e-01
4.535744e+00	-9.658394e-01	-7.418848e-01	4.508862e-01	2.036512e+00	1.248586e+00	2.752066e-01
4.560097e+00	-9.659529e-01	-7.416795e-01	4.490298e-01	2.036784e+00	1.248681e+00	2.758938e-01
4.565951e+00	-9.660458e-01	-7.413511e-01	4.486966e-01	2.036764e+00	1.249408e+00	2.758734e-01
4.557326e+00	-9.663296e-01	-7.409390e-01	4.495691e-01	2.036280e+00	1.250533e+00	2.749080e-01
4.558348e+00	-9.668325e-01	-7.409499e-01	4.495984e-01	2.036399e+00	1.251000e+00	2.741783e-01
4.568277e+00	-9.676011e-01	-7.415838e-01	4.509657e-01	2.036733e+00	1.251270e+00	2.732100e-01
4.587307e+00	-9.684333e-01	-7.418578e-01	4.513420e-01	2.036471e+00	1.251282e+00	2.720968e-01
4.555141e+00	-9.687269e-01	-7.424531e-01	4.506073e-01	2.037029e+00	1.250693e+00	2.727346e-01
4.548510e+00	-9.688795e-01	-7.434633e-01	4.480562e-01	2.038260e+00	1.248889e+00	2.751253e-01
4.617253e+00	-9.693249e-01	-7.444224e-01	4.458559e-01	2.039002e+00	1.247464e+00	2.763040e-01
4.729604e+00	-9.692216e-01	-7.449704e-01	4.444717e-01	2.039698e+00	1.246501e+00	2.775581e-01
4.544635e+00	-9.692301e-01	-7.442234e-01	4.452598e-01	2.039494e+00	1.247975e+00	2.744502e-01
4.505716e+00	-9.697964e-01	-7.437574e-01	4.473624e-01	2.039469e+00	1.249191e+00	2.715228e-01
4.565458e+00	-9.698020e-01	-7.435922e-01	4.488689e-01	2.039022e+00	1.250426e+00	2.697353e-01
4.526095e+00	-9.693482e-01	-7.445888e-01	4.486604e-01	2.039224e+00	1.250282e+00	2.715916e-01
4.520950e+00	-9.689656e-01	-7.449545e-01	4.482469e-01	2.039218e+00	1.249943e+00	2.730567e-01
4.527755e+00	-9.684341e-01	-7.449990e-01	4.472071e-01	2.039515e+00	1.250051e+00	2.737804e-01
