# loss | a0 ... a6
5.851300e+02	-6.000000e-01	-3.750000e-01	3.200000e-01	2.800000e+00	1.325000e+00	1.250000e-01
3.114192e+02	-7.000000e-01	-4.750000e-01	4.200000e-01	2.700000e+00	1.225000e+00	2.250000e-01
2.477417e+02	-8.227855e-01	-5.884077e-01	5.521212e-01	2.580078e+00	1.126579e+00	3.144692e-01
2.704286e+02	-9.484506e-01	-6.828760e-01	6.862612e-01	2.454638e+00	1.061114e+00	3.811020e-01
1.725816e+02	-1.060557e+00	-6.812888e-01	8.029456e-01	2.354541e+00	1.085321e+00	3.815212e-01
1.748936e+02	-1.155683e+00	-6.679261e-01	9.061170e-01	2.255357e+00	1.111028e+00	3.788179e-01
2.212670e+02	-1.210647e+00	-6.420056e-01	9.885425e-01	2.162328e+00	1.139068e+00	3.741099e-01
1.751926e+02	-1.178582e+00	-5.924492e-01	9.994642e-01	2.094021e+00	1.158252e+00	3.774046e-01
1.364906e+02	-1.140667e+00	-5.445290e-01	9.990719e-01	2.037520e+00	1.173962e+00	3.836148e-01
1.026449e+02	-1.094330e+00	-4.993635e-01	9.924249e-01	1.988748e+00	1.183744e+00	3.935631e-01
6.055941e+01	-1.033928e+00	-4.599545e-01	9.619046e-01	1.971873e+00	1.179407e+00	4.114755e-01
4.412111e+01	-9.754442e-01	-4.241435e-01	9.304247e-01	1.959681e+00	1.173799e+00	4.297719e-01
5.012308e+01	-9.222934e-01	-3.933978e-01	9.010529e-01	1.951827e+00	1.168864e+00	4.466297e-01
6.667105e+01	-8.814584e-01	-3.740274e-01	8.707249e-01	1.957813e+00	1.163621e+00	4.595255e-01
8.825035e+01	-8.503017e-01	-3.598760e-01	8.456028e-01	1.963999e+00	1.160083e+00	4.697382e-01
1.109072e+02	-8.249475e-01	-3.459485e-01	8.233255e-01	1.969053e+00	1.159786e+00	4.762126e-01
1.092583e+02	-8.259807e-01	-3.451752e-01	8.127547e-01	1.976528e+00	1.166557e+00	4.734847e-01
1.064588e+02	-8.284479e-01	-3.448392e-01	8.022514e-01	1.985673e+00	1.173500e+00	4.694855e-01
9.898189e+01	-8.360988e-01	-3.456011e-01	7.965718e-01	1.990733e+00	1.182350e+00	4.629070e-01
7.976818e+01	-8.586906e-01	-3.570495e-01	7.998574e-01	1.997942e+00	1.193116e+00	4.508662e-01
6.417315e+01	-8.821977e-01	-3.702820e-01	8.038311e-01	2.006654e+00	1.202573e+00	4.385776e-01
5.412618e+01	-9.035300e-01	-3.821833e-01	8.078330e-01	2.014103e+00	1.211127e+00	4.270838e-01
4.511560e+01	-9.252594e-01	-3.988682e-01	8.124950e-01	2.024285e+00	1.214007e+00	4.158608e-01
3.981345e+01	-9.448938e-01	-4.142161e-01	8.159456e-01	2.034946e+00	1.216583e+00	4.053622e-01
3.584213e+01	-9.644538e-01	-4.325974e-01	8.195048e-01	2.048037e+00	1.216908e+00	3.967152e-01
3.014769e+01	-9.770749e-01	-4.546733e-01	8.176142e-01	2.067014e+00	1.209791e+00	3.931657e-01
2.679090e+01	-9.886971e-01	-4.749047e-01	8.154029e-01	2.084260e+00	1.202523e+00	3.893149e-01
2.540531e+01	-9.990607e-01	-4.940279e-01	8.135669e-01	2.100066e+00	1.195305e+00	3.859136e-01
2.412211e+01	-1.003626e+00	-5.104805e-01	8.047317e-01	2.116734e+00	1.184811e+00	3.840917e-01
2.466952e+01	-1.006230e+00	-5.256215e-01	7.960376e-01	2.131878e+00	1.174674e+00	3.833640e-01
2.657732e+01	-1.008257e+00	-5.385719e-01	7.890374e-01	2.144366e+00	1.166585e+00	3.820222e-01
2.730559e+01	-1.006448e+00	-5.451413e-01	7.802460e-01	2.151320e+00	1.161384e+00	3.790600e-01
2.805864e+01	-1.004803e+00	-5.506760e-01	7.729669e-01	2.156640e+00	1.157392e+00	3.759192e-01
2.796259e+01	-1.002689e+00	-5.529503e-01	7.640068e-01	2.160516e+00	1.155177e+00	3.722341e-01
2.546434e+01	-9.966634e-01	-5.475431e-01	7.504142e-01	2.159898e+00	1.156403e+00	3.672994e-01
2.321020e+01	-9.915054e-01	-5.423586e-01	7.393740e-01	2.158213e+00	1.158747e+00	3.616429e-01
2.096887e+01	-9.880837e-01	-5.369467e-01	7.317793e-01	2.153814e+00	1.163376e+00	3.553285e-01
1.883272e+01	-9.832439e-01	-5.290084e-01	7.259687e-01	2.144255e+00	1.171628e+00	3.478548e-01
1.822590e+01	-9.791537e-01	-5.235957e-01	7.215935e-01	2.135469e+00	1.178931e+00	3.416441e-01
1.860411e+01	-9.747638e-01	-5.177107e-01	7.154667e-01	2.127937e+00	1.185360e+00	3.363590e-01
1.908764e+01	-9.687525e-01	-5.144403e-01	7.086147e-01	2.121088e+00	1.189720e+00	3.334178e-01
1.942673e+01	-9.616755e-01	-5.127269e-01	7.017920e-01	2.115177e+00	1.192754e+00	3.325081e-01
1.989439e+01	-9.559339e-01	-5.122306e-01	6.961879e-01	2.109311e+00	1.196046e+00	3.316009e-01
1.920527e+01	-9.511534e-01	-5.179190e-01	6.923800e-01	2.104310e+00	1.197355e+00	3.336324e-01
1.873668e+01	-9.458943e-01	-5.229121e-01	6.883386e-01	2.099803e+00	1.198498e+00	3.357584e-01
1.838253e+01	-9.399599e-01	-5.278992e-01	6.836316e-01	2.096192e+00	1.198306e+00	3.383190e-01
1.778655e+01	-9.360059e-01	-5.359955e-01	6.807359e-01	2.092457e+00	1.197836e+00	3.412639e-01
1.729590e+01	-9.336701e-01	-5.441496e-01	6.781420e-01	2.089396e+00	1.196978e+00	3.435445e-01
1.716450e+01	-9.301336e-01	-5.520208e-01	6.758976e-01	2.086092e+00	1.196300e+00	3.461877e-01
1.684164e+01	-9.284423e-01	-5.621259e-01	6.750740e-01	2.081995e+00	1.195525e+00	3.482541e-01
1.641891e+01	-9.273335e-01	-5.702780e-01	6.757513e-01	2.076686e+00	1.196942e+00	3.488338e-01
1.605377e+01	-9.271234e-01	-5.780278e-01	6.759266e-01	2.072236e+00	1.198138e+00	3.492169e-01
1.528674e+01	-9.303054e-01	-5.871135e-01	6.776834e-01	2.066653e+00	1.200617e+00	3.482708e-01
1.476357e+01	-9.325835e-01	-5.936735e-01	6.781627e-01	2.060670e+00	1.204289e+00	3.467366e-01
1.443279e+01	-9.342369e-01	-5.997629e-01	6.784336e-01	2.055586e+00	1.206980e+00	3.449101e-01
1.409674e+01	-9.356440e-01	-6.040615e-01	6.766914e-01	2.049705e+00	1.210205e+00	3.414782e-01
1.389069e+01	-9.361574e-01	-6.070845e-01	6.732410e-01	2.045094e+00	1.212912e+00	3.384987e-01
1.377752e+01	-9.372246e-01	-6.119238e-01	6.704229e-01	2.041188e+00	1.215020e+00	3.366389e-01
1.343592e+01	-9.369234e-01	-6.160133e-01	6.638026e-01	2.038448e+00	1.216246e+00	3.346955e-01
1.308807e+01	-9.359620e-01	-6.202430e-01	6.573906e-01	2.036130e+00	1.216923e+00	3.336299e-01
1.272455e+01	-9.357063e-01	-6.244510e-01	6.505473e-01	2.034445e+00	1.217387e+00	3.327761e-01
1.218017e+01	-9.347111e-01	-6.288132e-01	6.399181e-01	2.034170e+00	1.216214e+00	3.323223e-01
1.179925e+01	-9.344505e-01	-6.331713e-01	6.310200e-01	2.033354e+00	1.215880e+00	3.316014e-01
1.149984e+01	-9.336456e-01	-6.365456e-01	6.219443e-01	2.032853e+00	1.215979e+00	3.308841e-01
1.115925e+01	-9.347656e-01	-6.411432e-01	6.129190e-01	2.032520e+00	1.216648e+00	3.298023e-01
1.082309e+01	-9.351704e-01	-6.446801e-01	6.038566e-01	2.032299e+00	1.217056e+00	3.282134e-01
1.051059e+01	-9.349863e-01	-6.470762e-01	5.949032e-01	2.031602e+00	1.218270e+00	3.263835e-01
1.006320e+01	-9.351957e-01	-6.487983e-01	5.857196e-01	2.029584e+00	1.220781e+00	3.230419e-01
9.730282e+00	-9.353133e-01	-6.506578e-01	5.765638e-01	2.027799e+00	1.222908e+00	3.202371e-01
9.401699e+00	-9.363303e-01	-6.531098e-01	5.689821e-01	2.026868e+00	1.225095e+00	3.174949e-01
9.004423e+00	-9.381473e-01	-6.571084e-01	5.618668e-01	2.025551e+00	1.228206e+00	3.142858e-01
8.643171e+00	-9.400848e-01	-6.610419e-01	5.548907e-01	2.024239e+00	1.230564e+00	3.112450e-01
8.342391e+00	-9.418043e-01	-6.647122e-01	5.483886e-01	2.023778e+00	1.232570e+00	3.087137e-01
7.970091e+00	-9.436591e-01	-6.696694e-01	5.414006e-01	2.024462e+00	1.233988e+00	3.065899e-01
7.666020e+00	-9.448685e-01	-6.738883e-01	5.348349e-01	2.024564e+00	1.235602e+00	3.042408e-01
7.305684e+00	-9.466711e-01	-6.792691e-01	5.284629e-01	2.024877e+00	1.236635e+00	3.026676e-01
6.879774e+00	-9.488010e-01	-6.861010e-01	5.216620e-01	2.025451e+00	1.236885e+00	3.012241e-01
6.548088e+00	-9.501279e-01	-6.924201e-01	5.148786e-01	2.025625e+00	1.237473e+00	2.999127e-01
6.279504e+00	-9.519269e-01	-6.985106e-01	5.088597e-01	2.026287e+00	1.238038e+00	2.988386e-01
6.034654e+00	-9.539411e-01	-7.057165e-01	5.027568e-01	2.027288e+00	1.238284e+00	2.976416e-01
5.829857e+00	-9.564019e-01	-7.122096e-01	4.980212e-01	2.027694e+00	1.239361e+00	2.960063e-01
5.656783e+00	-9.582115e-01	-7.174246e-01	4.926331e-01	2.027885e+00	1.240522e+00	2.943425e-01
5.451905e+00	-9.598926e-01	-7.223180e-01	4.866503e-01	2.027680e+00	1.242231e+00	2.920889e-01
5.240099e+00	-9.618210e-01	-7.264705e-01	4.813382e-01	2.027461e+00	1.244088e+00	2.892302e-01
5.092109e+00	-9.633777e-01	-7.300486e-01	4.763335e-01	2.027192e+00	1.245923e+00	2.869122e-01
4.946479e+00	-9.646174e-01	-7.329803e-01	4.705056e-01	2.026644e+00	1.248307e+00	2.841339e-01
4.834339e+00	-9.654827e-01	-7.353423e-01	4.644307e-01	2.026623e+00	1.250189e+00	2.816474e-01
4.764717e+00	-9.665984e-01	-7.378978e-01	4.591077e-01	2.026643e+00	1.251541e+00	2.796986e-01
4.694820e+00	-9.675118e-01	-7.410041e-01	4.532511e-01	2.026988e+00	1.252198e+00	2.783036e-01
4.639230e+00	-9.684469e-01	-7.439255e-01	4.479031e-01	2.027856e+00	1.252503e+00	2.767813e-01
4.622878e+00	-9.694132e-01	-7.460074e-01	4.430232e-01	2.028486e+00	1.253031e+00	2.756473e-01
4.616982e+00	-9.706588e-01	-7.475984e-01	4.384202e-01	2.030214e+00	1.252790e+00	2.748399e-01
4.637973e+00	-9.717785e-01	-7.489338e-01	4.346814e-01	2.031584e+00	1.253273e+00	2.740538e-01
4.655310e+00	-9.729257e-01	-7.507645e-01	4.316696e-01	2.032374e+00	1.253456e+00	2.732372e-01
4.646087e+00	-9.744548e-01	-7.522906e-01	4.304678e-01	2.032927e+00	1.253870e+00	2.719543e-01
4.646832e+00	-9.756916e-01	-7.542481e-01	4.296184e-01	2.033246e+00	1.254056e+00	2.707474e-01
4.664290e+00	-9.771133e-01	-7.555438e-01	4.289570e-01	2.034122e+00	1.254238e+00	2.700533e-01
4.684861e+00	-9.787555e-01	-7.559700e-01	4.290611e-01	2.035166e+00	1.254351e+00	2.696002e-01
4.715460e+00	-9.804355e-01	-7.564998e-01	4.293071e-01	2.036906e+00	1.254191e+00	2.695110e-01
4.744604e+00	-9.814965e-01	-7.572272e-01	4.295750e-01	2.037812e+00	1.254123e+00	2.691951e-01
4.766519e+00	-9.824576e-01	-7.572402e-01	4.302237e-01	2.038302e+00	1.253775e+00	2.691912e-01
4.800994e+00	-9.834926e-01	-7.572896e-01	4.310828e-01	2.039324e+00	1.253534e+00	2.692731e-01
4.806645e+00	-9.838165e-01	-7.571909e-01	4.310232e-01	2.040236e+00	1.253287e+00	2.693621e-01
4.795949e+00	-9.837409e-01	-7.566076e-01	4.307364e-01	2.041354e+00	1.252819e+00	2.698401e-01
4.802959e+00	-9.839485e-01	-7.559079e-01	4.309301e-01	2.042622e+00	1.252300e+00	2.703738e-01
4.783952e+00	-9.835511e-01	-7.550850e-01	4.306019e-01	2.043147e+00	1.252157e+00	2.705706e-01
4.729095e+00	-9.824515e-01	-7.537940e-01	4.304236e-01	2.043095e+00	1.252446e+00	2.701470e-01
4.697339e+00	-9.818988e-01	-7.524504e-01	4.308787e-01	2.043241e+00	1.252567e+00	2.697337e-01
4.680451e+00	-9.812488e-01	-7.513459e-01	4.310882e-01	2.043247e+00	1.252758e+00	2.697961e-01
4.670689e+00	-9.808064e-01	-7.499881e-01	4.321024e-01	2.043170e+00	1.253015e+00	2.697740e-01
4.658528e+00	-9.802755e-01	-7.488518e-01	4.330238e-01	2.042461e+00	1.253067e+00	2.696187e-01
4.648861e+00	-9.795058e-01	-7.482427e-01	4.336588e-01	2.042321e+00	1.253143e+00	2.699787e-01
4.630516e+00	-9.786966e-01	-7.479163e-01	4.340357e-01	2.041635e+00	1.252637e+00	2.707176e-01
4.626478e+00	-9.777866e-01	-7.481004e-01	4.345904e-01	2.041286e+00	1.252229e+00	2.718241e-01
4.625315e+00	-9.770917e-01	-7.480297e-01	4.356111e-01	2.041160e+00	1.252117e+00	2.724341e-01
4.621734e+00	-9.766100e-01	-7.482315e-01	4.370561e-01	2.040273e+00	1.252044e+00	2.729089e-01
4.636118e+00	-9.761638e-01	-7.484617e-01	4.382118e-01	2.040005e+00	1.251897e+00	2.737293e-01
4.635670e+00	-9.756910e-01	-7.484458e-01	4.397401e-01	2.039646e+00	1.251966e+00	2.739922e-01
4.627401e+00	-9.750407e-01	-7.480317e-01	4.409403e-01	2.038521e+00	1.252548e+00	2.739078e-01
4.618742e+00	-9.742420e-01	-7.474929e-01	4.422523e-01	2.037317e+00	1.252914e+00	2.737380e-01
4.623908e+00	-9.739487e-01	-7.474445e-01	4.435647e-01	2.037018e+00	1.252888e+00	2.738706e-01
4.630559e+00	-9.732905e-01	-7.472118e-01	4.435125e-01	2.036912e+00	1.252868e+00	2.746770e-01
4.645053e+00	-9.733823e-01	-7.470214e-01	4.440152e-01	2.036628e+00	1.252685e+00	2.752770e-01
4.639389e+00	-9.730852e-01	-7.469239e-01	4.446557e-01	2.036466e+00	1.252351e+00	2.753986e-01
4.647139e+00	-9.731736e-01	-7.468898e-01	4.447072e-01	2.036611e+00	1.251875e+00	2.758566e-01
4.636483e+00	-9.730785e-01	-7.462935e-01	4.453645e-01	2.036063e+00	1.252059e+00	2.755672e-01
4.622840e+00	-9.728085e-01	-7.460157e-01	4.455928e-01	2.035905e+00	1.251701e+00	2.754981e-01
4.614720e+00	-9.728355e-01	-7.455189e-01	4.458186e-01	2.035318e+00	1.251938e+00	2.750756e-01
4.612384e+00	-9.730273e-01	-7.445804e-01	4.460637e-01	2.035021e+00	1.252027e+00	2.747691e-01
4.595250e+00	-9.727050e-01	-7.444087e-01	4.457437e-01	2.035054e+00	1.251521e+00	2.748125e-01
4.585906e+00	-9.724651e-01	-7.438244e-01	4.447279e-01	2.035779e+00	1.250832e+00	2.751576e-01
4.567192e+00	-9.716942e-01	-7.434118e-01	4.440821e-01	2.035573e+00	1.250481e+00	2.748379e-01
4.567372e+00	-9.715781e-01	-7.436231e-01	4.437160e-01	2.035707e+00	1.250033e+00	2.750173e-01
4.563619e+00	-9.718067e-01	-7.442477e-01	4.436916e-01	2.035521e+00	1.250256e+00	2.747800e-01
4.564302e+00	-9.722975e-01	-7.443478e-01	4.442351e-01	2.035118e+00	1.250377e+00	2.746301e-01
4.567108e+00	-9.724715e-01	-7.447711e-01	4.445169e-01	2.035289e+00	1.250267e+00	2.746930e-01
4.577762e+00	-9.731935e-01	-7.448491e-01	4.456163e-01	2.035011e+00	1.250734e+00	2.742682e-01
4.596398e+00	-9.735195e-01	-7.454361e-01	4.466019e-01	2.034733e+00	1.251239e+00	2.738269e-01
4.597985e+00	-9.736087e-01	-7.458889e-01	4.463669e-01	2.035154e+00	1.251077e+00	2.741558e-01
4.604279e+00	-9.739988e-01	-7.459931e-01	4.460926e-01	2.035915e+00	1.250615e+00	2.746332e-01
4.618794e+00	-9.736841e-01	-7.464139e-01	4.454629e-01	2.036662e+00	1.250359e+00	2.754361e-01
4.632172e+00	-9.735328e-01	-7.466768e-01	4.444876e-01	2.037083e+00	1.250234e+00	2.758645e-01
4.629857e+00	-9.734325e-01	-7.466534e-01	4.437773e-01	2.037699e+00	1.250495e+00	2.757261e-01
4.626061e+00	-9.731335e-01	-7.467184e-01	4.429801e-01	2.037858e+00	1.250923e+00	2.755774e-01
4.621590e+00	-9.731625e-01	-7.465176e-01	4.425873e-01	2.037771e+00	1.251280e+00	2.753903e-01
4.622846e+00	-9.738151e-01	-7.459443e-01	4.426822e-01	2.037764e+00	1.251721e+00	2.751314e-01
4.637389e+00	-9.744005e-01	-7.457938e-01	4.424521e-01	2.038322e+00	1.251845e+00	2.752313e-01
4.628495e+00	-9.744796e-01	-7.455573e-01	4.425887e-01	2.037865e+00	1.252349e+00	2.746726e-01
4.645538e+00	-9.747894e-01	-7.454376e-01	4.425834e-01	2.037767e+00	1.253215e+00	2.743353e-01
4.654100e+00	-9.743842e-01	-7.457399e-01	4.424372e-01	2.037272e+00	1.253963e+00	2.740280e-01
4.646019e+00	-9.743982e-01	-7.457691e-01	4.424289e-01	2.036884e+00	1.253884e+00	2.737198e-01
