# loss | a0 ... a6
1.316920e+03	-7.000000e-01	-1.425000e+00	9.800000e-01	2.600000e+00	1.700000e+00	6.125000e-01
8.923575e+02	-6.000000e-01	-1.325000e+00	1.080000e+00	2.500000e+00	1.600000e+00	5.125000e-01
5.264634e+02	-5.446628e-01	-1.223322e+00	1.188481e+00	2.390429e+00	1.483053e+00	4.041276e-01
2.823141e+02	-5.120648e-01	-1.112072e+00	1.274144e+00	2.285208e+00	1.360173e+00	2.978670e-01
1.800621e+02	-5.835820e-01	-1.017023e+00	1.338756e+00	2.203870e+00	1.254330e+00	2.047773e-01
3.410109e+02	-6.584738e-01	-9.205561e-01	1.391479e+00	2.129348e+00	1.158148e+00	1.204221e-01
4.630256e+02	-7.264350e-01	-8.371980e-01	1.418774e+00	2.066055e+00	1.073922e+00	1.083767e-01
3.249879e+02	-7.441961e-01	-7.799018e-01	1.377782e+00	2.031468e+00	1.033011e+00	1.643760e-01
2.696269e+02	-7.489378e-01	-7.223393e-01	1.329360e+00	2.002138e+00	1.001325e+00	2.182023e-01
2.334522e+02	-7.485415e-01	-6.678493e-01	1.270509e+00	1.981755e+00	9.921874e-01	2.719253e-01
1.826186e+02	-7.484398e-01	-6.141102e-01	1.200837e+00	1.973064e+00	1.017510e+00	3.229235e-01
1.402725e+02	-7.632639e-01	-5.617141e-01	1.140507e+00	1.962991e+00	1.051338e+00	3.683861e-01
1.083477e+02	-7.870595e-01	-5.162766e-01	1.078603e+00	1.957729e+00	1.087548e+00	4.095686e-01
7.793288e+01	-8.274741e-01	-4.785951e-01	1.016407e+00	1.958902e+00	1.131035e+00	4.428503e-01
6.267272e+01	-8.738852e-01	-4.439012e-01	9.652865e-01	1.957795e+00	1.172118e+00	4.712354e-01
6.230045e+01	-9.211344e-01	-4.157285e-01	9.152132e-01	1.958241e+00	1.209962e+00	4.966368e-01
6.968180e+01	-9.736275e-01	-4.000723e-01	8.703623e-01	1.959945e+00	1.239488e+00	5.159401e-01
8.358362e+01	-1.018898e+00	-3.874728e-01	8.237555e-01	1.963502e+00	1.263485e+00	5.326730e-01
9.890047e+01	-1.063691e+00	-3.826787e-01	7.867229e-01	1.965282e+00	1.281154e+00	5.470073e-01
1.029919e+02	-1.100145e+00	-3.895018e-01	7.547674e-01	1.965170e+00	1.282622e+00	5.570783e-01
1.044860e+02	-1.132393e+00	-4.005079e-01	7.185998e-01	1.967599e+00	1.281225e+00	5.657020e-01
1.034733e+02	-1.159515e+00	-4.131983e-01	6.889323e-01	1.967876e+00	1.275916e+00	5.732997e-01
9.180720e+01	-1.175935e+00	-4.321659e-01	6.619864e-01	1.964259e+00	1.256780e+00	5.772252e-01
8.181137e+01	-1.186890e+00	-4.512339e-01	6.338355e-01	1.961119e+00	1.235890e+00	5.804888e-01
7.659630e+01	-1.195976e+00	-4.653424e-01	6.120436e-01	1.957588e+00	1.217920e+00	5.833115e-01
7.156401e+01	-1.199348e+00	-4.775834e-01	5.959734e-01	1.952028e+00	1.195595e+00	5.836336e-01
6.872489e+01	-1.198412e+00	-4.859593e-01	5.853813e-01	1.944833e+00	1.173277e+00	5.834885e-01
6.905801e+01	-1.197423e+00	-4.940641e-01	5.751718e-01	1.938364e+00	1.151878e+00	5.828406e-01
6.866010e+01	-1.196101e+00	-4.977049e-01	5.782798e-01	1.929330e+00	1.130188e+00	5.802026e-01
6.810138e+01	-1.196939e+00	-4.973779e-01	5.866147e-01	1.920416e+00	1.111950e+00	5.770421e-01
6.770738e+01	-1.194758e+00	-4.933354e-01	5.967100e-01	1.911465e+00	1.095110e+00	5.737991e-01
6.319385e+01	-1.194902e+00	-4.772642e-01	6.168872e-01	1.901361e+00	1.084210e+00	5.691143e-01
6.170125e+01	-1.191980e+00	-4.650093e-01	6.303321e-01	1.894607e+00	1.073577e+00	5.648821e-01
6.057493e+01	-1.190214e+00	-4.509301e-01	6.461407e-01	1.886824e+00	1.064162e+00	5.605963e-01
5.923257e+01	-1.189655e+00	-4.344304e-01	6.615745e-01	1.881033e+00	1.058680e+00	5.556154e-01
5.850481e+01	-1.191407e+00	-4.188093e-01	6.777866e-01	1.876188e+00	1.056008e+00	5.508658e-01
5.862208e+01	-1.189931e+00	-4.043421e-01	6.884373e-01	1.873324e+00	1.054092e+00	5.469496e-01
5.744312e+01	-1.187454e+00	-3.939631e-01	6.908743e-01	1.876224e+00	1.057281e+00	5.434049e-01
5.667966e+01	-1.186228e+00	-3.868774e-01	6.951427e-01	1.878923e+00	1.059988e+00	5.400335e-01
5.579148e+01	-1.185010e+00	-3.809718e-01	6.975258e-01	1.882417e+00	1.063446e+00	5.369449e-01
5.335421e+01	-1.185236e+00	-3.855275e-01	6.971625e-01	1.890873e+00	1.069916e+00	5.340626e-01
5.108190e+01	-1.182842e+00	-3.920999e-01	6.955968e-01	1.900065e+00	1.075336e+00	5.315842e-01
4.910037e+01	-1.181411e+00	-3.955738e-01	6.931736e-01	1.908481e+00	1.081858e+00	5.291480e-01
4.685551e+01	-1.180216e+00	-4.040583e-01	6.906116e-01	1.919995e+00	1.090487e+00	5.264767e-01
4.522818e+01	-1.177348e+00	-4.098903e-01	6.895311e-01	1.929757e+00	1.098212e+00	5.241959e-01
4.387855e+01	-1.173821e+00	-4.170635e-01	6.840708e-01	1.940301e+00	1.105062e+00	5.219573e-01
4.276653e+01	-1.170429e+00	-4.216582e-01	6.832652e-01	1.950001e+00	1.113377e+00	5.191027e-01
4.200313e+01	-1.167130e+00	-4.271360e-01	6.788092e-01	1.959940e+00	1.120454e+00	5.163128e-01
4.135728e+01	-1.160365e+00	-4.331384e-01	6.726930e-01	1.970073e+00	1.125617e+00	5.137041e-01
4.032394e+01	-1.150011e+00	-4.346019e-01	6.746012e-01	1.977830e+00	1.130404e+00	5.103500e-01
3.942390e+01	-1.141596e+00	-4.369550e-01	6.775422e-01	1.984169e+00	1.133197e+00	5.066012e-01
3.896536e+01	-1.133810e+00	-4.411823e-01	6.746970e-01	1.992372e+00	1.136324e+00	5.032070e-01
3.810905e+01	-1.124686e+00	-4.444811e-01	6.786379e-01	1.998601e+00	1.138676e+00	4.990805e-01
3.712132e+01	-1.117729e+00	-4.463123e-01	6.834920e-01	2.003791e+00	1.140734e+00	4.944851e-01
3.630153e+01	-1.111267e+00	-4.490568e-01	6.863707e-01	2.009248e+00	1.142139e+00	4.899698e-01
3.508829e+01	-1.108271e+00	-4.524009e-01	6.976633e-01	2.012828e+00	1.144087e+00	4.843189e-01
3.388852e+01	-1.103632e+00	-4.521620e-01	7.071910e-01	2.015045e+00	1.145828e+00	4.789637e-01
3.279259e+01	-1.098100e+00	-4.529225e-01	7.126184e-01	2.018276e+00	1.145938e+00	4.734702e-01
3.149799e+01	-1.093777e+00	-4.524202e-01	7.179268e-01	2.020462e+00	1.144999e+00	4.664055e-01
3.029080e+01	-1.085689e+00	-4.517389e-01	7.206960e-01	2.022649e+00	1.143383e+00	4.605685e-01
2.921077e+01	-1.079138e+00	-4.497835e-01	7.234813e-01	2.024836e+00	1.142987e+00	4.547304e-01
2.816034e+01	-1.073674e+00	-4.453751e-01	7.304650e-01	2.025563e+00	1.144450e+00	4.481011e-01
2.739927e+01	-1.069318e+00	-4.437799e-01	7.367008e-01	2.026876e+00	1.144967e+00	4.418524e-01
2.665074e+01	-1.063274e+00	-4.424452e-01	7.375087e-01	2.029062e+00	1.144766e+00	4.360013e-01
2.605109e+01	-1.058205e+00	-4.395717e-01	7.368974e-01	2.031255e+00	1.145949e+00	4.292913e-01
2.548496e+01	-1.053397e+00	-4.398592e-01	7.350056e-01	2.034597e+00	1.147243e+00	4.234280e-01
2.487623e+01	-1.048339e+00	-4.426202e-01	7.355399e-01	2.037485e+00	1.147366e+00	4.180610e-01
2.420566e+01	-1.046425e+00	-4.502780e-01	7.383943e-01	2.041368e+00	1.148258e+00	4.122005e-01
2.380934e+01	-1.044695e+00	-4.548530e-01	7.404310e-01	2.044370e+00	1.149577e+00	4.063066e-01
2.317126e+01	-1.040041e+00	-4.615750e-01	7.405781e-01	2.048011e+00	1.150304e+00	4.016339e-01
2.254365e+01	-1.036469e+00	-4.700682e-01	7.393826e-01	2.052974e+00	1.153060e+00	3.967610e-01
2.165621e+01	-1.028337e+00	-4.774265e-01	7.351615e-01	2.057511e+00	1.154217e+00	3.926718e-01
2.103737e+01	-1.022854e+00	-4.843855e-01	7.323813e-01	2.061423e+00	1.155850e+00	3.885648e-01
2.037815e+01	-1.015850e+00	-4.884165e-01	7.235896e-01	2.065302e+00	1.157891e+00	3.841784e-01
1.984620e+01	-1.006162e+00	-4.945963e-01	7.151360e-01	2.069338e+00	1.158256e+00	3.804009e-01
1.931465e+01	-1.002277e+00	-5.013416e-01	7.128220e-01	2.072575e+00	1.161367e+00	3.764045e-01
1.875438e+01	-1.000700e+00	-5.092050e-01	7.127181e-01	2.075815e+00	1.165671e+00	3.714193e-01
1.833444e+01	-9.983972e-01	-5.141683e-01	7.104593e-01	2.078323e+00	1.170862e+00	3.668804e-01
1.801037e+01	-9.965641e-01	-5.214303e-01	7.096740e-01	2.080528e+00	1.174834e+00	3.629289e-01
1.761940e+01	-9.937360e-01	-5.291783e-01	7.049683e-01	2.082452e+00	1.178501e+00	3.590513e-01
1.720465e+01	-9.907234e-01	-5.355684e-01	6.982196e-01	2.084470e+00	1.180719e+00	3.549704e-01
1.694630e+01	-9.884760e-01	-5.419709e-01	6.960455e-01	2.085658e+00	1.184380e+00	3.510037e-01
1.640321e+01	-9.831463e-01	-5.473573e-01	6.884506e-01	2.086277e+00	1.186787e+00	3.467254e-01
1.596771e+01	-9.795954e-01	-5.527689e-01	6.798718e-01	2.087305e+00	1.189066e+00	3.429128e-01
1.565510e+01	-9.768636e-01	-5.586492e-01	6.758758e-01	2.087496e+00	1.192099e+00	3.389969e-01
1.533382e+01	-9.737283e-01	-5.633389e-01	6.684884e-01	2.087210e+00	1.195262e+00	3.347734e-01
1.491730e+01	-9.686874e-01	-5.677877e-01	6.597279e-01	2.087249e+00	1.197882e+00	3.311952e-01
1.453343e+01	-9.667896e-01	-5.751807e-01	6.551896e-01	2.086617e+00	1.200118e+00	3.274049e-01
1.392453e+01	-9.630153e-01	-5.826791e-01	6.449698e-01	2.085514e+00	1.201185e+00	3.234447e-01
1.329398e+01	-9.583812e-01	-5.908149e-01	6.363565e-01	2.084590e+00	1.201869e+00	3.198476e-01
1.280950e+01	-9.583117e-01	-6.005144e-01	6.324140e-01	2.083338e+00	1.203653e+00	3.163406e-01
1.244068e+01	-9.609554e-01	-6.132003e-01	6.296193e-01	2.081629e+00	1.205555e+00	3.126723e-01
1.205577e+01	-9.604567e-01	-6.244293e-01	6.251140e-01	2.079579e+00	1.207440e+00	3.091404e-01
1.170054e+01	-9.607015e-01	-6.339312e-01	6.184919e-01	2.078010e+00	1.209279e+00	3.060279e-01
1.115074e+01	-9.611946e-01	-6.450197e-01	6.081636e-01	2.076197e+00	1.211050e+00	3.031295e-01
1.037576e+01	-9.593025e-01	-6.527375e-01	5.957049e-01	2.074229e+00	1.213567e+00	3.003643e-01
9.544031e+00	-9.567304e-01	-6.579079e-01	5.813257e-01	2.072550e+00	1.215612e+00	2.977740e-01
8.670932e+00	-9.526388e-01	-6.624539e-01	5.624682e-01	2.070714e+00	1.217594e+00	2.951330e-01
8.080008e+00	-9.494690e-01	-6.684734e-01	5.459671e-01	2.068983e+00	1.219458e+00	2.929934e-01
7.691209e+00	-9.479544e-01	-6.730991e-01	5.310268e-01	2.066944e+00	1.222224e+00	2.906116e-01
7.114345e+00	-9.503893e-01	-6.811849e-01	5.194349e-01	2.064370e+00	1.225632e+00	2.881952e-01
6.572874e+00	-9.518538e-01	-6.899821e-01	5.092148e-01	2.062018e+00	1.228356e+00	2.858296e-01
6.083130e+00	-9.544933e-01	-6.977359e-01	5.006871e-01	2.059609e+00	1.231828e+00	2.834800e-01
5.574620e+00	-9.586071e-01	-7.081041e-01	4.926143e-01	2.056858e+00	1.235161e+00	2.808976e-01
5.274141e+00	-9.635548e-01	-7.178865e-01	4.867504e-01	2.054217e+00	1.238790e+00	2.783169e-01
5.174832e+00	-9.679961e-01	-7.267239e-01	4.814501e-01	2.051677e+00	1.242156e+00	2.762320e-01
4.998667e+00	-9.712336e-01	-7.324443e-01	4.714185e-01	2.048809e+00	1.245402e+00	2.738133e-01
4.861103e+00	-9.744699e-01	-7.373351e-01	4.610583e-01	2.046018e+00	1.248215e+00	2.718497e-01
4.734855e+00	-9.761508e-01	-7.422528e-01	4.511673e-01	2.043762e+00	1.250649e+00	2.702126e-01
4.603394e+00	-9.761079e-01	-7.469387e-01	4.401176e-01	2.041193e+00	1.252094e+00	2.685394e-01
4.611072e+00	-9.763440e-01	-7.505812e-01	4.302365e-01	2.038944e+00	1.253344e+00	2.671875e-01
4.740652e+00	-9.766135e-01	-7.535472e-01	4.207963e-01	2.037158e+00	1.254653e+00	2.660445e-01
4.854064e+00	-9.781899e-01	-7.577249e-01	4.152726e-01	2.035412e+00	1.255182e+00	2.649323e-01
4.960852e+00	-9.793423e-01	-7.602406e-01	4.117380e-01	2.033631e+00	1.255785e+00	2.639254e-01
5.032836e+00	-9.806470e-01	-7.631996e-01	4.101297e-01	2.032358e+00	1.256500e+00	2.631774e-01
5.056188e+00	-9.822467e-01	-7.659853e-01	4.128697e-01	2.031131e+00	1.257352e+00	2.628303e-01
5.134480e+00	-9.836874e-01	-7.675613e-01	4.171186e-01	2.030312e+00	1.257712e+00	2.622547e-01
5.214895e+00	-9.844496e-01	-7.683561e-01	4.191131e-01	2.029654e+00	1.257869e+00	2.619894e-01
5.089294e+00	-9.826796e-01	-7.650084e-01	4.190383e-01	2.029418e+00	1.257280e+00	2.620251e-01
5.013633e+00	-9.810183e-01	-7.619951e-01	4.190325e-01	2.028988e+00	1.256727e+00	2.621041e-01
4.959339e+00	-9.797511e-01	-7.594900e-01	4.186304e-01	2.029043e+00	1.256236e+00	2.624758e-01
4.876026e+00	-9.788652e-01	-7.577927e-01	4.188421e-01	2.029898e+00	1.254882e+00	2.632487e-01
4.811593e+00	-9.776568e-01	-7.552688e-01	4.204417e-01	2.030708e+00	1.253945e+00	2.640131e-01
4.758909e+00	-9.766407e-01	-7.531336e-01	4.226599e-01	2.031192e+00	1.253308e+00	2.648033e-01
4.700566e+00	-9.769114e-01	-7.507103e-01	4.280506e-01	2.031689e+00	1.252825e+00	2.656934e-01
4.662515e+00	-9.766081e-01	-7.495445e-01	4.329701e-01	2.032020e+00	1.251982e+00	2.663846e-01
4.640723e+00	-9.763649e-01	-7.486828e-01	4.374292e-01	2.032798e+00	1.251421e+00	2.673570e-01
4.613383e+00	-9.762069e-01	-7.469185e-01	4.406625e-01	2.033929e+00	1.250455e+00	2.686167e-01
4.627786e+00	-9.765672e-01	-7.456563e-01	4.441130e-01	2.034814e+00	1.249827e+00	2.696625e-01
4.596493e+00	-9.754710e-01	-7.443178e-01	4.457636e-01	2.035636e+00	1.249255e+00	2.706262e-01
4.549787e+00	-9.739993e-01	-7.422583e-01	4.450905e-01	2.036806e+00	1.248659e+00	2.716219e-01
4.547341e+00	-9.731549e-01	-7.403838e-01	4.444887e-01	2.037785e+00	1.248084e+00	2.724583e-01
4.562219e+00	-9.716656e-01	-7.385127e-01	4.444091e-01	2.038286e+00	1.247772e+00	2.730891e-01
4.569800e+00	-9.710456e-01	-7.374304e-01	4.465857e-01	2.038466e+00	1.248223e+00	2.734296e-01
4.579041e+00	-9.711757e-01	-7.370922e-01	4.484798e-01	2.038749e+00	1.248539e+00	2.738940e-01
4.580634e+00	-9.710304e-01	-7.370075e-01	4.504645e-01	2.038844e+00	1.248313e+00	2.740657e-01
4.595131e+00	-9.711072e-01	-7.365875e-01	4.521898e-01	2.038279e+00	1.248282e+00	2.738332e-01
4.615919e+00	-9.718961e-01	-7.371117e-01	4.539519e-01	2.037782e+00	1.248011e+00	2.736132e-01
4.626128e+00	-9.719942e-01	-7.375458e-01	4.551170e-01	2.037661e+00	1.247679e+00	2.735096e-01
4.608056e+00	-9.715566e-01	-7.371154e-01	4.544483e-01	2.037532e+00	1.247309e+00	2.734759e-01
4.570562e+00	-9.704113e-01	-7.364734e-01	4.515867e-01	2.037695e+00	1.246520e+00	2.732937e-01
4.565065e+00	-9.702699e-01	-7.365871e-01	4.505028e-01	2.037441e+00	1.246301e+00	2.730698e-01
4.581831e+00	-9.708556e-01	-7.366301e-01	4.512520e-01	2.036666e+00	1.246400e+00	2.722841e-01
4.610515e+00	-9.720239e-01	-7.371045e-01	4.516989e-01	2.035994e+00	1.246586e+00	2.716243e-01
4.601961e+00	-9.724540e-01	-7.380757e-01	4.509405e-01	2.035841e+00	1.246714e+00	2.714792e-01
4.564743e+00	-9.724444e-01	-7.392774e-01	4.476053e-01	2.035733e+00	1.246480e+00	2.712970e-01
4.564375e+00	-9.728224e-01	-7.395471e-01	4.455120e-01	2.035619e+00	1.246557e+00	2.709571e-01
4.552417e+00	-9.731470e-01	-7.406451e-01	4.443796e-01	2.035621e+00	1.247042e+00	2.709821e-01
4.532799e+00	-9.728327e-01	-7.419708e-01	4.436496e-01	2.035781e+00	1.247601e+00	2.711962e-01
4.528576e+00	-9.732791e-01	-7.435481e-01	4.440138e-01	2.035853e+00	1.247889e+00	2.711428e-01
4.534865e+00	-9.739046e-01	-7.445585e-01	4.436345e-01	2.035871e+00	1.248686e+00	2.711359e-01
4.525449e+00	-9.731648e-01	-7.453761e-01	4.427127e-01	2.035739e+00	1.249602e+00	2.711866e-01
4.543677e+00	-9.734031e-01	-7.454515e-01	4.431915e-01	2.035690e+00	1.250494e+00	2.710043e-01
4.554235e+00	-9.738049e-01	-7.454250e-01	4.420851e-01	2.035693e+00	1.251138e+00	2.709396e-01
4.574788e+00	-9.749223e-01	-7.445856e-01	4.413964e-01	2.035915e+00	1.251261e+00	2.707555e-01
4.593519e+00	-9.760639e-01	-7.444893e-01	4.400999e-01	2.036194e+00	1.251628e+00	2.708137e-01
4.596121e+00	-9.760064e-01	-7.441148e-01	4.387229e-01	2.036069e+00	1.251765e+00	2.706736e-01
4.611773e+00	-9.755229e-01	-7.431656e-01	4.394594e-01	2.035658e+00	1.251903e+00	2.702570e-01
4.624845e+00	-9.756724e-01	-7.428626e-01	4.398264e-01	2.035717e+00	1.252077e+00	2.701897e-01
4.608680e+00	-9.756233e-01	-7.432705e-01	4.392827e-01	2.035556e+00	1.251651e+00	2.700508e-01
4.549440e+00	-9.741920e-01	-7.447139e-01	4.381801e-01	2.035554e+00	1.250224e+00	2.699707e-01
4.531014e+00	-9.737736e-01	-7.454495e-01	4.383921e-01	2.035553e+00	1.249050e+00	2.698381e-01
4.527680e+00	-9.740507e-01	-7.464012e-01	4.390627e-01	2.035446e+00	1.248662e+00	2.697710e-01
4.545832e+00	-9.751615e-01	-7.485141e-01	4.404358e-01	2.035263e+00	1.248590e+00	2.700238e-01
4.553629e+00	-9.756358e-01	-7.492560e-01	4.396843e-01	2.035109e+00	1.248462e+00	2.701883e-01
4.557067e+00	-9.756967e-01	-7.488630e-01	4.404381e-01	2.035077e+00	1.248559e+00	2.700718e-01
4.563966e+00	-9.761698e-01	-7.483035e-01	4.407485e-01	2.035409e+00	1.248780e+00	2.701505e-01
4.557936e+00	-9.762749e-01	-7.473715e-01	4.400520e-01	2.035626e+00	1.249018e+00	2.703935e-01
4.550207e+00	-9.753618e-01	-7.451476e-01	4.393614e-01	2.035573e+00	1.249452e+00	2.702207e-01
4.572669e+00	-9.750764e-01	-7.435803e-01	4.396858e-01	2.035494e+00	1.250403e+00	2.701331e-01
4.619249e+00	-9.751635e-01	-7.416401e-01	4.399542e-01	2.035025e+00	1.250829e+00	2.697325e-01
4.651494e+00	-9.743405e-01	-7.400624e-01	4.401515e-01	2.035030e+00	1.251163e+00	2.695869e-01
4.620007e+00	-9.739216e-01	-7.409262e-01	4.407352e-01	2.035203e+00	1.251057e+00	2.698397e-01
4.584100e+00	-9.743805e-01	-7.427390e-01	4.419067e-01	2.035408e+00	1.250332e+00	2.698781e-01
4.586400e+00	-9.742054e-01	-7.430372e-01	4.433951e-01	2.035495e+00	1.250265e+00	2.698804e-01
4.592197e+00	-9.739955e-01	-7.429594e-01	4.447419e-01	2.035641e+00	1.250235e+00	2.700066e-01
4.576338e+00	-9.741290e-01	-7.433664e-01	4.450829e-01	2.036224e+00	1.249799e+00	2.703458e-01
4.561547e+00	-9.736932e-01	-7.436745e-01	4.452156e-01	2.036331e+00	1.249513e+00	2.704340e-01
4.544013e+00	-9.733809e-01	-7.446626e-01	4.448410e-01	2.036708e+00	1.249442e+00	2.705601e-01
4.523197e+00	-9.725794e-01	-7.456608e-01	4.443694e-01	2.037009e+00	1.249492e+00	2.708496e-01
4.507158e+00	-9.719015e-01	-7.449010e-01	4.429612e-01	2.037038e+00	1.249138e+00	2.708966e-01
4.514063e+00	-9.719653e-01	-7.439282e-01	4.434624e-01	2.037044e+00	1.249200e+00	2.709980e-01
4.521045e+00	-9.716496e-01	-7.424143e-01	4.422021e-01	2.036928e+00	1.248738e+00	2.709984e-01
4.533688e+00	-9.715845e-01	-7.415923e-01	4.413299e-01	2.036839e+00	1.248588e+00	2.708969e-01
4.554130e+00	-9.732881e-01	-7.410350e-01	4.431998e-01	2.036493e+00	1.248748e+00	2.708095e-01
4.579896e+00	-9.752041e-01	-7.421462e-01	4.450040e-01	2.036181e+00	1.248545e+00	2.707748e-01
4.597950e+00	-9.757255e-01	-7.423031e-01	4.455893e-01	2.036117e+00	1.248600e+00	2.706350e-01
4.564270e+00	-9.741917e-01	-7.410718e-01	4.428957e-01	2.036552e+00	1.248599e+00	2.706566e-01
4.576173e+00	-9.741937e-01	-7.407458e-01	4.425796e-01	2.036433e+00	1.248632e+00	2.701655e-01
4.577883e+00	-9.741477e-01	-7.406480e-01	4.419309e-01	2.036395e+00	1.248781e+00	2.701628e-01
4.568260e+00	-9.748447e-01	-7.417011e-01	4.421222e-01	2.036742e+00	1.248871e+00	2.704191e-01
4.584518e+00	-9.748411e-01	-7.411949e-01	4.429431e-01	2.036650e+00	1.249421e+00	2.704166e-01
4.581478e+00	-9.751376e-01	-7.423923e-01	4.436416e-01	2.036618e+00	1.249564e+00	2.704584e-01
