# loss | a0 ... a6
9.244812e+02	-6.500000e-01	-1.125000e+00	3.750000e-01	1.500000e+00	1.025000e+00	7.250000e-01
4.577411e+02	-7.500000e-01	-1.025000e+00	4.750000e-01	1.400000e+00	1.125000e+00	6.250000e-01
2.486285e+02	-8.656419e-01	-9.164388e-01	5.861575e-01	1.296355e+00	1.233949e+00	5.119027e-01
3.348584e+02	-9.591062e-01	-7.928726e-01	6.712103e-01	1.197495e+00	1.335944e+00	4.033675e-01
3.928178e+02	-9.848150e-01	-7.105851e-01	6.821460e-01	1.212948e+00	1.384675e+00	3.662247e-01
4.599223e+02	-9.955628e-01	-6.289002e-01	6.778926e-01	1.230657e+00	1.424587e+00	3.403174e-01
4.904489e+02	-1.000492e+00	-5.630068e-01	6.616440e-01	1.279192e+00	1.451635e+00	3.296048e-01
3.807467e+02	-9.728751e-01	-5.592509e-01	6.189113e-01	1.345413e+00	1.444447e+00	3.635170e-01
2.605985e+02	-9.399898e-01	-5.695238e-01	5.678522e-01	1.423269e+00	1.423273e+00	4.087126e-01
1.836124e+02	-9.116602e-01	-5.875576e-01	5.228884e-01	1.494007e+00	1.402037e+00	4.518847e-01
1.343211e+02	-8.929844e-01	-6.219246e-01	4.849999e-01	1.563617e+00	1.371111e+00	4.925464e-01
1.252443e+02	-8.784795e-01	-6.560485e-01	4.488400e-01	1.633432e+00	1.339888e+00	5.309325e-01
1.452190e+02	-8.747607e-01	-6.916296e-01	4.224716e-01	1.696100e+00	1.311318e+00	5.629772e-01
1.506741e+02	-8.940354e-01	-7.253693e-01	4.242258e-01	1.743634e+00	1.291584e+00	5.712503e-01
1.480217e+02	-9.182566e-01	-7.482638e-01	4.355217e-01	1.782581e+00	1.278208e+00	5.681660e-01
1.460515e+02	-9.450499e-01	-7.672224e-01	4.474292e-01	1.815436e+00	1.267633e+00	5.627621e-01
1.144299e+02	-9.808617e-01	-7.650876e-01	4.724555e-01	1.830198e+00	1.270500e+00	5.368051e-01
9.021217e+01	-1.013595e+00	-7.593642e-01	4.962117e-01	1.841644e+00	1.274049e+00	5.090025e-01
7.436561e+01	-1.045160e+00	-7.511509e-01	5.201165e-01	1.849339e+00	1.278306e+00	4.799943e-01
6.081099e+01	-1.068146e+00	-7.305014e-01	5.402460e-01	1.850642e+00	1.282445e+00	4.435138e-01
5.486713e+01	-1.082229e+00	-7.054168e-01	5.530646e-01	1.851944e+00	1.284672e+00	4.097353e-01
5.736804e+01	-1.092828e+00	-6.828250e-01	5.627797e-01	1.853180e+00	1.286392e+00	3.799891e-01
5.334314e+01	-1.087739e+00	-6.598614e-01	5.594952e-01	1.856869e+00	1.280123e+00	3.567251e-01
5.016186e+01	-1.078576e+00	-6.375784e-01	5.540425e-01	1.861483e+00	1.271339e+00	3.368701e-01
4.813549e+01	-1.067888e+00	-6.185546e-01	5.462566e-01	1.867738e+00	1.262706e+00	3.213556e-01
3.543123e+01	-1.045631e+00	-6.093521e-01	5.305285e-01	1.879926e+00	1.247690e+00	3.191261e-01
2.694118e+01	-1.025082e+00	-6.034967e-01	5.155614e-01	1.891715e+00	1.233020e+00	3.194472e-01
2.278048e+01	-1.006216e+00	-5.992639e-01	5.012794e-01	1.904017e+00	1.218924e+00	3.213275e-01
2.061901e+01	-9.893261e-01	-6.035146e-01	4.905540e-01	1.919301e+00	1.205854e+00	3.270463e-01
2.226198e+01	-9.743555e-01	-6.107574e-01	4.812170e-01	1.933593e+00	1.194037e+00	3.340406e-01
2.537610e+01	-9.623220e-01	-6.175054e-01	4.761831e-01	1.945733e+00	1.186754e+00	3.380063e-01
2.364817e+01	-9.565076e-01	-6.264264e-01	4.799384e-01	1.954667e+00	1.189067e+00	3.369215e-01
2.080631e+01	-9.543780e-01	-6.360053e-01	4.855318e-01	1.962996e+00	1.192398e+00	3.344705e-01
1.785229e+01	-9.539793e-01	-6.469946e-01	4.926458e-01	1.971063e+00	1.195964e+00	3.325881e-01
1.285393e+01	-9.594444e-01	-6.598844e-01	5.045911e-01	1.977859e+00	1.204574e+00	3.274750e-01
9.665132e+00	-9.648952e-01	-6.713344e-01	5.162345e-01	1.983771e+00	1.213431e+00	3.221826e-01
8.153987e+00	-9.702184e-01	-6.815509e-01	5.273711e-01	1.988519e+00	1.223224e+00	3.159247e-01
8.463795e+00	-9.750538e-01	-6.909807e-01	5.371948e-01	1.992685e+00	1.233648e+00	3.092823e-01
1.011784e+01	-9.787180e-01	-6.982063e-01	5.446692e-01	1.996705e+00	1.243116e+00	3.034128e-01
1.255169e+01	-9.813835e-01	-7.054985e-01	5.510985e-01	2.000701e+00	1.251423e+00	2.987195e-01
1.304248e+01	-9.787638e-01	-7.117705e-01	5.517651e-01	2.005737e+00	1.255797e+00	2.982256e-01
1.279559e+01	-9.752563e-01	-7.162480e-01	5.499545e-01	2.010548e+00	1.258454e+00	2.986558e-01
1.239335e+01	-9.711368e-01	-7.198445e-01	5.476037e-01	2.014631e+00	1.260502e+00	2.990533e-01
1.047627e+01	-9.631562e-01	-7.228904e-01	5.407362e-01	2.019008e+00	1.258160e+00	3.019330e-01
9.125787e+00	-9.551084e-01	-7.243867e-01	5.331019e-01	2.022761e+00	1.255564e+00	3.045357e-01
8.443020e+00	-9.475048e-01	-7.246783e-01	5.252191e-01	2.025970e+00	1.253103e+00	3.068692e-01
7.884612e+00	-9.409936e-01	-7.230594e-01	5.162655e-01	2.027345e+00	1.250166e+00	3.066655e-01
7.620999e+00	-9.350586e-01	-7.210066e-01	5.082161e-01	2.028128e+00	1.247388e+00	3.052548e-01
7.747235e+00	-9.296596e-01	-7.185132e-01	5.005825e-01	2.028891e+00	1.244918e+00	3.039882e-01
7.398496e+00	-9.273132e-01	-7.154567e-01	4.947243e-01	2.028072e+00	1.243732e+00	2.996304e-01
7.275644e+00	-9.251361e-01	-7.125685e-01	4.892571e-01	2.027132e+00	1.242192e+00	2.953204e-01
6.961618e+00	-9.256776e-01	-7.110705e-01	4.853145e-01	2.025874e+00	1.241663e+00	2.903981e-01
6.414407e+00	-9.298058e-01	-7.111548e-01	4.833241e-01	2.024341e+00	1.241996e+00	2.849955e-01
5.994880e+00	-9.354052e-01	-7.126813e-01	4.822320e-01	2.022924e+00	1.242240e+00	2.800224e-01
5.895817e+00	-9.401920e-01	-7.142317e-01	4.810704e-01	2.021495e+00	1.242690e+00	2.757111e-01
5.685489e+00	-9.467515e-01	-7.179753e-01	4.801658e-01	2.020721e+00	1.243204e+00	2.735466e-01
5.532310e+00	-9.531634e-01	-7.222384e-01	4.793335e-01	2.020410e+00	1.243458e+00	2.723606e-01
5.398222e+00	-9.587557e-01	-7.261190e-01	4.780723e-01	2.020351e+00	1.243674e+00	2.724476e-01
5.079822e+00	-9.633068e-01	-7.301163e-01	4.751066e-01	2.021340e+00	1.243639e+00	2.751609e-01
4.960098e+00	-9.676637e-01	-7.339787e-01	4.726540e-01	2.022278e+00	1.243842e+00	2.780547e-01
5.008855e+00	-9.716198e-01	-7.375350e-01	4.701824e-01	2.023051e+00	1.244288e+00	2.808250e-01
5.129980e+00	-9.744857e-01	-7.401844e-01	4.667139e-01	2.023800e+00	1.244895e+00	2.837196e-01
5.310339e+00	-9.767226e-01	-7.417478e-01	4.630489e-01	2.024476e+00	1.245709e+00	2.863671e-01
5.489525e+00	-9.785871e-01	-7.426878e-01	4.598366e-01	2.024804e+00	1.247095e+00	2.882472e-01
5.413203e+00	-9.793895e-01	-7.417920e-01	4.565400e-01	2.024257e+00	1.248921e+00	2.879722e-01
5.315518e+00	-9.802233e-01	-7.405942e-01	4.538115e-01	2.023330e+00	1.251324e+00	2.869038e-01
5.281545e+00	-9.806611e-01	-7.390244e-01	4.508166e-01	2.022522e+00	1.253559e+00	2.861770e-01
5.246713e+00	-9.806305e-01	-7.371032e-01	4.477079e-01	2.021083e+00	1.256047e+00	2.842796e-01
5.319674e+00	-9.807090e-01	-7.349094e-01	4.450484e-01	2.019621e+00	1.258330e+00	2.822197e-01
5.426182e+00	-9.803034e-01	-7.329624e-01	4.425605e-01	2.018340e+00	1.259729e+00	2.805260e-01
5.446224e+00	-9.801845e-01	-7.324308e-01	4.405591e-01	2.016898e+00	1.259745e+00	2.790450e-01
5.465184e+00	-9.801207e-01	-7.323134e-01	4.387815e-01	2.015714e+00	1.259737e+00	2.783878e-01
5.427203e+00	-9.794922e-01	-7.323652e-01	4.369170e-01	2.014853e+00	1.259141e+00	2.781322e-01
5.293954e+00	-9.787494e-01	-7.338510e-01	4.358615e-01	2.014081e+00	1.257862e+00	2.786433e-01
5.150338e+00	-9.784968e-01	-7.357726e-01	4.350950e-01	2.013631e+00	1.255968e+00	2.793192e-01
5.074507e+00	-9.783871e-01	-7.376077e-01	4.344516e-01	2.013234e+00	1.254343e+00	2.801419e-01
5.000340e+00	-9.783919e-01	-7.396867e-01	4.348555e-01	2.012603e+00	1.253144e+00	2.800524e-01
4.959467e+00	-9.788029e-01	-7.417943e-01	4.355313e-01	2.012009e+00	1.252213e+00	2.801080e-01
4.956466e+00	-9.792233e-01	-7.438749e-01	4.362123e-01	2.011745e+00	1.251135e+00	2.805811e-01
4.961121e+00	-9.798817e-01	-7.454677e-01	4.375564e-01	2.011619e+00	1.250643e+00	2.806812e-01
4.971185e+00	-9.804293e-01	-7.466603e-01	4.390447e-01	2.011462e+00	1.250272e+00	2.806016e-01
4.970378e+00	-9.807006e-01	-7.474750e-01	4.402376e-01	2.011123e+00	1.250465e+00	2.800690e-01
4.944901e+00	-9.803108e-01	-7.475054e-01	4.414159e-01	2.010836e+00	1.251179e+00	2.789588e-01
4.938131e+00	-9.798165e-01	-7.473389e-01	4.422849e-01	2.010558e+00	1.252012e+00	2.777998e-01
4.958472e+00	-9.794135e-01	-7.466536e-01	4.430281e-01	2.010356e+00	1.253022e+00	2.771091e-01
4.943967e+00	-9.781806e-01	-7.456237e-01	4.429271e-01	2.010439e+00	1.253715e+00	2.771588e-01
4.959923e+00	-9.774075e-01	-7.443215e-01	4.428044e-01	2.010576e+00	1.254658e+00	2.775620e-01
4.968807e+00	-9.764034e-01	-7.431250e-01	4.427045e-01	2.010937e+00	1.255326e+00	2.779214e-01
4.947258e+00	-9.757485e-01	-7.424848e-01	4.424282e-01	2.011919e+00	1.255060e+00	2.792641e-01
4.958027e+00	-9.747369e-01	-7.418329e-01	4.422553e-01	2.012705e+00	1.255135e+00	2.804486e-01
4.980308e+00	-9.737695e-01	-7.409224e-01	4.420112e-01	2.013224e+00	1.255196e+00	2.812779e-01
5.000943e+00	-9.733373e-01	-7.407357e-01	4.421215e-01	2.013866e+00	1.254773e+00	2.823496e-01
5.026258e+00	-9.726654e-01	-7.403936e-01	4.425729e-01	2.014247e+00	1.254961e+00	2.828799e-01
5.020092e+00	-9.724731e-01	-7.397170e-01	4.430486e-01	2.014432e+00	1.254890e+00	2.828152e-01
4.990288e+00	-9.732265e-01	-7.388989e-01	4.442575e-01	2.014610e+00	1.254707e+00	2.822481e-01
4.980491e+00	-9.742748e-01	-7.383624e-01	4.454908e-01	2.014616e+00	1.254848e+00	2.814463e-01
4.969142e+00	-9.745924e-01	-7.380324e-01	4.465216e-01	2.014461e+00	1.254742e+00	2.806799e-01
4.928343e+00	-9.741792e-01	-7.382814e-01	4.471614e-01	2.014634e+00	1.253896e+00	2.807981e-01
4.908451e+00	-9.743619e-01	-7.389482e-01	4.478276e-01	2.014837e+00	1.253143e+00	2.812403e-01
4.894562e+00	-9.747106e-01	-7.388475e-01	4.485921e-01	2.014678e+00	1.252778e+00	2.806896e-01
4.887854e+00	-9.750884e-01	-7.389002e-01	4.488728e-01	2.014565e+00	1.252311e+00	2.806849e-01
4.888703e+00	-9.758644e-01	-7.386358e-01	4.494026e-01	2.014306e+00	1.251900e+00	2.801593e-01
4.880561e+00	-9.758574e-01	-7.385166e-01	4.497361e-01	2.014255e+00	1.251573e+00	2.799547e-01
4.866002e+00	-9.748550e-01	-7.383509e-01	4.497093e-01	2.014161e+00	1.251643e+00	2.799519e-01
4.864114e+00	-9.742846e-01	-7.384618e-01	4.497494e-01	2.014023e+00	1.251764e+00	2.801656e-01
4.856378e+00	-9.740452e-01	-7.382818e-01	4.495614e-01	2.014211e+00	1.251508e+00	2.805258e-01
4.865202e+00	-9.738062e-01	-7.376776e-01	4.489946e-01	2.014497e+00	1.251417e+00	2.812747e-01
4.876578e+00	-9.736031e-01	-7.377158e-01	4.487432e-01	2.014539e+00	1.251659e+00	2.816021e-01
4.883520e+00	-9.734125e-01	-7.376212e-01	4.485087e-01	2.014744e+00	1.251604e+00	2.819891e-01
4.905167e+00	-9.732379e-01	-7.374180e-01	4.481225e-01	2.014844e+00	1.251797e+00	2.824989e-01
4.910411e+00	-9.737774e-01	-7.377061e-01	4.480329e-01	2.014930e+00	1.251856e+00	2.825288e-01
4.913167e+00	-9.738583e-01	-7.376316e-01	4.481859e-01	2.014925e+00	1.252142e+00	2.823581e-01
