# loss | a0 ... a6
1.399179e+03	-9.000000e-01	-3.000000e-01	8.150000e-01	2.000000e+00	5.000000e-01	4.625000e-01
9.029691e+02	-1.000000e+00	-2.000000e-01	9.150000e-01	1.900000e+00	6.000000e-01	3.625000e-01
6.961141e+02	-1.094876e+00	-2.754649e-01	9.937003e-01	1.808839e+00	7.049004e-01	2.806768e-01
6.744228e+02	-1.178339e+00	-3.957818e-01	1.023663e+00	1.738660e+00	8.142803e-01	2.322314e-01
5.273854e+02	-1.202065e+00	-4.756805e-01	9.685645e-01	1.720051e+00	9.015906e-01	2.512576e-01
3.929219e+02	-1.215453e+00	-5.381831e-01	8.988163e-01	1.710982e+00	9.833584e-01	2.833508e-01
2.919092e+02	-1.220292e+00	-6.093453e-01	8.210187e-01	1.707587e+00	1.053431e+00	3.218704e-01
1.706696e+02	-1.198398e+00	-5.807997e-01	7.332920e-01	1.721558e+00	1.103984e+00	3.679267e-01
9.408831e+01	-1.173504e+00	-5.478535e-01	6.473438e-01	1.735021e+00	1.147958e+00	4.130115e-01
6.050077e+01	-1.148304e+00	-5.204237e-01	5.638644e-01	1.751558e+00	1.186457e+00	4.553330e-01
5.912156e+01	-1.121806e+00	-5.186056e-01	4.886251e-01	1.772625e+00	1.213678e+00	4.921475e-01
8.182576e+01	-1.097516e+00	-5.348067e-01	4.251855e-01	1.793160e+00	1.237281e+00	5.255160e-01
1.199556e+02	-1.075798e+00	-5.522662e-01	3.759807e-01	1.810547e+00	1.259684e+00	5.546519e-01
1.284996e+02	-1.061449e+00	-5.758608e-01	3.756339e-01	1.821730e+00	1.281092e+00	5.680788e-01
1.279381e+02	-1.050332e+00	-6.059170e-01	3.884260e-01	1.828868e+00	1.300867e+00	5.763501e-01
1.289024e+02	-1.040853e+00	-6.410466e-01	4.023767e-01	1.835620e+00	1.317053e+00	5.818592e-01
1.195058e+02	-1.036400e+00	-6.727904e-01	4.341902e-01	1.837109e+00	1.331176e+00	5.749721e-01
1.171996e+02	-1.033192e+00	-7.009708e-01	4.652334e-01	1.838947e+00	1.344310e+00	5.676389e-01
1.143863e+02	-1.031330e+00	-7.148000e-01	4.966283e-01	1.837319e+00	1.355309e+00	5.555653e-01
1.043357e+02	-1.030005e+00	-7.007973e-01	5.249912e-01	1.833347e+00	1.361065e+00	5.346860e-01
9.802982e+01	-1.028070e+00	-6.844134e-01	5.505422e-01	1.828722e+00	1.365114e+00	5.136972e-01
9.559732e+01	-1.025676e+00	-6.650311e-01	5.712596e-01	1.826252e+00	1.368275e+00	4.948698e-01
8.942970e+01	-1.020806e+00	-6.469967e-01	5.832255e-01	1.825897e+00	1.363128e+00	4.742636e-01
8.470284e+01	-1.015240e+00	-6.294297e-01	5.916185e-01	1.828411e+00	1.357438e+00	4.558027e-01
8.062684e+01	-1.009697e+00	-6.134160e-01	5.971633e-01	1.830994e+00	1.350673e+00	4.391010e-01
6.854667e+01	-1.001404e+00	-6.119259e-01	5.934788e-01	1.838799e+00	1.335940e+00	4.250954e-01
5.642450e+01	-9.936987e-01	-6.159014e-01	5.890017e-01	1.847071e+00	1.320327e+00	4.121501e-01
4.595927e+01	-9.853078e-01	-6.214320e-01	5.836831e-01	1.855613e+00	1.305885e+00	4.014398e-01
3.423899e+01	-9.757425e-01	-6.350754e-01	5.743144e-01	1.866352e+00	1.287666e+00	3.917467e-01
2.562611e+01	-9.668687e-01	-6.519410e-01	5.651298e-01	1.877510e+00	1.270296e+00	3.835816e-01
2.028243e+01	-9.584876e-01	-6.668140e-01	5.558506e-01	1.888857e+00	1.254041e+00	3.760600e-01
1.723912e+01	-9.511739e-01	-6.799873e-01	5.471580e-01	1.900182e+00	1.238868e+00	3.668484e-01
1.618541e+01	-9.447092e-01	-6.912712e-01	5.396300e-01	1.910850e+00	1.225576e+00	3.579994e-01
1.641849e+01	-9.386695e-01	-6.986910e-01	5.315068e-01	1.921194e+00	1.212857e+00	3.489862e-01
1.600607e+01	-9.344010e-01	-6.977270e-01	5.250436e-01	1.930312e+00	1.202564e+00	3.363733e-01
1.644061e+01	-9.310272e-01	-6.971793e-01	5.193744e-01	1.939014e+00	1.193566e+00	3.247044e-01
1.663409e+01	-9.283713e-01	-6.931153e-01	5.159120e-01	1.946208e+00	1.187200e+00	3.116228e-01
1.667674e+01	-9.272303e-01	-6.857453e-01	5.148411e-01	1.953156e+00	1.184164e+00	2.962979e-01
1.796908e+01	-9.269255e-01	-6.827134e-01	5.147751e-01	1.959424e+00	1.181479e+00	2.826451e-01
2.046077e+01	-9.269060e-01	-6.784565e-01	5.152790e-01	1.964485e+00	1.179921e+00	2.693369e-01
2.290175e+01	-9.276780e-01	-6.800343e-01	5.166582e-01	1.969687e+00	1.179586e+00	2.583162e-01
2.603572e+01	-9.286443e-01	-6.817781e-01	5.183217e-01	1.974569e+00	1.179894e+00	2.479184e-01
2.825318e+01	-9.294012e-01	-6.885354e-01	5.191814e-01	1.979615e+00	1.179710e+00	2.406203e-01
2.766322e+01	-9.297787e-01	-7.028537e-01	5.183148e-01	1.985375e+00	1.179426e+00	2.383272e-01
2.683468e+01	-9.303066e-01	-7.174254e-01	5.173275e-01	1.991028e+00	1.179575e+00	2.371844e-01
2.620018e+01	-9.306995e-01	-7.309755e-01	5.159218e-01	1.996459e+00	1.179492e+00	2.368342e-01
2.425163e+01	-9.304400e-01	-7.428904e-01	5.119208e-01	2.002167e+00	1.179886e+00	2.401079e-01
2.273999e+01	-9.301061e-01	-7.512678e-01	5.079351e-01	2.007268e+00	1.181103e+00	2.428041e-01
2.167971e+01	-9.300175e-01	-7.585784e-01	5.038216e-01	2.012018e+00	1.182147e+00	2.452891e-01
1.973870e+01	-9.299681e-01	-7.589322e-01	4.981351e-01	2.016511e+00	1.184736e+00	2.481905e-01
1.812004e+01	-9.299835e-01	-7.577865e-01	4.930266e-01	2.020643e+00	1.187092e+00	2.506597e-01
1.638468e+01	-9.299192e-01	-7.528369e-01	4.881573e-01	2.023620e+00	1.190533e+00	2.515859e-01
1.444552e+01	-9.300509e-01	-7.404135e-01	4.826258e-01	2.025428e+00	1.195997e+00	2.506434e-01
1.314703e+01	-9.302331e-01	-7.290912e-01	4.777852e-01	2.026941e+00	1.201388e+00	2.504677e-01
1.245475e+01	-9.308526e-01	-7.200167e-01	4.738038e-01	2.028503e+00	1.206263e+00	2.502671e-01
1.155432e+01	-9.319819e-01	-7.154204e-01	4.706679e-01	2.030017e+00	1.211239e+00	2.512825e-01
1.066491e+01	-9.334801e-01	-7.135766e-01	4.681726e-01	2.031302e+00	1.216048e+00	2.523140e-01
9.718630e+00	-9.351048e-01	-7.138277e-01	4.667456e-01	2.032494e+00	1.220523e+00	2.536358e-01
8.092309e+00	-9.374913e-01	-7.216425e-01	4.663984e-01	2.033985e+00	1.224506e+00	2.564231e-01
6.837413e+00	-9.396962e-01	-7.291882e-01	4.662656e-01	2.035309e+00	1.228284e+00	2.593077e-01
5.941052e+00	-9.417571e-01	-7.370014e-01	4.661327e-01	2.036472e+00	1.231658e+00	2.622619e-01
5.383773e+00	-9.437837e-01	-7.449513e-01	4.655494e-01	2.037540e+00	1.234719e+00	2.655705e-01
5.170011e+00	-9.458510e-01	-7.523495e-01	4.651353e-01	2.038353e+00	1.237784e+00	2.683360e-01
5.168206e+00	-9.478370e-01	-7.577664e-01	4.649714e-01	2.039291e+00	1.240647e+00	2.708737e-01
4.983645e+00	-9.498046e-01	-7.565951e-01	4.643436e-01	2.039814e+00	1.243957e+00	2.718001e-01
4.834697e+00	-9.513059e-01	-7.540561e-01	4.630062e-01	2.040466e+00	1.246847e+00	2.727430e-01
4.785156e+00	-9.528564e-01	-7.524820e-01	4.619369e-01	2.040911e+00	1.249395e+00	2.736671e-01
4.726191e+00	-9.540418e-01	-7.484749e-01	4.600636e-01	2.041417e+00	1.251559e+00	2.743053e-01
4.733836e+00	-9.550376e-01	-7.442861e-01	4.580943e-01	2.041969e+00	1.253410e+00	2.745573e-01
4.818111e+00	-9.562287e-01	-7.400066e-01	4.564574e-01	2.042276e+00	1.255150e+00	2.747445e-01
4.931197e+00	-9.572487e-01	-7.357883e-01	4.544935e-01	2.042762e+00	1.256055e+00	2.746773e-01
5.081106e+00	-9.580357e-01	-7.322385e-01	4.526394e-01	2.043284e+00	1.256792e+00	2.749057e-01
5.164165e+00	-9.590095e-01	-7.310549e-01	4.511582e-01	2.043760e+00	1.257392e+00	2.753631e-01
5.088269e+00	-9.600920e-01	-7.335068e-01	4.503684e-01	2.044373e+00	1.257472e+00	2.762012e-01
5.013573e+00	-9.611688e-01	-7.368173e-01	4.498023e-01	2.044887e+00	1.257522e+00	2.768374e-01
4.956570e+00	-9.620284e-01	-7.399602e-01	4.491890e-01	2.045460e+00	1.257144e+00	2.773378e-01
4.918010e+00	-9.625076e-01	-7.440952e-01	4.485718e-01	2.046251e+00	1.256337e+00	2.777327e-01
4.973213e+00	-9.630610e-01	-7.483616e-01	4.478873e-01	2.046888e+00	1.255555e+00	2.785256e-01
4.946649e+00	-9.637238e-01	-7.505202e-01	4.476992e-01	2.047167e+00	1.254971e+00	2.779557e-01
4.812662e+00	-9.641787e-01	-7.498053e-01	4.472576e-01	2.047276e+00	1.254629e+00	2.762399e-01
4.724931e+00	-9.645208e-01	-7.482145e-01	4.468643e-01	2.047500e+00	1.254373e+00	2.749874e-01
4.637988e+00	-9.649035e-01	-7.473482e-01	4.467813e-01	2.047371e+00	1.253909e+00	2.732715e-01
4.582623e+00	-9.652474e-01	-7.450888e-01	4.468461e-01	2.047024e+00	1.253468e+00	2.709227e-01
4.587807e+00	-9.652743e-01	-7.428255e-01	4.463808e-01	2.046891e+00	1.252830e+00	2.691758e-01
4.604113e+00	-9.653267e-01	-7.420572e-01	4.460987e-01	2.046767e+00	1.252117e+00	2.676717e-01
4.549776e+00	-9.653359e-01	-7.437899e-01	4.453829e-01	2.046629e+00	1.250876e+00	2.672230e-01
4.530134e+00	-9.651287e-01	-7.448517e-01	4.449805e-01	2.046429e+00	1.249975e+00	2.666980e-01
4.511182e+00	-9.648775e-01	-7.460880e-01	4.444411e-01	2.046562e+00	1.248887e+00	2.663530e-01
4.492829e+00	-9.644045e-01	-7.475043e-01	4.433033e-01	2.046793e+00	1.247629e+00	2.668123e-01
4.504694e+00	-9.638036e-01	-7.483187e-01	4.424773e-01	2.046898e+00	1.246503e+00	2.675113e-01
4.529057e+00	-9.634760e-01	-7.496938e-01	4.421033e-01	2.046959e+00	1.245557e+00	2.673790e-01
4.545394e+00	-9.630331e-01	-7.497824e-01	4.422484e-01	2.046892e+00	1.244978e+00	2.671906e-01
4.562338e+00	-9.625587e-01	-7.492381e-01	4.421879e-01	2.046794e+00	1.244508e+00	2.663732e-01
4.578889e+00	-9.623640e-01	-7.494198e-01	4.424002e-01	2.046543e+00	1.244092e+00	2.657356e-01
4.610533e+00	-9.623490e-01	-7.482102e-01	4.432721e-01	2.045754e+00	1.244006e+00	2.641812e-01
4.650802e+00	-9.624213e-01	-7.481294e-01	4.441501e-01	2.045094e+00	1.243903e+00	2.631581e-01
4.679390e+00	-9.622611e-01	-7.478522e-01	4.445742e-01	2.044810e+00	1.243768e+00	2.626920e-01
4.676887e+00	-9.622444e-01	-7.482193e-01	4.451658e-01	2.044791e+00	1.243580e+00	2.628183e-01
4.653334e+00	-9.620336e-01	-7.486965e-01	4.455270e-01	2.044904e+00	1.243439e+00	2.634243e-01
4.653268e+00	-9.617685e-01	-7.486303e-01	4.456295e-01	2.044678e+00	1.243299e+00	2.635922e-01
4.636757e+00	-9.617505e-01	-7.480241e-01	4.458421e-01	2.044198e+00	1.243436e+00	2.640582e-01
4.627414e+00	-9.614488e-01	-7.477929e-01	4.459583e-01	2.044016e+00	1.243354e+00	2.644933e-01
4.618654e+00	-9.611185e-01	-7.475417e-01	4.458580e-01	2.043860e+00	1.243262e+00	2.649996e-01
4.610798e+00	-9.609064e-01	-7.476218e-01	4.462538e-01	2.043546e+00	1.243173e+00	2.654690e-01
4.616542e+00	-9.606754e-01	-7.476478e-01	4.465979e-01	2.043300e+00	1.243074e+00	2.654401e-01
4.606675e+00	-9.603894e-01	-7.470641e-01	4.465274e-01	2.043124e+00	1.243173e+00	2.659527e-01
4.602582e+00	-9.599771e-01	-7.466818e-01	4.464184e-01	2.042996e+00	1.243147e+00	2.665752e-01
4.602423e+00	-9.597615e-01	-7.452269e-01	4.466603e-01	2.042718e+00	1.243378e+00	2.667284e-01
4.594159e+00	-9.596416e-01	-7.447125e-01	4.469220e-01	2.042469e+00	1.243682e+00	2.669967e-01
4.561892e+00	-9.598507e-01	-7.457242e-01	4.476280e-01	2.042186e+00	1.244262e+00	2.674430e-01
4.547208e+00	-9.598896e-01	-7.468231e-01	4.482815e-01	2.041902e+00	1.244607e+00	2.676513e-01
4.541882e+00	-9.598490e-01	-7.461801e-01	4.486890e-01	2.041636e+00	1.244964e+00	2.676975e-01
4.545253e+00	-9.594383e-01	-7.451856e-01	4.486884e-01	2.041389e+00	1.245308e+00	2.677576e-01
4.542041e+00	-9.593307e-01	-7.453019e-01	4.490110e-01	2.041072e+00	1.245781e+00	2.676977e-01
4.543455e+00	-9.593535e-01	-7.446300e-01	4.493412e-01	2.040907e+00	1.246018e+00	2.677645e-01
4.552729e+00	-9.594419e-01	-7.437836e-01	4.496062e-01	2.040791e+00	1.245936e+00	2.676723e-01
4.557289e+00	-9.592910e-01	-7.429411e-01	4.494249e-01	2.041074e+00	1.245689e+00	2.679708e-01
4.548182e+00	-9.593446e-01	-7.430945e-01	4.496798e-01	2.041028e+00	1.245780e+00	2.682644e-01
4.538495e+00	-9.593902e-01	-7.431775e-01	4.501896e-01	2.040940e+00	1.245763e+00	2.687326e-01
4.523682e+00	-9.594741e-01	-7.443004e-01	4.504855e-01	2.040872e+00	1.245714e+00	2.692880e-01
4.518491e+00	-9.595331e-01	-7.450792e-01	4.506829e-01	2.040908e+00	1.245702e+00	2.695511e-01
4.518236e+00	-9.596296e-01	-7.467202e-01	4.509181e-01	2.041018e+00	1.245638e+00	2.696842e-01
4.517230e+00	-9.597893e-01	-7.464555e-01	4.509928e-01	2.041077e+00	1.245582e+00	2.695944e-01
4.516531e+00	-9.597997e-01	-7.462892e-01	4.510606e-01	2.041057e+00	1.245633e+00	2.695360e-01
4.517526e+00	-9.597853e-01	-7.437876e-01	4.506889e-01	2.041160e+00	1.245827e+00	2.697965e-01
4.521208e+00	-9.600710e-01	-7.424568e-01	4.507217e-01	2.041358e+00	1.246146e+00	2.697372e-01
4.531704e+00	-9.599925e-01	-7.418361e-01	4.506380e-01	2.041270e+00	1.246178e+00	2.693936e-01
4.526425e+00	-9.598316e-01	-7.422381e-01	4.504916e-01	2.041418e+00	1.246357e+00	2.695785e-01
4.529371e+00	-9.594444e-01	-7.423150e-01	4.500141e-01	2.041341e+00	1.246480e+00	2.697910e-01
4.527438e+00	-9.594319e-01	-7.428317e-01	4.500754e-01	2.041304e+00	1.246338e+00	2.695055e-01
4.525646e+00	-9.593862e-01	-7.439183e-01	4.502178e-01	2.041127e+00	1.246279e+00	2.689482e-01
4.522430e+00	-9.595584e-01	-7.454038e-01	4.501458e-01	2.041233e+00	1.246123e+00	2.685189e-01
4.525289e+00	-9.595650e-01	-7.461145e-01	4.502664e-01	2.041240e+00	1.245923e+00	2.682984e-01
4.527343e+00	-9.591727e-01	-7.466617e-01	4.499937e-01	2.041364e+00	1.245666e+00	2.685589e-01
4.528166e+00	-9.590335e-01	-7.473063e-01	4.497070e-01	2.041459e+00	1.245614e+00	2.687548e-01
4.532558e+00	-9.590571e-01	-7.470745e-01	4.496841e-01	2.041473e+00	1.245432e+00	2.684407e-01
4.541314e+00	-9.588726e-01	-7.454577e-01	4.494435e-01	2.041325e+00	1.245748e+00	2.679252e-01
4.552688e+00	-9.585337e-01	-7.442815e-01	4.489076e-01	2.041305e+00	1.245822e+00	2.680031e-01
4.564413e+00	-9.586602e-01	-7.437538e-01	4.489108e-01	2.041333e+00	1.245643e+00	2.676308e-01
4.567780e+00	-9.586722e-01	-7.440330e-01	4.490616e-01	2.041058e+00	1.245649e+00	2.673755e-01
4.569508e+00	-9.584948e-01	-7.445602e-01	4.490240e-01	2.041181e+00	1.245399e+00	2.672784e-01
4.566383e+00	-9.587382e-01	-7.449836e-01	4.491629e-01	2.041326e+00	1.245127e+00	2.672442e-01
