4.6154006714e-02
-8.6404102776e-03
1.4422064985e-01
-6.8225223421e-02
3.1654968408e-02
3.6153313384e-02
9.6149399343e-02
-4.0900707422e-02
6.6955050734e-02
1.3730550920e-01
-2.6882610840e-02
-1.4990731708e-02
-3.1388417952e-02
8.5512097449e-02
-7.0501882911e-02
-1.6532403058e-02
-6.4306042743e-03
8.8781326654e-02
1.5281459071e-01
-4.4823441118e-04
-1.7854708352e-02
2.7505693231e-02
3.1173287454e-02
1.4400591916e-02
-8.7137682511e-03
-3.2851836852e-02
2.5146007757e-02
-2.4629762632e-02
1.5981769208e-02
1.6432235836e-02
7.5335800059e-02
-3.1920553983e-02
-3.5188320105e-02
1.3145975902e-01
-9.9106339248e-02
-1.0797010194e-01
-5.0034680696e-02
4.5403048635e-02
4.5706640548e-02
5.4608318653e-02
-5.6439165540e-02
1.0933568855e-01
6.7253190817e-02
4.5363774415e-02
-6.5576137479e-02
-1.3748743209e-02
-2.0081798173e-02
7.8195717294e-02
2.8417484929e-02
3.4399245919e-02
9.4508252094e-02
9.5599275483e-02
7.7701495344e-02
6.7382935647e-02
-3.0397994048e-02
-8.8826491201e-02
-2.0017836946e-02
3.4460938306e-02
5.2429491192e-02
-3.4277201173e-02
7.1686994404e-02
-2.8459492464e-02
2.1735249826e-03
-5.6164776822e-02
-7.9839202898e-02
1.4719607821e-01
5.2470140568e-02
8.9977632794e-02
7.0103394511e-02
-2.9703961794e-02
3.4793890358e-02
-5.1701027335e-02
-1.6715693930e-02
4.7492898363e-02
-6.5640563851e-02
-2.4860224217e-02
-3.7175808261e-02
1.6783453515e-02
6.8558819233e-02
5.8792682528e-02
1.0902521710e-01
8.1646723422e-02
6.8868541509e-02
-1.6640093910e-02
3.4980782255e-02
-6.1562036832e-02
-6.5400202907e-02
7.8458431310e-02
-5.0960214958e-02
8.5763944017e-02
-2.5137714684e-02
8.3620558898e-02
-4.8863422362e-02
-1.1799331170e-02
7.4083855423e-03
6.1984259497e-02
3.8600280816e-02
-7.3125649212e-02
-1.6481465237e-02
-6.1600795718e-02
7.9995790873e-02
-5.1411516643e-02
-6.5398683348e-02
2.6731621024e-02
-2.7039573225e-02
-7.3248013526e-03
-1.8752324048e-02
9.2703946118e-02
9.2997770502e-02
1.5850956445e-02
6.3949762877e-03
2.3570907365e-02
9.8276392876e-03
8.2275594325e-02
-5.2887380486e-02
7.4800571655e-02
-5.8092457746e-02
-2.2342322082e-02
4.6707291973e-02
6.8737573937e-02
1.2159914172e-02
-1.1317785725e-02
-2.4266859427e-02
5.4011232515e-02
1.2012651597e-02
-6.1152313294e-02
3.0425948200e-02
-1.3302855047e-02
-3.7205254249e-02
-4.0047902920e-02
-5.7611958358e-02
1.6598506276e-02
-7.6874881245e-02
-2.1441044637e-02
-1.4724334614e-02
-9.5535295222e-02
-3.4343996121e-02
1.3466666207e-02
2.4356483718e-02
1.7874619290e-02
4.3094034035e-02
-1.8948893276e-02
1.1970164045e-02
-6.9242798130e-03
2.1835848143e-02
-1.0434411151e-01
3.0357677673e-02
-7.5855500500e-02
1.0145287130e-01
3.3899504340e-02
1.2447287760e-01
-2.7049751251e-02
9.6840272005e-03
9.6609277311e-03
9.0484314364e-02
-1.3133195014e-02
1.9673416201e-02
1.6389737053e-02
4.4440018637e-02
-4.0363709699e-02
8.8887881610e-02
-2.5248037660e-02
-4.2100130196e-02
-6.5856127419e-03
-4.2384460276e-02
3.4529144590e-02
1.6927740835e-02
-6.4323791080e-03
-7.6983455875e-02
5.8062943214e-02
-8.2528752370e-02
-3.8190959528e-02
-3.4135870754e-02
6.6327461875e-02
-9.1411444561e-03
1.0282041662e-01
-5.3009688057e-02
-9.7827090560e-02
-1.1287260673e-01
-5.3464368058e-02
5.0553098131e-02
-2.6933219994e-02
-5.1761996968e-03
2.0400777636e-02
-4.9455934582e-02
5.1425037698e-02
5.5402266499e-02
-4.2355718553e-02
6.2873262560e-02
5.6834056646e-02
5.1690111910e-02
-1.5313054860e-01
1.1154662342e-01
-4.6308541296e-03
2.4432524465e-02
-4.1233815517e-02
3.0559296702e-02
2.7252594223e-02
1.1187242103e-01
4.4711585169e-02
1.5993866001e-02
5.3682889238e-02
-1.1783304679e-02
-5.3147401177e-02
-2.5534446496e-02
8.4717911319e-02
5.9234288332e-02
8.9743999351e-03
-5.0503779831e-02
3.7743675950e-02
-1.2860125823e-02
7.4081894277e-02
7.7244000193e-02
-1.1668439667e-02
-1.5770755808e-02
-3.5388483547e-02
3.1614143777e-02
7.3058499516e-02
-4.8028620149e-02
5.9228708987e-02
-1.1817964351e-01
5.1765048481e-02
3.8257904695e-02
1.2819107652e-02
-8.1095755306e-02
-5.7110741356e-02
1.3460241550e-01
-3.1088239121e-02
-6.8521732468e-02
-5.5601773267e-02
6.7959741390e-03
-7.9078931531e-03
-8.0866835290e-02
-8.2788613636e-02
2.5767659112e-02
4.3282193974e-02
-9.2057690383e-02
-5.8331797764e-02
2.9602818521e-02
1.9963520395e-02
5.1176338511e-02
4.1012267526e-02
6.2479774150e-02
-3.7325468604e-02
4.0285670330e-02
-3.2699751403e-02
9.2309605729e-02
4.1734063411e-02
9.5973230148e-02
-3.6668954139e-02
-1.2241434974e-02
2.4974053090e-02
-7.8016955939e-02
-6.6975806287e-03
2.4708961486e-02
-1.1530498305e-02
3.6274979363e-02
2.6529873660e-02
9.8820552205e-02
-2.3073888496e-02
1.6455639842e-02
3.3332312841e-02
3.5703475097e-02
3.8139283144e-02
-7.6122602890e-03
-7.3513284208e-03
3.0338968631e-02
-1.1906527428e-01
-1.1648171460e-01
-5.5761503673e-02
-1.1118609835e-02
2.6116890553e-02
-1.3361620308e-02
4.8173949803e-02
4.4826078020e-02
2.7430969763e-02
-6.3167263938e-02
6.6705281938e-02
2.7987225415e-02
-2.2996613802e-02
-7.3338832751e-02
2.6510261850e-02
6.4988131508e-02
2.4574729987e-02
6.3224532224e-02
9.5251561521e-02
-1.0994990147e-01
1.2829856999e-02
-1.6658371887e-02
2.6716792830e-02
3.4108420229e-02
-3.0329207292e-02
4.5346047470e-02
-1.3794582993e-02
-2.0393026826e-02
-7.8483343849e-02
2.0950336610e-02
5.6143309268e-02
2.1045269254e-02
3.3216004139e-02
5.4579216774e-02
1.8641063072e-02
-2.7903644964e-02
-3.7419718985e-02
-4.8273216701e-02
-4.2240160307e-02
-8.6587051282e-02
1.8163037771e-02
1.3705732503e-02
4.2593741537e-02
5.4464858499e-02
1.4620191076e-02
6.7273786783e-02
7.0249135631e-02
-2.4512945536e-02
-5.5381207569e-02
2.5955365672e-02
-5.4148713842e-03
5.4507865316e-02
-2.5939510257e-02
3.7071582675e-02
4.2915209116e-02
4.6712163743e-02
-6.1968445638e-02
3.6579480336e-02
-3.6504998885e-02
-1.0121913917e-01
3.8608622489e-02
-6.2286258880e-03
-6.4004827160e-02
-4.2582902806e-02
2.4931703614e-02
2.5931557959e-02
-3.0828394733e-02
5.7525818783e-02
-1.4570565381e-02
4.1360007461e-02
3.5252505937e-02
1.3862153179e-03
-1.1305050667e-02
-1.0575670605e-01
2.8614260066e-02
1.6557246906e-02
-6.6069327477e-03
2.5652382676e-02
-1.6673671445e-02
3.7211771894e-02
4.7152496314e-02
-1.1451048805e-01
2.8713295111e-02
4.8419158579e-02
-1.3252726362e-01
-2.7682680049e-02
-5.6975348052e-02
-3.1130112197e-02
4.3288766813e-02
-4.1575875453e-02
-2.2449669922e-02
-6.1738149726e-02
-5.7247301212e-02
-7.2009499745e-03
-3.2781511002e-02
-1.6776615015e-02
-3.6573732919e-02
9.5265277321e-02
-3.2356600136e-02
8.5007487735e-02
4.1809299066e-02
7.1616067795e-03
-7.1029928243e-02
-5.3073150455e-02
5.0388177462e-02
3.7071955406e-02
-4.6030721094e-03
1.6179532456e-02
-7.6585672503e-02
-8.2214929455e-02
1.1962996395e-01
6.0297340226e-02
9.5521186726e-03
9.9299790380e-02
-1.0748901742e-01
-5.4109113011e-02
2.4782321198e-02
-5.1059846430e-02
4.4321733976e-02
2.7316349348e-02
1.1003532315e-01
-2.5814475016e-02
5.2916976874e-02
-1.5183590807e-02
-3.7713757547e-02
7.0376139561e-02
2.8598343898e-02
2.8971310111e-02
-9.9951318064e-02
2.1878224912e-02
-2.4008569415e-02
8.5369506006e-02
-1.9745943701e-02
6.9881947911e-02
1.6731568214e-02
6.7475566475e-02
-5.2791020720e-02
1.2681958307e-02
1.2130946815e-01
5.8801953155e-02
2.2496601875e-02
1.1660844445e-01
-2.9789186821e-02
-1.5368274753e-02
4.8012187650e-02
1.8416755605e-02
7.9037715512e-02
8.2075676119e-02
-2.1536294056e-02
1.3986409127e-02
3.6492566553e-02
-3.2462404636e-02
-1.7816167619e-02
