3.6465947211e-01
1.3513118411e+00
1.0221596313e+00
-3.7243786352e-01
-5.2218017009e-01
-9.2519816194e-01
7.6028334451e-01
-1.2255995745e+00
1.0745196472e+00
-8.4681013550e-01
3.9680433326e-01
8.3841670690e-01
-4.3771150530e-01
2.4116772741e+00
-2.7411096822e-01
-2.9251337700e-01
-3.1874079982e-01
4.9180935226e-01
9.3222133256e-01
-7.9045012053e-01
1.7687752327e-01
-3.3088573906e-01
-2.9662658698e+00
1.2173607286e+00
8.3400278197e-01
-1.7913289796e+00
8.8274871933e-01
6.0491559496e-01
-1.1580178148e+00
1.7686532220e+00
-9.4968380399e-02
-7.5034780210e-01
-2.5660859810e-01
-7.5113281644e-01
-2.3858654073e-01
-2.1001642746e-01
4.4746178641e-01
-1.6691617034e+00
-1.4437282271e+00
9.7643231011e-03
-5.9958613383e-01
1.1211451323e-01
-7.1922698679e-01
-8.0850955884e-01
-6.6958520207e-02
-8.4543186748e-01
-3.4484929862e-01
-4.0948461689e-01
-5.0974343788e-01
-1.6893248126e-01
1.1558565279e+00
-8.5413518796e-01
2.9508240430e-01
1.4307580197e+00
-1.5985805862e+00
-3.9510316481e-01
1.0610290754e+00
-8.8803276036e-01
5.2275447956e-02
-5.0447984976e-01
-4.3703230715e-01
1.8387459610e-02
2.2938480209e-01
-2.2416171355e-01
6.7897118898e-01
2.9643974373e-01
1.0846573861e+00
-1.2174804941e+00
9.1031548142e-01
-2.3394242804e-01
-1.0534021458e+00
-1.6902664662e-01
-5.8476585917e-01
-7.2340319448e-01
3.8839436833e-01
1.5797222292e+00
-6.7155001611e-01
1.9747161603e+00
1.3064038025e+00
2.8236571260e-01
2.8853699706e-01
-1.0669791261e+00
4.9804935522e-01
-7.0365511908e-02
-1.1827720622e-01
1.0606471781e+00
8.3719239102e-01
-1.2476610424e+00
4.2474822421e-01
3.6355493634e-01
-1.0048168032e+00
4.3876296707e-01
6.5701712428e-01
2.0799828693e+00
8.6547058821e-02
5.8159963165e-02
3.1684602168e-01
-5.3003367673e-01
1.1525473858e+00
2.1174836175e-01
6.2748080809e-01
-1.0887534986e-01
1.5853811757e+00
5.9530160516e-01
-1.0643767580e+00
8.5971097536e-01
1.7323614295e-01
5.4121584866e-01
-5.5766434714e-01
1.4811393867e+00
-1.2434298998e+00
-3.0400804391e-01
3.7005927996e-01
4.8285107845e-02
8.2157922562e-01
-7.6767154965e-01
1.0511039755e+00
-1.2927302379e+00
-8.7518225285e-01
1.3093459221e+00
-1.4232523367e+00
5.4121862336e-01
7.5202175113e-02
1.4429752001e+00
-4.2308546028e-01
-8.4031740813e-01
-5.5402349104e-01
1.9503000577e+00
1.5610935812e+00
-1.0945475216e+00
-2.2111029882e-01
1.9823661561e+00
-2.4719470751e-01
9.5328001179e-01
-1.2048196679e+00
-2.1583881104e+00
1.0079174685e+00
8.9527875958e-01
-1.2630154598e-01
1.2020784805e+00
1.7608348611e+00
8.8374718144e-01
1.7127658714e+00
-7.3931713753e-01
1.8190018482e+00
4.9053744714e-01
8.5888213847e-01
-7.8218090166e-01
1.4344657665e+00
-2.6884570325e-01
1.0442994448e+00
8.3974120360e-02
-2.5852935158e+00
8.5063976190e-01
6.0603659775e-01
4.1508131268e-02
-5.5762086703e-01
-2.3256971263e+00
1.8498974419e+00
-1.1504384827e+00
5.0868777709e-01
-4.2728528305e-01
-6.4668064366e-01
-9.2797847332e-01
1.7393655743e-01
-8.1806412627e-01
-1.0379217512e+00
-9.0655300476e-01
1.3916434316e+00
1.8869675337e+00
-5.8810029397e-01
-2.7412359895e-01
9.1601182160e-01
3.8770640789e-01
-1.4177059851e-01
3.3111971489e-02
1.4396629228e+00
-1.5387042885e+00
-1.4494228171e+00
-6.1340517764e-01
-3.9494879135e-01
-8.7677745225e-01
1.6037871611e+00
-5.3035610605e-01
6.0205304571e-01
-5.6761316673e-01
-1.8739884043e+00
-2.3312132774e-01
4.9753972897e-01
2.6671971333e-01
7.2979883022e-01
8.0449612783e-01
-3.9900842036e-01
-9.8656736176e-01
1.0892988114e+00
-4.5768850685e-01
2.7640611276e-01
9.0058107515e-02
2.5510063019e+00
-8.2455360025e-01
-1.0738692569e+00
-2.6523966559e-01
1.8444305300e+00
9.3816174130e-01
6.8606162546e-01
1.2700429671e+00
1.0452967101e-01
-1.7840172895e+00
4.6708045227e-02
-1.8850013424e+00
-8.5443084371e-01
5.4153707217e-01
-5.4913058515e-01
-2.9581518013e-01
-1.7581868012e+00
1.0369081452e+00
2.4347973170e-01
1.9972128762e-02
5.7566720348e-01
-4.7661939760e-01
-1.4113082166e+00
-2.8773682773e+00
3.7076499333e-01
-1.3444616844e+00
-9.1148624509e-01
-4.2051347880e-01
7.3623901288e-01
1.2651025305e+00
-4.7448896804e-01
-1.3999540156e+00
3.5182275998e-01
-6.3800851283e-02
7.4654077267e-01
-1.6510639183e+00
-1.4934158408e+00
-1.0213340475e+00
1.9760977084e-01
2.4076042993e+00
-1.6909076302e-01
-4.9005268053e-01
-6.5017235254e-01
-8.0700046891e-02
-9.1809624073e-01
2.1120483808e+00
-1.1396954683e+00
-5.1098334275e-01
7.0737239009e-01
1.1345509221e+00
3.2246966116e-01
5.0232847453e-01
-2.9894396685e-01
2.1298535393e-01
-1.0914680753e-01
-4.9871334178e-01
-1.2927098722e+00
9.3529645786e-01
-6.1480915172e-01
5.2443463411e-01
-7.2798378214e-01
8.0593360615e-01
-1.5774039217e+00
9.6876034016e-02
-5.4735995427e-01
1.2668056055e+00
-1.8914011621e-01
-1.0030840617e+00
7.9576048000e-01
-5.2554020287e-01
-1.0808484167e+00
1.2647949249e+00
-1.4106828765e+00
-4.0743355886e-01
-2.5561142478e-01
3.1644784796e-01
-1.5065674646e+00
3.0986137740e+00
-7.7984969430e-01
-1.1272129737e+00
1.1298770316e+00
-1.5946068558e+00
6.6315224495e-02
1.1898786650e+00
-1.7106984628e+00
-1.3891188166e+00
-7.1421898798e-01
1.0724372709e-01
-9.7592306483e-01
6.5388650103e-01
2.1343832689e+00
1.3137297617e+00
-8.2126864641e-01
2.1309995326e+00
-1.8355413093e+00
-8.8624737660e-01
-7.1233995557e-01
1.5293324225e+00
-1.2838350417e+00
3.3489309655e-01
2.6513250009e-01
8.4389955586e-01
1.6306424522e+00
-9.8102728168e-01
-3.6040051241e-01
4.6598373699e-01
-2.9538495494e-02
-2.1200724416e+00
-7.8303989834e-01
-4.7142087698e-01
7.4870348025e-01
1.9432130284e+00
8.5219694738e-01
1.9254087739e-01
-9.0566900561e-02
-3.1702792829e-01
-1.9050693288e+00
4.9139890896e-01
-8.2448812299e-02
-1.2863534412e+00
-6.1844784433e-01
3.7044882561e-01
-1.5155370915e+00
-1.0817528332e+00
2.3323086066e-01
-4.5010470363e-01
4.3475933144e-02
-2.7993929387e-01
6.9785364041e-01
5.3924655435e-01
1.5189996705e+00
-6.4307752237e-02
-2.7219906485e-01
4.9292527321e-01
1.1516045728e+00
-1.9906943720e-02
6.9653445517e-01
8.6114382774e-01
2.4362449525e-01
-1.0956481385e+00
-6.2239552959e-01
1.7696069231e-01
-9.0341895342e-01
-2.7756568058e-01
7.2117880306e-02
1.7493011572e+00
-1.0274874343e+00
1.0760831914e-01
-1.7234941555e+00
5.1389553539e-01
6.5348570403e-01
1.7588391573e+00
-3.8068784811e-01
1.4791564223e-01
-8.9567106951e-01
6.3253918107e-01
1.2274037050e+00
1.3662689770e-02
-1.1544710390e-02
-5.6548646314e-01
1.5268062137e+00
-6.8543929975e-01
-3.4365006971e-01
1.2718216369e+00
1.5322584493e+00
-1.8784911311e+00
1.1622411939e+00
1.1606494231e+00
-1.5932767235e+00
-1.0480089661e+00
1.3218738295e+00
-3.5560918077e-01
-1.0671773864e+00
-3.1667920843e-02
-1.3395079979e+00
3.4944487034e-01
-4.6088204216e-01
2.7224243181e-01
4.1934874494e-01
-3.3380249957e+00
3.6195772033e-01
-1.0845873939e+00
1.1345418766e+00
-6.1869043980e-01
4.4343383004e-01
1.2693442509e+00
-1.2580268676e+00
1.1680298044e+00
2.4968117561e+00
8.8210289665e-02
1.9195003964e+00
1.3422434560e+00
1.9482476431e+00
-8.2375591773e-01
1.2133947083e+00
1.1726098700e+00
-9.6047223622e-01
5.8797324795e-01
-1.3657074991e+00
-6.0363490677e-01
-1.7330540919e+00
-1.1484821183e+00
3.8396817284e-01
1.0891878474e-01
2.8130119896e+00
1.4010722440e+00
5.7282716988e-01
8.4038803808e-01
-1.9749842677e-01
4.7990452719e-02
-1.3216286443e-01
2.4056178579e+00
-2.4239390625e+00
-8.5579211971e-01
7.6557943459e-01
-2.1233940505e+00
5.6520862201e-02
9.3986816855e-01
5.6106000760e-01
-1.5298036679e-01
-1.7100073166e+00
-6.9575371698e-01
7.0890998225e-02
-3.9278560204e-03
7.7725879790e-01
1.1552978468e+00
-1.3631584948e+00
-4.7239480931e-01
2.7810683607e-01
-1.3080412758e-01
7.7523658860e-01
1.0682497695e+00
6.0506294481e-01
1.7596283118e+00
2.0085839087e-01
1.7071695759e-01
1.4693078563e+00
8.4965761135e-01
1.7779127673e+00
-2.8516299019e-01
5.6785956016e-01
-8.3188651207e-01
-6.8818800586e-02
2.4860454459e-01
3.2884164033e-02
4.3499917460e-01
2.9086263330e-01
-3.6075880751e-01
9.7778630993e-01
3.3046402866e-01
4.9503978471e-01
-6.2161520149e-01
1.2100582108e+00
6.2497528284e-01
1.3199802332e+00
2.1645137043e-01
-1.1063012058e+00
-4.2276302711e-01
-3.2558690245e-01
1.5660618570e+00
1.6054813829e-01
8.8332137862e-01
-7.6670002521e-02
-4.5577327945e-01
3.6497788614e-01
-8.9019031106e-01
8.4516628554e-01
-1.4348384949e+00
-5.7630213840e-01
-6.1212689894e-02
2.5719596899e+00
1.4368428295e+00
1.4538673261e-02
9.8666541340e-01
2.4269916737e-01
-2.1806580548e+00
1.1443120263e+00
-5.0756201416e-01
1.2416513282e+00
2.1937541147e-01
-1.1075564472e+00
-9.5463621026e-01
-4.1087226808e-01
3.2387910971e-01
6.7584129766e-01
4.4758690909e-01
5.7670801714e-01
1.4874845025e+00
-2.2807893309e+00
-1.6947435660e-01
2.8115024439e+00
-8.2272414713e-01
8.5236992055e-01
1.2515604980e+00
-8.4458847830e-01
-1.8542601730e-01
1.0584475409e+00
1.5327380544e+00
-2.4763887505e+00
-3.1310188434e-01
-1.4952983469e+00
6.4975628863e-01
8.1497628412e-01
-9.3329329039e-01
-7.0688877743e-01
-1.8312411871e-01
4.2295392112e-01
1.2617163111e+00
7.3641117567e-01
3.6683480263e-01
7.1579621187e-01
-4.8894194441e-01
-7.5563910401e-01
1.4233324323e+00
5.1854213851e-01
3.9193882446e-01
1.0522968048e+00
6.1370858460e-01
-2.8116682828e-01
4.6995775083e-01
-7.5800074785e-01
-9.1751368455e-01
1.4406922846e+00
1.6444338404e-01
2.1070422971e+00
5.4422176917e-01
-1.6239487234e+00
-7.6955393196e-01
6.4122071343e-01
4.6958672492e-01
8.5733314364e-01
-8.4301327939e-01
-1.0516149320e+00
-4.3168819144e-01
1.2438585831e+00
-1.7024783612e+00
3.6935589342e-01
-3.6844687714e-01
2.2993750596e-02
-3.4114433448e-01
1.4966481542e+00
-2.4655706677e-02
-9.9013601227e-01
1.2843824638e+00
-1.0176364380e+00
-1.4185792672e+00
1.1669101716e+00
-5.4061411063e-02
-1.1150717828e+00
-5.8950950851e-01
9.3140107593e-01
-1.1054743807e+00
-1.2475448811e+00
1.8028513913e-01
-9.3972894972e-02
-1.1530845552e+00
-6.3896066992e-01
2.8434577618e-01
5.6872968217e-01
-1.9999130424e-01
-1.4699434966e+00
6.7269925149e-02
-1.7208685829e-01
2.4975931699e-01
4.8999039280e-01
3.6550640185e-03
-1.1476413195e+00
1.7766034152e-01
-7.3180133555e-02
-4.6090519856e-01
6.6662435208e-02
1.0066095694e+00
2.8861667412e-01
-6.2916663473e-01
-1.9376990682e-01
4.0313619571e-01
3.2080988787e-01
4.2588660115e-01
8.0412696128e-01
-6.4635298185e-01
3.6812556209e-01
-4.3327338855e-01
7.1218618816e-01
-4.0253902594e-01
3.3525699072e-01
3.1739044354e+00
5.7625386202e-01
1.4544263390e+00
7.4261402233e-01
1.3192617739e-01
5.0590178972e-01
5.3205369150e-01
-7.3067056290e-01
-7.7797834378e-01
-7.8227052276e-01
4.0439537034e-01
-1.3824419392e+00
-2.1265305216e+00
9.2875817172e-01
-1.2325666618e+00
1.0929209107e+00
-1.4388996012e+00
9.9341624119e-01
1.3526834601e+00
8.6584302086e-01
-8.8818589578e-01
1.6821967379e+00
-3.9753214169e-01
-5.1603107319e-01
-1.0883821612e+00
-1.0127941571e+00
-4.4561188769e-01
1.6607653151e-01
-1.2642533444e+00
1.4604942170e+00
-6.4420018373e-01
-1.6406743730e-01
5.7071605813e-01
-3.6818454584e-01
-8.1185256235e-01
-5.1644924065e-01
-4.0968346331e-02
-3.6949133155e-01
1.4583266260e+00
4.3335750552e-01
-4.1972552409e-01
-2.9256992381e-01
-2.1592844091e-01
-7.9912095164e-01
7.4510589061e-01
-5.1482919992e-01
-1.1459877864e+00
1.1703810016e+00
-1.5764893098e+00
-2.7149567292e-01
-1.0422839661e+00
2.9954632709e-01
2.1700878190e-01
1.0489623254e+00
6.3071945859e-01
-1.4638841912e+00
-2.7739859260e+00
-1.0610096587e+00
-3.7282909024e-01
9.5595654200e-01
-1.1053449436e+00
-5.6437533639e-01
1.6074788977e+00
-3.2130254063e-01
-3.7367317771e-01
-1.2373570603e-01
-6.1765368691e-01
-1.2987131150e-01
-5.7266212287e-01
-1.1363840022e-01
6.1178514922e-01
-2.0516676448e+00
-5.6813074108e-01
3.8140927346e-01
-6.2633661862e-01
-1.0533133340e+00
1.6696310355e+00
1.2650364818e-01
4.2946587642e-02
-1.1060453256e+00
4.9562732302e-01
1.4041175860e-01
-4.1163258877e-02
-1.4627661788e+00
-1.4002429217e+00
9.1361547964e-02
1.6040914436e-01
8.1911375878e-01
-1.9137170560e+00
-2.1101652811e+00
1.7312857447e-01
9.0488882680e-03
-1.7706248825e+00
-1.0646833201e+00
8.8457432125e-01
-5.3356991641e-01
8.4886253222e-01
1.0171396528e-01
3.8058985282e-01
-5.7303538141e-01
-1.9039813466e+00
-1.9522401421e+00
1.6406371067e-01
-6.0560515261e-01
1.6985198834e+00
1.7994894031e-01
1.3781724127e+00
-1.0024132041e-01
-3.2903412670e-01
-6.0135323998e-02
5.6227366364e-01
5.3707748969e-01
-1.9307315155e+00
6.5975259772e-01
-1.4751279883e-01
6.2993879813e-01
1.1707754689e+00
-9.5073955559e-01
-6.5077818939e-01
1.2805088348e+00
5.4375543435e-01
3.4201327225e-01
-6.3789201716e-01
9.4614807427e-01
-1.0857065927e+00
1.5495909443e-01
8.0012489878e-01
1.2586165468e+00
1.5993692328e+00
-5.3729600068e-01
-1.7910557560e-01
7.0147594892e-01
5.0481690810e-02
1.9252051526e+00
-1.1147607868e+00
4.5987993772e-01
5.8215839720e-01
