3.3883628146e+00
1.1407693352e+00
-1.7520558689e-01
1.7036826528e-01
1.3095745398e+00
3.8366727754e-01
1.0510771525e+00
2.0945250781e+00
1.0222783348e+00
6.6967797671e-01
-1.6501916085e+00
1.5412989801e-01
-4.5109166088e-01
-3.7529001071e-01
-7.9749581677e-01
-7.2946596873e-01
-7.4606586452e-01
1.1585935077e-01
-2.6039514665e-01
6.0189196230e-01
7.9877192575e-01
4.5263948837e-01
5.2556983789e-01
-1.1950398269e+00
7.7664142534e-01
3.5154878516e-01
-5.2540846432e-01
7.9100428890e-01
-7.8788108848e-01
1.7137023486e-01
-8.2525744178e-01
2.1746303035e-01
2.0093231842e+00
-2.2777894482e-01
1.3795486427e+00
1.3279068557e+00
-2.5274388608e-01
-1.2173291548e+00
-1.3948613767e+00
-8.1552782749e-02
1.1554042203e+00
1.8622860355e-02
5.8573868688e-01
8.4687295705e-01
8.2698576345e-01
1.2104778027e-01
1.1771192366e+00
7.8120600452e-01
-3.8845623988e-01
-1.5125718735e+00
-2.4688231635e+00
1.9974316524e+00
5.9829462993e-01
1.3777940531e+00
5.5270144881e-01
-1.1633893882e+00
-1.5236497988e+00
-1.8054923843e+00
1.8596103761e-02
-4.6381605976e-01
1.4727793130e+00
-6.6724019625e-01
-1.7823948675e-01
9.9722553816e-01
6.1477514543e-01
-1.3237007624e+00
-6.5172923741e-01
8.9344220052e-01
8.6374519627e-01
3.5915578816e-01
4.9437392041e-01
8.0367055008e-01
4.5720012068e-01
9.8623237161e-01
-4.6083830649e-01
-1.1260433405e+00
-7.1619675517e-01
-8.9234520500e-01
3.5897184121e-01
-4.0900726543e-01
1.3022305072e+00
-1.8835886730e+00
2.8672017074e-01
-1.2009903237e+00
-9.6870236064e-01
4.3534574261e-01
-3.9716589509e-01
4.6455262280e-02
-1.5098665437e+00
-1.6629121335e+00
-1.1166765195e+00
7.6101522605e-01
9.3426240609e-01
1.1332234685e+00
-9.7741910215e-02
1.4655296652e-01
-5.7271473678e-01
-1.2716806312e+00
-4.5461589146e-01
-4.4732980299e-02
5.1323022628e-01
-7.7881428162e-01
-3.8121798331e-01
-1.0156354735e+00
-9.6216224393e-01
5.9209227321e-01
1.6306236639e+00
-1.4984648716e-01
-2.1620649213e-01
2.7495449451e-01
-2.1489414367e-01
1.1088141149e-01
8.7365208769e-02
5.3082945809e-01
1.5871000563e+00
1.3961888807e+00
-1.9221128908e-01
1.4547938156e+00
-1.2539522668e+00
6.0646135802e-01
-9.9481278494e-01
1.0933164046e+00
-5.6403048867e-01
-1.0020148480e+00
7.7961151942e-01
1.8181748505e+00
9.4471488656e-01
1.4130624562e+00
-1.1208390037e+00
4.6210350223e-01
-4.4048162407e-01
5.6272569903e-02
-1.8125787804e+00
2.8392028098e-01
2.2470652608e-01
6.6220923953e-01
1.3803814249e+00
2.7738002372e-01
-1.1071300276e-01
-3.1600290159e-01
-3.5521786721e-01
-4.2075139174e-01
-4.9208513960e-01
1.8403992629e+00
-3.2577451376e-01
5.2830755019e-01
1.2608883837e-01
-1.5358652716e+00
5.8036415117e-01
-1.6074736076e+00
-4.2501089558e-01
-6.2737786139e-01
8.1658225721e-01
-5.9674479664e-02
1.6302422675e-01
1.7801162681e+00
1.0265195015e-01
-3.3565585790e-01
2.1735229923e+00
4.0023349451e-01
-5.2514109763e-02
-2.2831774102e-01
3.5612415030e-01
-7.7814872367e-01
1.5456317745e+00
-1.0355162498e+00
7.1191083452e-01
-6.2983739663e-02
-2.3483792866e-01
8.3965613675e-01
9.2023666213e-01
-7.8815491855e-01
-8.5122975279e-01
1.2101087382e+00
8.4367094243e-01
-7.3443860188e-02
-9.1117295411e-01
4.7943960900e-01
7.2150721192e-01
-1.7699888687e-01
1.2673510238e+00
-8.5892366362e-01
-1.2935094711e+00
-5.3131729303e-01
5.2350520949e-01
-2.1390761034e+00
-5.8694978880e-01
-2.8182190184e-01
2.4551195002e-01
-1.6863477152e-01
6.9469565578e-01
2.1740549818e-01
2.1062037163e-01
-1.7181361395e+00
-1.6526654225e+00
-2.0334085505e-01
-6.3751393155e-01
1.0088237026e-01
-1.7462811121e-01
-9.6281199025e-02
-4.2432302342e-01
6.8036250133e-01
-1.5688596950e+00
2.5495441431e-01
5.1061193968e-02
-1.8509465838e-01
7.6338081017e-01
1.2358871992e+00
-4.8136453571e-01
1.0054731426e+00
-2.9479451411e-01
2.0772349181e+00
-9.6121552185e-01
-5.4949160446e-01
1.0485035766e+00
-7.3367930176e-01
-1.6977953629e+00
-5.1458667870e-01
-7.2327302852e-01
-9.9735535987e-01
-1.0360692675e+00
-1.2526768057e+00
6.2442279052e-01
-1.2856577226e+00
-9.3646440573e-01
6.5408495174e-01
1.4771879213e-01
-1.4625884499e+00
-9.8285912158e-01
5.3732560323e-01
2.1934104215e-01
4.6465196134e-01
9.5771855937e-01
2.1292170276e-01
-3.2267356609e-02
5.9286051395e-01
-1.1080769425e+00
1.7563060173e+00
-2.5242512635e-01
-1.7678157378e+00
-1.2513243745e-01
4.9155773786e-02
3.7932549082e-01
-7.3176533800e-01
-1.5641798846e+00
8.4343641807e-01
-8.2913115313e-01
-5.9416884224e-01
-2.3991119701e+00
3.5267585704e-01
-1.0013264751e+00
6.1414301262e-01
6.0344041604e-01
2.2532403999e-01
9.4848388422e-01
-8.3063400020e-01
1.3068767197e+00
7.7133020024e-01
-1.7055806750e+00
-1.1256275504e-01
-8.3160110737e-01
1.1541263049e-01
1.5111526312e+00
-1.3395686215e+00
1.9848507867e-01
7.4338609360e-01
1.3272174554e+00
2.4098679804e-01
-1.2436873022e+00
-1.0896964827e+00
1.7251933395e-01
-6.3856935090e-01
1.8260242514e+00
1.4119026841e+00
-1.6116956908e-01
2.4888373695e+00
2.9930030070e-01
-1.2535996617e+00
-2.2319322040e-01
-4.3209178435e-01
-7.3501711533e-02
1.9914233142e-01
-9.7808497042e-01
4.3048262828e-01
3.0255425106e-01
-7.5499969136e-01
9.7875929035e-01
1.0678169384e+00
-1.1660197594e+00
-5.4006777197e-01
-2.0671138853e+00
-1.6360127148e-01
5.0915503282e-01
1.6867511412e-01
1.5391324326e+00
1.0431831694e+00
-3.5340728340e-01
-5.8796925733e-01
2.7302272213e-01
1.0296934187e+00
-3.9417974646e-01
7.3450393737e-01
-1.7510072646e+00
1.0146768120e+00
-6.4465093736e-01
-6.2949742222e-01
6.7573400712e-01
1.0843919589e+00
-1.0729439837e+00
-7.9570057501e-01
1.5775358481e-01
-8.7887416770e-01
8.9169027452e-02
-5.2895654502e-01
1.4981876022e-01
-1.1917756857e-02
1.7007296085e+00
4.7588403809e-01
-4.5830791861e-01
-3.2213738801e-01
1.4560337623e-01
5.5314393983e-02
-1.8908299213e-01
-6.0599137164e-01
5.3045761879e-01
-9.2918729410e-01
-9.3680750367e-01
-1.9926108701e+00
-1.1128739753e+00
-7.9939457652e-01
-2.1456056405e-03
-5.6875133880e-01
-1.0973456154e+00
3.0535224220e-01
-5.2818371765e-01
-1.5029537900e-01
-1.0931095376e+00
-1.9966229902e+00
6.2345746446e-01
-7.9847908349e-01
3.0973815931e-01
-1.7683245664e+00
7.9301311663e-01
2.6090130321e-01
-7.4590251238e-01
7.4891481476e-02
2.4431476398e-03
-1.6975523613e+00
4.3231647875e-04
-2.3474040996e-01
-7.2265158779e-01
2.9397577112e-01
-1.3082166704e+00
-1.0229601774e-01
-1.2876870537e-01
9.0449983594e-02
3.3023906194e-01
-6.9060764446e-02
6.2755752819e-01
-9.3417676620e-01
-2.5669474901e-01
-8.3653912795e-01
-1.4718918170e-01
-1.1442550791e+00
2.1587646162e+00
1.6591053896e+00
7.7836296356e-01
7.1002952117e-01
-1.2708033725e+00
-5.1618543568e-01
1.8870927127e-01
2.0215933009e+00
-5.5863607000e-01
-3.8378062832e-01
-1.0637205972e+00
9.2977242413e-01
-8.9306915143e-01
9.9871373611e-01
-2.0312007129e+00
-1.6218301672e+00
-8.4199066044e-01
-7.3911359548e-01
-2.4786915518e-01
1.5477240156e+00
-1.0790679055e+00
2.9519864027e-01
7.6515495685e-03
9.6162061780e-01
-1.3538460642e+00
-6.4171242004e-01
-1.9594655661e+00
-6.8977514017e-01
-1.1717718985e+00
-1.6031751963e-01
8.2213394431e-02
-2.5935264661e+00
-3.7224857115e-01
-3.0189720731e-01
1.2675285003e-01
1.0935609603e+00
-3.4891899972e-02
7.1242847487e-01
2.9912112440e-01
-2.2826520408e-01
4.7440689514e-01
2.3969660088e-01
-2.3137429764e+00
5.8128284798e-01
2.3595852573e+00
-1.2354440051e-02
5.0154349550e-01
-1.0968637753e+00
2.5081950756e-01
6.2093729475e-02
5.4799759554e-02
-6.9052669995e-01
1.4019579018e+00
4.7065825065e-01
4.8154947217e-01
8.8864748657e-01
-2.0210124598e-01
4.4548206659e-03
1.7467839166e-02
-1.0271782362e-01
-2.0275258569e+00
9.1540507558e-03
7.3909127817e-01
2.6064291528e-01
2.4522443274e-01
-3.5788672989e-02
6.6866420648e-01
1.3921391471e+00
6.5824185888e-01
-1.1855523177e+00
-3.7931781103e-01
4.2772999424e-01
-1.2643979766e+00
1.6362629716e+00
-1.8285907607e-01
1.0386062902e+00
-1.9051940157e-01
-4.5262939873e-01
6.9944508101e-01
1.5121906823e+00
2.9083864596e-01
6.1857253003e-01
-5.6616037558e-01
-4.6737590776e-01
1.5852510709e-03
-6.5028882302e-01
5.0062288461e-01
2.6027550216e-01
-1.1031213887e+00
-9.8535060742e-01
-1.5553456713e-01
4.0013140543e-01
6.1216096277e-01
2.0215692508e-01
9.9051219805e-01
8.8492863260e-01
-1.5847045798e+00
8.9059757150e-01
-1.4532391501e+00
1.1515694519e+00
-3.4895176334e-01
5.1158173170e-01
2.9651909622e-01
2.1953839330e+00
1.2553999707e-01
-4.5062518606e-01
2.5576204349e-01
1.2936117267e+00
3.3007210071e-01
-6.5061224253e-01
-3.7330771908e-01
-1.1460209669e+00
8.2586123126e-01
2.8325250385e-01
-2.9754670463e-01
1.2464955925e-01
-1.0476772660e+00
-4.1422891046e-01
8.3300021665e-01
-9.4984184242e-01
7.4113373785e-01
1.9448544532e+00
3.7581857685e-01
4.1064089088e-01
-1.3698183849e+00
1.3425187445e+00
-1.4277037073e+00
1.6274543269e+00
-1.0086819566e+00
-8.0547976434e-01
-3.0507513185e-01
-5.7459466153e-01
-1.6417357020e+00
-6.3147347082e-01
-1.7300706371e-01
4.1732322180e-01
1.9981755836e-01
1.4127138123e+00
-3.9023189617e-01
-1.9156050591e-01
-8.0617830755e-01
7.2116282992e-02
-5.0590549602e-02
-6.5676609284e-01
-1.2913170394e+00
-5.6015669998e-01
9.2635741745e-02
2.8060138505e-01
1.2329461240e-01
-1.0241654364e+00
-4.8762862227e-01
8.7789676074e-01
6.0067718067e-01
1.4414497339e+00
8.9332078700e-02
-5.6091945683e-01
-5.9730788616e-01
-1.8528131676e-01
-4.0778770612e-02
-4.0131351849e-01
5.8375423460e-02
7.9231235506e-01
-1.0509210634e+00
2.2712409256e-01
-2.8880894448e-01
-6.8051849232e-01
-3.0715989801e-01
2.7024303421e-01
1.1664333999e+00
1.1535897000e+00
-4.6576408673e-01
1.3378064668e+00
1.2233677520e+00
-5.2993532092e-01
-9.6522553008e-01
8.5260725794e-01
-1.6947960197e+00
-7.8474896271e-01
1.4375460014e+00
-2.0029331745e+00
1.3841412356e+00
3.5895172936e-01
-1.5594892399e+00
6.2756376668e-01
-3.9811355432e-02
-1.1421641400e-01
5.0405660776e-01
7.4449248722e-01
5.3574212022e-01
-9.7810523215e-01
-2.3121177142e+00
1.3821203106e+00
3.3066850244e-02
5.8554226381e-01
1.6315795006e+00
-1.7423272629e+00
4.0790274302e-01
-1.6668947728e+00
-3.7693609510e-01
-5.2118330874e-02
1.8202537167e-01
8.8399814609e-01
-1.0036965513e+00
-2.2275680401e-01
-1.0372695732e+00
1.0837413617e+00
-4.5113677916e-01
2.7853856492e-01
-6.5945867022e-01
-1.4357592278e+00
-1.1073254538e+00
-6.9074670476e-01
-8.8271572517e-01
1.4995200968e+00
4.7357979765e-01
-1.0419854752e+00
-4.2133887423e-01
1.3901137434e+00
3.8107479642e-01
1.4106468978e+00
1.3048985432e+00
-5.4057992803e-01
5.2189381792e-01
-2.4617957682e+00
-3.1777161044e-01
-4.8421226907e-02
9.9309297338e-02
4.9412433705e-01
2.7582427458e-01
-8.9543349277e-01
-2.2421069303e-01
7.5538811792e-01
1.5242382397e+00
-1.5750851453e+00
-7.4380044014e-01
1.3310583258e+00
-7.1588689030e-01
-1.2572932808e+00
-8.8947704778e-01
-2.2838998530e+00
-3.5663327499e-02
-7.5559639808e-01
1.4669081253e-02
-1.1516067325e+00
-7.2364534200e-02
4.4438644297e-02
-1.8883324907e-01
3.5987000905e-01
7.5780856340e-01
-1.1574116371e+00
8.5318918804e-01
-6.7039122997e-02
-2.0757845080e-01
-7.0816554518e-01
2.2344667734e-01
-9.2541138414e-01
7.6107166490e-01
3.8020151987e-01
1.2421974760e+00
-2.8594844440e-01
9.7741493117e-01
-9.5715192181e-01
7.7143319166e-01
9.8573678406e-01
-8.6249010216e-01
1.3254012221e+00
-1.9117891198e-01
-4.8920044813e-01
9.9102707636e-01
4.7174790551e-01
-7.7908773455e-02
-1.4653906969e-01
3.9190427956e-02
2.4611367953e-01
5.3386536840e-01
4.6279220413e-01
8.6733603495e-01
1.2058359866e+00
-4.9954226627e-02
1.2201124544e+00
5.3540233063e-01
1.4196399180e-01
8.7453887201e-01
-4.6043685926e-01
5.5094622471e-01
-1.7066648762e+00
1.1148536178e+00
-1.9471983820e+00
-5.3844814069e-01
7.2172379198e-01
-1.3177086264e-01
-1.2515661704e+00
-1.2296079596e+00
-1.0758742209e+00
-7.8716335409e-01
-1.1257765430e+00
2.3790276249e-01
-1.4623438920e+00
1.3337442205e+00
-6.5852736290e-01
-2.6582954054e-01
1.4876850139e+00
2.8047604952e-01
1.2623181611e+00
-5.0262188254e-02
4.3279906801e-01
-4.8830785724e-01
1.5049367611e+00
5.5407764654e-01
-1.5312378774e-01
-1.6877970225e-01
-9.9225410335e-01
5.8776404064e-01
-2.7868693530e-01
-6.4671741802e-01
6.5367441190e-01
2.1217633379e+00
1.3911705769e-01
6.5637454529e-01
-6.6206690219e-01
4.4103923367e-01
1.9855402951e+00
1.7374238874e-01
1.5595404436e+00
7.7729365608e-01
1.4334045046e+00
-8.1547571243e-01
1.1101920246e+00
6.4618434601e-02
1.3115799254e+00
-1.3240292670e+00
-3.5085742490e-01
7.4355680731e-01
-2.3516543779e+00
2.8912206267e-01
-6.9695873290e-01
4.7045651408e-01
-1.3631393476e+00
1.3653588268e+00
1.1456964557e+00
7.4624172141e-01
-5.6307412158e-01
1.9295776679e+00
-7.5612069350e-02
-1.4818736549e+00
1.7473523719e+00
-5.1309132981e-01
1.4196353987e+00
-5.9214949441e-01
6.0704337061e-01
-1.6319237152e+00
-1.3282307221e-01
-1.7911888528e+00
1.2087143254e+00
5.2694941957e-01
1.2497315391e+00
