1.7357372304e+00
-8.6079401028e-01
-2.6075756149e+00
1.5192630271e+00
1.6612045989e+00
1.3255732557e+00
9.6689862949e-01
5.5652320864e-01
4.6538436038e-02
-2.0050254135e-01
-8.6403857607e-01
-6.5670214304e-01
-1.4082654893e+00
-5.0501973868e-01
-1.8385609523e+00
8.9379444828e-01
1.9542555472e-02
-2.8959820753e-01
-7.6299275313e-01
3.8059302382e-01
1.2301506447e+00
1.4172748731e-01
1.1280358391e-01
7.4795788009e-01
7.3091012124e-01
3.9661913252e-01
-1.6361638294e+00
-2.1097836575e-01
-1.3217890822e+00
-1.0407954566e+00
3.9969037402e-02
-7.4739246943e-01
-6.9194944479e-02
-2.7388118910e-01
-3.3010584120e-01
6.2182057813e-01
-2.3752219403e+00
7.8543459964e-01
-1.4716940459e-01
5.7720015974e-01
-6.4986608531e-01
-2.2814114493e-01
1.6150935631e+00
1.0390720233e+00
-6.0115492458e-01
6.5164307100e-01
7.5735395584e-01
-3.2967481079e+00
2.1692760638e+00
-3.7891953491e-01
5.4668949529e-01
5.1248103003e-01
1.1757058096e+00
-4.6987916005e-01
2.9023551441e-01
-1.0947958775e+00
-4.9408011387e-01
4.5124388715e-01
1.0428764589e-01
1.7230608549e+00
-1.0600642360e+00
1.6170949945e-01
-7.9216302137e-01
-5.8737405804e-01
-5.9225737861e-01
1.0532563390e+00
