-1.2191464517e+00
3.5539675332e-01
7.0895864314e-01
-1.4483660803e+00
4.9763432494e-03
5.7117035611e-01
-9.5607154421e-01
-3.2783339454e-01
1.5009560206e+00
-2.0789086828e-01
-1.3060334269e+00
-1.5175508853e+00
2.1333761715e+00
1.3917153275e-01
2.2778619164e-01
7.0980636001e-01
-7.7771885558e-01
1.4620420635e+00
9.8130771311e-02
-2.1996879037e-02
3.8458079895e-01
-7.3944716082e-01
-3.7259719993e-02
-1.0329098346e+00
-1.2078270833e+00
-1.3100571821e+00
-4.6904128856e-01
1.3765483447e+00
2.6547951232e-01
-1.6860818072e+00
7.9627603061e-01
-6.2754955915e-01
-5.4604466604e-02
-1.4600849757e-02
-4.4178598767e-01
-8.9908787895e-01
3.4830047333e-01
5.6956183079e-01
-1.2219680236e+00
1.0702327053e+00
-5.1284741836e-01
-3.4691732345e-01
1.0809907190e+00
3.6795588281e-01
-1.7995689874e+00
-1.1622128582e-01
3.2822100865e-01
-8.6083182720e-01
-5.0665462080e-01
-3.6141606884e-01
-4.7523619482e-01
2.0148648564e+00
-2.3500861345e-01
-1.7943238630e-02
-1.1080467563e+00
-9.1177247116e-01
4.8226752463e-01
1.2046915806e-02
1.8419363507e-01
5.8978275062e-01
-7.2349519259e-01
-5.3798229773e-01
-1.4919933561e+00
-1.5899893404e+00
1.3361076846e+00
-1.1636812248e+00
