-4.5661392741e-01
3.5640789766e-01
-9.1278378237e-01
5.8438896353e-01
-9.8403991424e-01
2.9052084706e-01
1.2502508838e+00
-1.6202461200e-01
-1.9333568539e+00
-8.9736807109e-01
-7.9214345180e-01
-4.8851519366e-02
-1.1057726973e+00
-6.0742494192e-01
-1.1521364207e+00
-8.6185605485e-01
3.3645228758e-01
-3.4561117954e-01
-2.0543815197e-01
-4.5454988729e-01
-9.3647830095e-01
-2.0905857028e+00
1.3899747038e-01
-1.7856582121e+00
-1.3136580352e+00
-5.4388880301e-01
1.2436676397e-01
7.4056485951e-01
7.4368479335e-01
-5.2859625404e-02
7.0068833997e-01
-1.6317492708e+00
9.2101554240e-01
4.7139621032e-01
-1.1203510766e-01
2.8861137958e-02
6.9090532245e-01
2.6519009815e-01
4.0087731685e-01
1.7484944067e+00
5.3269457617e-01
3.5525068010e-02
1.4427259356e+00
-1.1755270380e+00
-8.5449468418e-01
1.0885982425e+00
-1.9150659847e+00
-1.2734552892e+00
1.5067119512e+00
1.0018818294e+00
-5.2773772553e-01
-4.2350815465e-02
-1.9002331455e-01
3.0754739740e-03
5.5913114485e-01
-8.9906946270e-01
2.2426922284e+00
-7.0318444777e-01
4.2863626504e-01
-3.4875047451e-01
-1.0697089804e+00
3.3060520118e-01
-3.0379051840e-01
-4.5727368503e-01
-1.6711053943e+00
-4.3262740030e-01
