-1.1279952200e+00 7.2574090833e-02 6.5217632204e-01 -4.0781062359e-01 3.9581824665e-01 -2.8396545888e-01 -4.4484234588e-01 4.4546254654e-01 -9.2749702215e-02 -2.6197664633e-01 -1.9157896386e-01 3.5099584725e-02
9.9343989698e-02 8.7537693527e-02 6.6263102641e-01 3.7716338617e-01 -1.4278972101e-01 -2.6400239832e-01 1.4577521158e-01 -1.9473732929e-01 -4.3206014819e-02 4.7084517861e-01 3.3006014150e-01 3.0118294361e-01
4.6025499430e-01 9.8407324293e-02 2.6607559941e-01 3.9779506279e-01 2.4996371814e-02 5.6984638579e-01 8.2788810163e-02 1.2627653794e-01 2.6403958611e-01 -7.5694038130e-02 -8.0612271669e-02 -2.1071163732e-01
-6.3636623172e-02 -1.1184597312e-01 2.1324129271e-01 8.3928047181e-02 -3.6451109583e-01 -8.5165590158e-01 5.3703626739e-02 3.2594135547e-01 -5.8007091529e-01 8.5916099434e-03 6.5427329888e-02 9.2245442731e-02
2.3296824003e-03 3.1982438567e-01 2.3442518160e-01 7.2638106311e-01 -1.2388482562e-01 -2.1362747055e-01 3.8287056625e-01 -3.0108744794e-01 -1.5010507586e-01 -2.7368907720e-02 1.3776852566e-01 2.0951823409e-01
2.2760013759e-01 1.2522406423e-02 3.1447881454e-01 2.2302515425e-01 -2.5548242026e-02 8.9874917428e-02 -2.1691361714e-01 -4.9077549670e-01 -3.0486232674e-02 -2.0669590734e-01 2.8106749629e-01 -3.6901372313e-02
-7.2717336795e-01 -3.6897040221e-01 3.2497119994e-01 -2.0424952399e-01 4.5775727058e-01 -3.7755126272e-01 -3.9860710513e-01 5.9885199858e-01 -1.0097353024e-02 -1.5002145486e-01 -3.3373201207e-02 2.4988706172e-01
2.9107993218e-01 4.3285096227e-01 -6.3116259459e-02 -3.1250845747e-01 3.0713186492e-01 3.2514779788e-01 -6.8454886868e-01 6.1000628627e-02 -6.6484727684e-02 -1.2040985191e-01 -5.2904026045e-01 -4.4513034700e-01
9.8601443684e-01 -8.7489572142e-02 -9.1529509300e-01 3.1191268373e-02 -5.5619095293e-01 -4.8556213251e-02 6.5618896651e-02 -5.5123334201e-01 5.1888811788e-02 -1.0139761294e-01 3.2482709212e-01 1.3833337139e-01
3.7412931565e-01 -8.7095077172e-03 -3.4737941091e-01 -2.2147095974e-01 -6.5705680265e-02 -9.8205630870e-02 1.1767908667e-01 -5.6720611737e-01 -3.0341041373e-01 2.0175399318e-01 -3.6806096080e-01 -3.6529294268e-01
-5.2110060052e-01 -6.7845954326e-01 1.0552277895e+00 7.4702582367e-03 1.0870955994e+00 -1.4145883099e-01 -6.7449255845e-05 2.8955424733e-01 3.9908213439e-01 -1.5332982408e+00 6.7152578245e-01 1.2916913207e-02
2.1072446444e-01 -4.4414482953e-01 6.6415617070e-01 -8.6079489433e-02 1.0778844578e+00 -5.0437357605e-02 -7.1507870490e-01 1.1145571572e-01 -1.4779039791e-01 -2.9498093416e-01 -4.4436633492e-02 1.1079723553e-01
