9.2009351076e-02
1.3451003575e-01
8.1634602807e-02
-8.1215707851e-02
1.2726368280e-01
-1.9128293378e-01
1.6534754079e-01
6.7592148097e-02
-5.8918987997e-02
4.0584321756e-02
4.9746387839e-02
-1.3554451762e-01
-5.0778742855e-02
1.0140546202e-01
-4.6777613175e-02
-1.6743749490e-01
-6.8084732388e-02
2.7414791877e-02
6.8041740407e-02
1.5803233554e-01
-6.3788561157e-02
-2.5332854133e-01
-7.4542059672e-02
-3.8730342014e-02
-5.6518417862e-02
9.1505819121e-02
1.0152952425e-01
6.7418781406e-02
-6.9412250644e-02
6.4009811953e-02
-8.3542232204e-02
1.0886077547e-01
3.4374707436e-02
2.1947524706e-01
6.5122647471e-02
-1.2180107744e-01
-4.4715451618e-02
-2.5753910947e-01
-2.2341476154e-01
8.4451963423e-02
-1.4485082452e-01
5.6036634563e-02
-1.0795562794e-01
-7.1864037976e-02
7.4111218747e-02
-1.2895620081e-01
-8.6535541588e-02
-7.0428200994e-02
1.3280324073e-01
9.5462419681e-02
1.3718618467e-01
-8.2126646283e-02
-9.6093526766e-02
-2.5191384627e-01
-8.7314397952e-02
6.1671509749e-02
1.7164353985e-01
8.8533663257e-02
-8.8698478888e-02
-1.2559327351e-01
-1.1770814568e-01
1.1915965284e-01
1.2139127611e-01
-5.3106901161e-02
-9.9151805894e-02
1.7225499957e-01
-1.4822522765e-01
2.1434764499e-01
-3.9733595650e-02
1.0630564117e-01
-1.1525603418e-01
-1.1418238814e-01
5.9379688592e-02
6.2211235092e-02
-1.0691817677e-01
1.3020889580e-01
1.1423958902e-01
-9.3242074114e-02
4.7839616460e-02
1.9643795939e-01
-2.0960447539e-01
9.0946696210e-02
-8.9217972140e-02
1.5027198061e-01
8.4185923067e-02
1.0976951722e-01
7.9599641040e-02
2.3171961671e-01
-1.4750291767e-01
-1.0861462738e-01
-1.5469305741e-01
-1.8853775335e-01
-1.6437004747e-01
-2.9993455159e-02
1.1366021642e-01
-1.1576136299e-01
1.6729705360e-01
-7.9155267632e-02
2.0327140082e-01
8.0637829756e-02
-6.9012074486e-02
-1.3767154862e-01
-9.0697267027e-02
-1.1674315685e-01
6.1406429392e-02
-1.0749690093e-01
1.1552075012e-01
7.5975495791e-02
-4.2414846528e-02
1.9900544433e-01
-1.3630617803e-01
-6.5270353138e-02
-2.7446830739e-01
1.9743090039e-01
-1.7734548276e-01
-9.9991093020e-02
1.2514450882e-01
-5.7892512581e-02
1.5216035436e-01
7.5736227307e-02
2.2811290391e-01
9.2078475495e-02
5.4376816629e-02
5.5068131848e-02
-8.4162001621e-02
2.5765720465e-01
1.8898312443e-01
1.0769894336e-01
7.7805998765e-02
-6.7688681179e-02
1.3542444840e-01
-4.5863345768e-02
1.4329612562e-01
1.7145808143e-01
6.5374615345e-02
-1.5768424846e-01
-1.9116692252e-01
-1.2152161665e-01
1.8163172363e-01
1.0633304856e-01
-1.5147796560e-01
1.1627704815e-01
-2.2609550195e-01
-6.5645220470e-02
-1.6271489320e-01
1.6048150897e-01
7.7836269638e-02
1.3615545311e-01
-1.4128146060e-01
1.7324211129e-01
1.4921627309e-01
-1.4680205872e-01
-7.8386485072e-02
1.2315054431e-01
-2.3084097931e-01
7.9550831802e-02
1.3001609848e-01
-3.6403371137e-02
7.1585923137e-02
1.0351230340e-01
1.5748539691e-01
6.2953373907e-02
1.4944347327e-01
1.2893223993e-01
-1.1766741548e-01
6.3737790261e-02
-9.0641166327e-02
-1.1698137194e-01
-2.3628558540e-01
-4.6655723411e-02
1.5241114013e-01
8.0551432561e-02
1.1036604333e-01
-2.8149319664e-02
-7.4686388349e-02
5.1428398745e-02
-1.4351599313e-01
6.2736662043e-02
3.6202663671e-02
1.2318253734e-01
