3.3610799824e-01
3.6746925496e-02
4.9866046709e-01
6.7587208539e-01
6.8451169763e-02
2.0031285779e-01
3.3883421670e-02
1.1383795970e+00
-1.3125561785e+00
-2.9109585158e-02
-4.1237032621e-01
-3.6575945661e-01
-1.7854053807e+00
-6.5007719642e-01
1.0787772136e+00
-6.2890539641e-02
8.1320801578e-01
-6.4078556628e-01
-1.5572130404e+00
6.5743159223e-01
-1.1709069547e+00
-1.1849685812e-02
-1.6695104633e+00
-1.6209007926e+00
9.6365932354e-01
3.3828976201e-02
-6.7685045559e-01
1.6949916370e+00
-3.6172171961e-01
5.6341458264e-01
8.0737998235e-01
9.9830612472e-01
7.6726477355e-01
1.4834959681e+00
1.1671826763e+00
-1.7721760900e-01
-1.7558744006e-01
-1.6568941324e+00
-6.3815836606e-01
-1.2598958416e+00
3.4462851675e-01
5.1165982170e-01
1.3498217966e-01
3.0019763227e-01
6.1396277610e-01
9.4825211819e-01
8.0344988724e-01
-5.5616528951e-01
-1.0730111680e+00
1.2546882195e+00
-2.2546003401e+00
1.6390929103e+00
-1.6295002205e-01
2.0884792886e+00
5.4947033224e-01
-1.4381769191e+00
1.3408824601e+00
-6.8973894420e-01
1.5707976578e+00
-3.3832660728e-01
-7.7274628633e-02
-3.5867129181e-01
1.0508844526e+00
-1.3588871132e+00
-2.8012273216e+00
-1.5853158770e+00
2.9153154297e-01
-3.3171941445e-02
3.2134946703e-01
-8.0876293164e-02
1.2865682328e-01
-5.6063076046e-01
-8.4268643056e-01
-1.3204563810e+00
1.7764020535e-01
-8.1993436160e-01
6.4186519628e-01
9.8307352534e-01
8.9919248694e-01
1.3727155339e+00
5.5561447447e-01
-1.3093197074e+00
-8.0368352922e-01
-3.0113775749e-01
-9.1449766184e-02
-1.3676508728e+00
1.0601532363e-01
-5.9570943623e-01
1.3314174150e-01
-1.4433564063e+00
6.6575968516e-01
-4.7297418362e-03
7.2066030406e-01
-1.8872034518e+00
-1.1264811373e+00
-8.4964065264e-01
-9.8170069395e-01
1.4705757336e+00
1.8082018663e-01
1.0660506860e+00
-4.9856554675e-01
7.7396449798e-01
-8.2820032017e-01
-1.2611535273e+00
3.4525076220e-01
1.3657237716e+00
-1.1397001308e+00
1.0475921201e-01
1.7767342390e+00
-5.9901195970e-01
7.5041293064e-01
-5.4726585323e-01
1.3720295145e+00
1.6055319960e+00
-3.6003521689e-01
8.9753280369e-02
1.1032180188e+00
3.1898797507e-01
1.4336951622e+00
1.1426647295e+00
1.1000438914e+00
-2.9970235249e+00
1.4960639312e+00
-1.1015344666e+00
-2.0226991080e-01
1.2435584611e+00
-4.0240921676e-01
7.6075616038e-01
7.5412237186e-01
8.7614391420e-02
6.1021238939e-01
-4.4587022243e-01
1.3577104411e+00
1.1128264385e+00
6.1546298251e-02
-1.1720826982e-01
-1.1956888628e+00
-1.0446705121e+00
2.1622772908e-02
3.9461013522e-01
1.7679706250e-01
1.7101624377e+00
1.7977292116e+00
-8.8657462976e-01
-1.4573695206e+00
5.8124028369e-01
1.2141903101e+00
-4.5362784837e-01
-6.3071085961e-01
-7.5441991551e-01
1.8352972500e-01
-7.4419232040e-02
-1.0991797180e+00
1.7831753694e-01
-1.3899865321e+00
2.6537027460e-01
-9.0606830740e-01
-1.3197944222e-01
4.3222134206e-01
-1.2455228164e+00
1.2654835313e+00
-4.7370420408e-02
-8.3665516927e-01
-1.7822235382e+00
3.9546715434e-02
-2.0149171680e+00
7.7087429877e-01
-7.2649766226e-01
-6.3515188043e-01
-1.3645323367e+00
2.8533480977e-01
3.3814338712e-01
3.1554491004e-01
-5.7075249644e-01
2.4499259856e+00
-9.7658232946e-01
-3.4338279871e-01
6.5401801850e-01
3.8776375446e-01
-1.5750434612e+00
