-3.1375643649e-01
-6.3997581771e-01
-5.7591983860e-01
-2.4353089647e+00
5.9201914203e-01
9.6167746278e-01
-9.7222173946e-01
-5.4928900637e-01
-2.8416215905e-01
5.3084497749e-01
1.3170866957e-01
-9.8305929250e-01
1.3854749301e+00
2.1485803491e+00
-7.4003972304e-01
5.5993907307e-01
-1.1445304829e+00
9.8508135817e-02
7.0340218230e-01
1.7335797493e-01
1.2313559931e+00
1.5931721888e+00
1.3994074598e+00
-1.2508305433e-01
-4.5789506144e-01
-1.7893655747e+00
-2.3105342791e+00
2.0648724840e+00
7.6336331853e-01
-1.5935181100e-01
5.3889411724e-01
9.8445446244e-02
9.5969500126e-01
3.7465472202e-02
-1.3204301539e-01
-6.7342219311e-01
1.5998898877e+00
9.7134226615e-01
1.6244224736e+00
1.4101240617e-01
1.6826837413e+00
-1.3624443148e-01
1.8976624070e+00
3.4836595830e-02
1.5948748286e+00
4.7266490673e-01
5.6929627244e-01
-1.5327688172e+00
-1.2045490013e+00
-1.0160762392e+00
-1.0971213364e+00
-1.0801144286e+00
-1.8783976067e+00
-6.4350391909e-01
-3.4814988480e-01
8.3529804552e-01
1.3944436912e+00
-7.0122400691e-01
2.3612582292e-01
1.0504166916e+00
-8.1502323827e-01
-5.6314802951e-01
1.6545138016e+00
-3.7211452214e-01
-5.6763138974e-02
9.8526652315e-01
1.2994179198e+00
8.0122523956e-01
5.1489819729e-01
-3.8193378345e-01
1.1405966077e+00
8.2380081851e-01
-7.0167769208e-01
-1.1905305982e-01
8.3478650718e-01
-5.3241737209e-01
1.3949209771e+00
-4.3433688034e-02
-1.1338474910e+00
-1.0585314507e+00
-2.9607087067e-01
-4.2382278813e-01
-5.2387002035e-01
6.5199126895e-01
6.7917347638e-01
-6.9224222070e-01
-5.4867110089e-01
-2.0090452377e-01
-1.9931195993e-01
-1.3872828138e+00
1.3974989401e+00
6.2430797674e-02
-6.6839539474e-01
6.9401335510e-01
5.9455280071e-01
-1.0897166847e-01
1.2696743647e+00
4.2962838907e-01
2.0655990317e+00
-1.9337682241e+00
-7.7821574077e-02
-3.6898395729e-01
-2.2506012370e+00
-9.3409493034e-01
1.9991267023e+00
-9.3258645503e-01
1.0211673911e-01
1.2211486313e+00
-1.1736304489e-01
-3.7379312690e+00
-5.0285957903e-01
-5.6756715710e-01
3.4677003117e-01
2.5927528979e-01
-4.4872538840e-01
-6.8279685236e-01
-4.7813044553e-01
-8.4408768023e-01
2.8555979729e-01
4.2935001741e-01
-2.3182589277e-01
-1.1072916858e+00
7.8645432466e-01
3.3037540507e-02
-2.0479711957e+00
1.7254694139e-01
1.3391721584e+00
2.3325611700e+00
-7.6691867761e-02
1.5596676657e+00
7.2977541635e-01
-6.3685502197e-02
1.0707747423e+00
-7.9973453693e-01
8.8105600854e-01
-2.1751036238e-01
6.5504366811e-02
-3.1297445305e-01
-1.2907426309e+00
-4.5073956087e-01
9.5182055584e-01
-4.6298485644e-01
-7.0339707826e-01
2.1296817093e-01
1.2398277219e+00
5.5135832892e-01
4.4003342781e-01
1.3616488985e+00
1.0897153749e+00
3.9449045096e-01
-5.2228923195e-01
-1.4563737051e+00
-6.8870790066e-01
-2.6997483980e-01
-1.5357311128e-01
9.0854660007e-01
1.6092905620e+00
3.5676230313e-01
-1.1866208189e+00
4.5369834043e-02
1.1092748302e+00
-1.6960739947e-01
9.8077096217e-01
-9.7975488593e-01
1.6754338130e+00
-2.4598088995e-01
-8.1067970278e-01
4.3574644849e-01
1.2181540110e+00
-7.2730872083e-02
-9.6232594639e-01
-1.3018476766e+00
4.0672733676e-01
-3.3441526452e-01
4.5028874029e-01
1.3403007893e+00
1.3851059017e+00
1.0774923368e+00
1.3636960660e-01
1.8129430043e+00
8.7621046784e-02
3.7625852422e-01
-3.0962664991e+00
-1.1209610050e+00
1.3841612196e+00
-1.3486668883e+00
-2.7692812014e-01
4.3630975093e-01
5.2916237900e-01
1.1454094143e-01
5.7662880026e-01
-1.3823525477e+00
-6.1966734182e-02
-7.2309738398e-01
-5.3370895324e-02
3.0464660556e-01
3.4186381903e-01
-1.4164458384e+00
-1.8522575830e+00
-7.7832385875e-01
-6.7479364425e-01
-8.0813957169e-01
1.8260595901e+00
5.0434072548e-01
-5.0271997304e-01
1.2312330666e+00
1.9327362242e-02
-2.1625551643e+00
-3.8499296286e-01
6.0599026081e-01
5.5741118795e-01
-8.9682229809e-01
1.0062140760e+00
7.1659063619e-01
6.3094470506e-01
-1.6153335664e+00
5.5112134459e-01
5.1692330160e-01
-3.2065530101e-02
-1.6443850238e+00
4.0765456647e-01
1.1322056186e-01
1.9491007986e+00
7.4447280081e-01
-1.8519360763e+00
-6.9212720338e-02
-9.8275452322e-02
-1.8215417491e-01
-1.2391608863e-01
-8.2546171715e-01
-1.0566525235e+00
2.3387615579e-01
-1.2594908702e+00
-1.2732722810e+00
-3.6907279346e-01
4.3621103523e-01
-1.2318547042e+00
5.3664682273e-01
-1.6081656326e+00
-8.4119743347e-01
-1.6627262682e-01
1.5036237686e+00
-1.4355757127e-01
-4.8487860394e-01
5.5059096827e-01
-8.1792922823e-02
-1.1583662042e+00
-9.5422679099e-01
-4.8439495900e-01
3.6911233174e-01
-6.0810933634e-01
2.1402038549e+00
5.1415265610e-02
8.6307657214e-01
-9.8266640776e-02
3.2695542898e-01
1.6908161817e+00
1.7710334239e+00
2.0116586781e-01
-5.4440990009e-01
2.1262440488e+00
2.3154706051e-01
4.8075989661e-01
7.2999729245e-01
1.3525752276e+00
-1.0892418649e-01
5.5180920380e-02
5.1859869483e-01
4.7482243568e-01
2.0466677481e-01
-6.4537410007e-01
6.3021923741e-01
3.3367735541e-01
-8.3727182855e-01
8.9063098157e-01
-2.9387232218e-01
-6.1636612716e-01
3.6450762378e-01
1.3804800975e+00
-1.9448241724e-02
1.7606013369e+00
-1.8426859564e-01
3.6067072610e-01
1.1739422118e+00
-1.8637248387e-01
-6.4929837159e-01
-1.7046604781e+00
-1.0940282888e-02
5.8669214287e-01
-8.3003526133e-01
2.1494375434e+00
-7.7817071702e-01
-1.1574847528e+00
-8.2425038724e-01
-9.8542036636e-01
-1.1589127163e+00
1.7492021915e+00
1.9445864026e-01
1.1184331686e+00
1.3601811871e+00
1.3577136753e+00
-4.4955066417e-01
2.1442314111e+00
1.2181912028e+00
4.4084225524e-01
4.8286190917e-01
-9.9726912645e-01
1.1171168691e+00
-1.3173406921e-01
1.0520416296e+00
-6.5190451794e-01
-5.5572540917e-01
-1.0350978546e+00
2.2212915452e-01
-6.8194963782e-01
-1.3054627565e-01
4.5533467549e-02
-6.5509477022e-01
-1.3826368811e+00
1.9068524367e-01
8.5883888968e-01
-7.9620859893e-01
4.4214597917e-01
-7.3686458000e-01
2.4594689371e+00
5.7131375572e-02
-3.0938546725e-01
-3.2939064401e-01
1.1687021915e+00
1.4405632028e-01
-4.3649734709e-01
2.4859035251e-01
-9.9737763688e-01
8.6877769320e-01
-2.4499659199e+00
-5.9279211791e-01
8.5960950265e-01
-1.4078085850e+00
-5.9967221224e-01
7.5507547556e-01
-8.7041711376e-01
7.2583743669e-01
3.1210841564e-01
1.5054493908e+00
-1.0517572717e+00
-2.2576989415e-01
-1.2830638416e-01
-6.8113250284e-02
1.3397325939e+00
-1.1461350916e+00
-1.0237492733e+00
-6.4880378557e-01
-3.4939980192e-02
1.0137361439e+00
-4.7080374999e-01
-1.6710528687e-01
5.7841398355e-01
-1.1982664579e+00
3.1232627769e-01
-2.7360226729e-01
-1.3497143214e+00
-2.4402478446e-01
-4.3361482464e-01
-9.7997993300e-01
-3.3005518315e-01
1.2347987800e+00
4.1637638964e-01
2.8547165062e-01
-7.7005736212e-01
5.3258849509e-01
-3.6127625657e-01
1.5118126007e+00
-9.5619179185e-01
-1.3588592252e-01
-3.4316582456e-01
-5.4188746398e-01
-2.6484836394e-01
-5.3895159361e-01
8.1949738832e-01
2.0317222140e+00
-9.8453768880e-01
-2.0924322650e-02
1.2721569455e+00
7.6320499143e-01
1.9436143070e+00
1.3676844360e+00
2.4823133916e-01
-1.5025000229e-01
-6.0562896518e-01
2.4014924483e+00
-1.6189993429e-01
6.3382952897e-01
-8.0905584317e-01
-2.0565344705e+00
2.6512998809e-01
2.6753951812e-01
7.9212593081e-01
-1.0439741565e+00
7.8137981934e-01
-1.2625252130e-01
