7.4921284861e-02
4.6367316114e-02
2.0787129371e-02
5.9624965948e-02
4.5177989322e-02
2.7638934816e-02
1.6743501299e-01
-3.0907073253e-02
-5.4172478044e-02
-1.1250022007e-01
8.4020759776e-02
-1.5329154349e-01
8.7344147541e-02
8.6573282052e-02
-5.7802564803e-02
-2.6771950415e-02
1.0866994608e-01
-3.5507162585e-02
-3.6990845030e-02
-1.0583322309e-01
6.0617152126e-02
1.9063782383e-02
-1.3128731224e-01
2.4531925854e-02
5.1029726604e-02
4.2115469245e-02
-8.7940171652e-02
-4.3860481739e-02
3.8848200701e-02
-5.1297418093e-02
-8.6178047030e-02
4.9956401210e-02
8.9524481016e-02
1.2139263905e-01
7.5575720149e-02
-1.4012376508e-01
6.0136400786e-02
6.7895520494e-02
-6.1309998202e-02
9.1355700047e-02
-8.8678781498e-02
1.0489078822e-02
1.2704391161e-01
2.2235036671e-02
7.7555614664e-02
1.2653362532e-01
-1.2471450440e-01
-1.4039635282e-01
-5.3320740784e-02
-2.3002590879e-02
4.2560398667e-02
-1.2212766529e-01
1.0117643258e-02
-1.5456768423e-01
-3.6363470408e-02
-7.5360156761e-02
-3.4553695877e-02
-6.4406999932e-02
8.1056885004e-02
7.6949779133e-02
-7.6221130471e-02
1.3064652621e-01
8.1550724881e-02
-2.5196782659e-03
5.0250203152e-02
-3.3948121705e-02
-9.0326020401e-02
1.2897212499e-01
8.7838771956e-02
-1.4106507653e-02
-3.7314602822e-02
-5.2818535580e-02
8.1994682850e-02
9.0002919331e-02
-9.0909764421e-02
-7.1587002149e-02
1.5600871361e-01
4.6908873940e-02
4.9067095928e-02
-3.8785620010e-02
-4.0401909172e-02
2.9845760457e-02
-5.4145634394e-02
2.9676418921e-02
-4.0028209127e-02
4.2140607424e-02
1.0604372190e-02
1.2516928760e-01
1.5170135313e-01
-9.5511457606e-02
8.8139030136e-02
2.9944118112e-02
5.0464610357e-02
-7.4853219566e-02
3.5704399614e-03
1.1065711214e-01
-8.1132706637e-02
-8.8515359611e-02
-3.5174984149e-02
-1.4344699668e-02
-9.8855275654e-02
-5.4971370781e-02
1.1129879199e-02
-1.3385500416e-01
3.6472722678e-02
2.7881785133e-02
-7.4744752799e-02
-1.1863002545e-01
-4.3917611516e-02
4.6711929224e-02
1.0008585916e-01
-6.4382738995e-02
2.3732871944e-02
-3.8404468628e-02
2.4320862329e-02
1.8295773005e-01
-6.5501397629e-02
7.9347401402e-02
-4.9373006731e-02
-4.6860714255e-02
-6.7588053802e-02
-1.1660562798e-01
-6.2508001269e-02
-9.2041260696e-02
4.2046985895e-02
1.6309824021e-01
-9.4913893326e-02
1.7358254766e-01
1.1665658321e-01
2.9166935940e-02
4.8822920185e-02
4.6572212247e-02
8.5157090110e-02
-2.2719095929e-02
-1.0340781985e-01
5.6273982340e-02
-3.2563852718e-02
3.2708126407e-02
5.0369898128e-02
5.0295798218e-02
4.0011644101e-02
2.8498562295e-02
7.8921095269e-02
1.3409872204e-01
-2.8511704719e-02
-3.3157790596e-02
-1.4525888783e-01
-6.4469405310e-02
1.5051615784e-01
-4.7963303997e-02
1.0333185473e-01
-4.4939406639e-02
-5.2654356504e-02
1.5730090161e-01
-4.8673151949e-02
6.4097924650e-02
6.4854613204e-02
4.3598935909e-02
-4.8132712770e-02
9.4547792918e-02
6.1362033687e-02
9.2704976581e-02
1.4485411513e-01
-1.3728505574e-01
1.0759138543e-01
4.8671761363e-02
7.0372717760e-02
3.6129569709e-02
8.0921545699e-02
6.9266253925e-02
-3.1921867329e-02
-9.5266582231e-02
1.0972677661e-01
-7.6467771299e-02
-3.3724877029e-02
-2.2371416137e-02
1.2868113292e-01
-1.8271135763e-02
5.4126859547e-03
-1.3663419750e-01
4.7286786670e-02
-5.1529532499e-02
5.9405924386e-02
-3.9501316830e-02
-5.9771033849e-02
1.2042837375e-01
-9.2967352926e-02
4.8095742179e-02
-1.0791822715e-01
2.6651691870e-02
-7.8281737707e-02
-1.4940526665e-01
8.8984731280e-03
1.2328450708e-01
-2.4529388295e-02
1.4049517573e-01
6.9002545557e-02
2.8787182263e-02
1.0818139698e-01
-3.3890788467e-02
