-5.7422577923e-01
-1.7625114841e+00
-1.3729309012e-01
-7.3528018839e-01
5.9162253029e-01
-7.1898108990e-02
-2.2026226259e-01
1.9952733390e-01
-2.0001345715e-01
-1.3305228371e+00
2.2349965949e-01
-7.3845134337e-01
-1.8268790878e+00
-1.0888457156e+00
-1.4564964226e+00
-9.5622792073e-01
-3.6763339278e-01
-6.4173302000e-01
-3.9670075852e-01
-6.3816785097e-02
-1.1518757854e+00
-4.8693696135e-01
-2.9359465954e-01
-8.8998320357e-02
5.5654553530e-01
9.0633087650e-01
4.1622219859e-01
1.0655992991e+00
5.2473058090e-01
1.3370209749e+00
-1.3330445333e+00
2.1501480864e-01
-7.3660118468e-01
6.6524626345e-01
-4.3768021168e-01
2.2566530922e-01
-3.4534809100e-01
-2.7982697246e-01
-4.7680196077e-01
5.8234930307e-02
-1.9958169863e+00
6.0301262689e-01
3.8160203696e-01
-8.2983972488e-01
-1.0629910715e+00
-1.7178861460e+00
1.1629921436e+00
5.4669574366e-01
-3.8992694567e-01
-3.1013704723e-01
-1.3501619977e+00
8.7015158192e-01
-5.4550429049e-01
-2.8932157311e-01
2.8533459399e+00
-3.1901798760e-01
8.6916414984e-02
-1.3386558517e+00
5.0382438911e-02
1.5219379583e+00
-3.2177843134e-01
6.3970294723e-01
5.2032620980e-01
-8.1746788998e-01
-3.3866525484e-02
1.1403410748e-01
2.7232384788e-01
-3.3496331820e-01
7.3604887866e-01
2.8233861561e-01
1.5829979123e+00
1.3373273630e+00
5.3855140775e-01
-8.0673879104e-01
7.9072209375e-01
-4.7597247173e-01
-1.0947938082e+00
-2.5077298650e+00
1.3512772872e+00
-1.2324397825e+00
9.3783339591e-01
-3.5952783797e-01
-3.6653239691e-01
2.1300381158e-01
-1.9687458322e+00
-1.9767497730e+00
8.9173068958e-01
-1.6775600788e+00
-8.2582659490e-01
-6.2635908441e-01
-6.3846441174e-01
-1.2666493565e+00
-8.1694349435e-01
3.8544144938e-01
-5.1674742743e-02
-5.1667084262e-01
5.6693699831e-03
-1.6534450818e-01
9.4443536825e-01
8.7005621465e-01
9.2212769244e-01
-1.1341426688e+00
-9.5913108796e-01
2.7369302866e-01
7.1687354482e-02
-2.6657539150e-04
1.2474685292e-01
8.1378111835e-01
1.5405719698e+00
9.8388222785e-01
-2.0636286905e-01
-1.7394646180e+00
5.8978236777e-02
4.3334229126e-02
3.2819413271e-01
4.0597691711e-01
2.0309811859e+00
-1.0239717138e+00
6.7332965518e-01
-8.6776150493e-01
-1.2261411533e-01
2.0912401812e+00
8.7473114857e-01
3.2401593154e-01
-7.9713578400e-01
9.8511663133e-03
-9.8425540490e-01
3.0133227788e-01
-6.3595190751e-01
-1.1588474900e+00
6.0762120316e-02
1.7037110151e+00
-1.4427019134e+00
2.0361195004e-01
-9.1791025017e-01
-1.8120436132e+00
1.0150231182e+00
1.4310032618e+00
-8.3856610743e-02
-1.8515494753e-01
1.7117721463e+00
7.6746277926e-01
-2.3911619217e+00
-8.9125077929e-01
-2.9145828633e-01
1.3864767509e+00
1.7271113355e-01
5.4196658290e-01
-7.6068575450e-02
-9.0515752904e-01
9.6907740705e-01
-8.3732910216e-02
7.2916226975e-01
6.3776986846e-01
1.4018269843e+00
5.2689421832e-01
5.6298884914e-02
-8.4446194349e-01
-7.7787917799e-01
4.6442710382e-01
5.9916997501e-01
9.8052193213e-01
6.1885203955e-01
6.6315345412e-01
1.2402926460e+00
1.2868924014e-01
1.3575208869e+00
-1.4194288549e+00
1.5112452286e+00
4.4390451548e-01
8.6676757519e-02
-1.9745165289e-01
-1.4766988188e-01
1.0330514118e+00
-1.2450223871e-01
1.4010542160e+00
6.3617756584e-01
3.8140597959e-01
2.7421481844e-01
1.1923928629e-01
7.4148869651e-01
5.0669522879e-01
-1.0115722680e+00
6.7809848895e-02
-1.0283184377e+00
1.4882943779e+00
-1.3027209812e+00
2.9828472338e-01
-1.1563547363e+00
-7.1647625912e-01
-1.6779598282e+00
-1.6598669961e+00
8.5772799308e-01
6.9770482937e-01
1.3963606658e+00
-1.0324895807e+00
5.3420230656e-01
-2.0530503577e+00
8.0710100800e-01
3.4305442651e-01
