-6.9777845129e-01
-2.3595068347e+00
-5.2211600398e-01
-2.3418265934e-01
3.9017068135e-01
2.7026813475e-01
1.0580051326e+00
2.3672728576e+00
-8.3352887767e-01
6.2034959107e-01
1.0974084150e+00
-3.8822089905e-01
1.5514658098e+00
6.9023056927e-01
1.3516142575e+00
-1.9812758965e+00
4.2929543033e-01
-9.8694336630e-02
-5.0903982890e-01
9.0690501803e-01
1.5754850410e+00
3.9464914702e-01
2.1343562151e-01
6.9466288843e-01
-1.7162490953e+00
2.1658756546e-02
2.2993784745e+00
-4.7306810765e-01
1.6233170567e+00
-1.9217828232e+00
3.0371444839e-01
7.6192165385e-01
-1.0083389052e+00
-1.0447743716e+00
4.3706782897e-01
1.1332604582e-01
1.2974477313e+00
-8.3311231126e-01
5.0076714484e-01
1.0556014480e+00
-6.3303121657e-01
1.6781611893e+00
4.8319244269e-02
5.7472187165e-01
-1.5826077866e+00
-1.3328782735e-01
-7.5419650665e-01
-6.0409974255e-01
3.9137266746e-01
1.3099192165e-01
1.9656336580e-01
-1.3677579826e-01
1.1854332175e+00
2.6371705977e-01
-8.2285285889e-01
-1.8586151476e-01
1.1108052244e-01
-1.6495558012e+00
8.4018131975e-01
4.0165491341e-02
6.8002061196e-01
8.3082643341e-02
3.4283276336e-01
8.4882437538e-02
3.6299082726e-01
-1.5997465496e+00
6.4750827804e-01
6.2820503252e-01
1.1810110730e+00
1.0529172567e+00
7.2015222538e-01
-1.5848544541e+00
-1.1432714411e+00
1.5667095529e+00
-1.2647949531e+00
8.4692595079e-01
8.4001844689e-01
-1.1465901289e-01
-2.4852706779e-01
-9.9265227857e-01
4.2467994393e-01
-9.0396259453e-01
2.9319519444e-01
4.1752034088e-01
2.0606917027e+00
5.5947796838e-01
4.3068824429e-01
5.6282011452e-01
-1.0161234276e+00
-1.0482885339e+00
2.5578726582e-01
-1.0065420273e+00
1.3739780778e+00
7.9290086473e-01
-1.3595506198e+00
-1.5863516821e+00
3.0009241861e-01
7.1660326664e-01
6.8423815951e-01
2.1410506149e+00
-5.8251597992e-01
2.7551215809e-01
4.1946140113e-01
-3.0598702607e-01
-7.6963645868e-01
-3.2649587269e-01
-2.2461815585e+00
4.6974751652e-01
1.1359430698e+00
-2.9198853510e-01
-8.1689063249e-01
9.6969433935e-01
3.4251710456e-01
6.8009773890e-01
7.9567195498e-02
-1.0875234654e+00
1.2849890981e+00
-9.4406240222e-01
-1.4211771108e+00
2.4340528711e+00
6.1753931853e-01
2.1733446085e-01
1.5757850281e+00
7.3745432861e-01
-2.0874627779e-01
1.0901871082e+00
1.1006872446e+00
1.1295081177e+00
-7.2466784071e-02
8.0640445206e-02
-7.9999793871e-01
1.3535170363e+00
-1.3015682118e+00
-5.7735625459e-01
1.0756513888e+00
-1.7468851182e+00
-1.1088614415e+00
-2.9244725524e+00
1.2538175549e-01
2.3583185103e+00
4.6596495677e-01
-4.1422684240e-01
-4.0827443331e-01
1.8348697244e-02
1.6527831277e+00
-8.8735365340e-01
-6.3250954975e-01
8.9021903361e-01
-6.2853847758e-01
1.3077935200e-01
-3.9768986292e-02
2.2123178016e-01
1.0805656350e+00
1.0684065161e+00
-1.3022370396e+00
-8.0009420159e-01
8.8874729571e-01
-8.5368889353e-01
1.1737580961e+00
-1.2255286089e+00
1.6004706102e+00
1.6346568794e-01
8.3982910785e-02
-5.5758416943e-01
-1.3271201451e+00
2.2215077921e-01
-1.8727729877e+00
-2.3642995115e-01
4.8384994026e-01
3.0298428221e-01
-1.0967765339e+00
8.8869349409e-01
-1.4714597398e-02
3.7336986118e-01
2.3074177266e-01
-6.3623866372e-01
-3.2078381459e-01
-1.1918020573e-01
3.3277192951e-01
8.6913196147e-01
1.2865596526e-01
4.2896246040e-01
-6.3183757288e-01
1.0361585723e-01
1.9867791486e-01
-7.1442493121e-02
4.4545392073e-01
-1.8152358620e+00
-2.3059545071e+00
-6.4493264861e-01
-9.0969116988e-01
9.7132752824e-01
3.4665492833e-01
1.4112961530e+00
1.0132002051e+00
-6.9841512010e-01
1.0249384851e+00
-1.6838004253e+00
-7.6222667813e-01
-6.4400656121e-01
