-1.2516954789e+00
8.3298653003e-01
8.5091289176e-01
-1.6932055105e-01
3.4904781448e-01
-1.3087890233e-01
-1.2594875110e-01
-5.2279188992e-01
-1.4484264192e-01
6.8728134164e-01
6.2308514894e-01
-1.3328602583e+00
-8.5614560679e-01
1.8225326430e+00
3.5436008987e-01
-4.7585157717e-01
-1.2198987234e+00
1.2028991438e-01
1.1785862298e-02
3.8231840027e-01
-2.5069761012e-01
-1.2448662292e+00
3.5945314704e-01
9.2711102450e-01
-1.0061496659e+00
-2.7519862327e+00
-1.4890026486e+00
6.9671418528e-01
-2.3519084539e+00
1.7681956167e-01
1.2212616611e+00
2.0531604667e-01
-8.4726137767e-01
1.0621902055e+00
1.7013762648e-01
-1.1894730225e+00
-3.5042383816e-01
4.8706722515e-01
4.9442107240e-01
-1.3930263043e+00
1.0215368952e+00
-8.4226386847e-01
-6.0692024361e-01
-8.9337998348e-01
-8.4867680370e-02
3.8781244277e-01
-1.4502262260e+00
-8.9012823104e-01
-2.1897317697e-01
7.7455168854e-01
3.8937447594e-01
-2.6325484192e-01
-2.4625063864e+00
9.8318921488e-01
1.8390525236e+00
-4.0051997015e-01
4.3016992429e-01
-1.0954828553e+00
5.0709602379e-01
1.3389867342e-01
-2.3035651278e+00
1.2813534913e+00
-7.4711760523e-01
-1.3677510064e+00
-2.1398056184e-01
3.5385920594e-01
-3.0055605038e-01
1.0214148122e+00
-1.1095495753e-01
-6.3190071932e-01
5.9031096306e-01
-2.4676345296e-01
-3.3879996411e-01
-7.0952650831e-02
1.6454743751e+00
-9.5604533573e-01
1.3894121759e+00
-6.0042978890e-01
5.7588290501e-01
2.5340167060e-02
9.7755348488e-02
-1.0339153336e-01
-1.6683188082e+00
7.7524025326e-01
1.9327936432e-01
-3.6986856841e-01
-5.6641534617e-02
1.4777294829e+00
1.2605007039e-01
7.0427770055e-01
9.7038473047e-01
6.3959103716e-01
-1.0082446051e+00
-1.0332517176e+00
4.2280707145e-01
-3.6199861270e-01
6.0156505108e-01
-4.3448524542e-01
-8.5719072075e-01
-1.6737644342e+00
-9.9100057788e-01
-5.4482098486e-01
-1.5995520344e+00
-1.2791345397e+00
1.4219072346e+00
1.4358710973e+00
1.7528372910e-01
7.0524374723e-01
-1.1034670643e+00
-5.8467768874e-02
8.2616704747e-01
-1.5756180163e+00
-1.2795684853e-01
6.8866836834e-01
1.9388019463e+00
-1.7730203653e+00
1.1115923620e-01
3.1151442479e-01
6.5633520107e-01
-6.1064947427e-01
7.6841217631e-01
-1.2930822901e+00
-1.8783508730e+00
9.2681168930e-01
1.6081757031e+00
1.1167807199e+00
1.2267856462e+00
-2.2620462902e+00
5.7488727153e-01
1.2003114729e+00
1.1272098167e+00
4.0004515781e-01
-9.6414614012e-01
-7.3456012487e-02
-4.4316767258e-01
4.7865718312e-01
-6.6006766067e-01
9.2819264411e-01
-1.4703147890e+00
2.3255280509e-01
6.0125384061e-01
-2.6935003425e-01
7.0244954754e-01
-9.9462569860e-01
-1.2434956642e+00
-1.1856151043e+00
-5.3657496618e-01
3.0620162982e-01
-1.7571651701e+00
-1.1602096743e+00
-5.0603089899e-02
-5.4071496201e-01
-9.3562382091e-01
-1.8741974540e+00
-3.1757897857e-01
-6.5346423080e-01
9.6227510665e-01
1.2231055638e+00
-1.8056675321e+00
-1.0652647078e+00
-9.1505796419e-01
1.7851921500e+00
-7.1316378525e-01
6.9227773098e-01
1.0111163205e+00
2.1256756253e-01
-2.6675601326e-01
1.2267646168e+00
1.2536836690e+00
-7.2737983840e-01
-1.2593730525e+00
1.9302280919e-01
7.9596270975e-01
-5.0398068139e-01
-1.0381425709e+00
-1.4078516462e+00
-8.7529860203e-01
-9.4803620400e-01
-3.3708954990e-01
2.6216530357e-01
-8.4882918264e-01
-2.9306344731e-01
9.3902984258e-01
1.3589250636e-01
-2.9902667748e+00
-7.3945462692e-01
3.4265115395e-01
6.1775016018e-01
-5.5152548386e-01
7.1045963074e-01
9.4848811395e-01
-1.9228959703e+00
7.1585113510e-01
-1.3933391342e+00
1.0178877607e+00
1.2832725186e+00
8.9916086197e-01
-2.5600666635e-02
-1.0819742629e-01
3.5715301898e-01
9.2377793777e-01
1.0016031084e+00
-7.8019384482e-01
-3.8291375836e-01
1.9183905841e+00
8.6514055377e-01
-1.1211064416e-02
4.7881373289e-01
4.5710464834e-01
1.5809698507e+00
-5.3313529015e-01
1.8707816862e+00
-6.7460563507e-01
-3.3703338227e-01
6.3795733425e-02
6.7572008468e-01
5.8849753637e-01
-2.0769596187e+00
-6.3167582783e-02
1.0622585264e+00
-1.8499409909e-02
-9.0532130074e-01
-2.5945740784e-01
-2.3963866316e+00
1.7754639869e-01
-1.6896941673e+00
-1.0819913975e+00
-7.9102947512e-01
-1.6384175314e-01
-5.3760166114e-03
1.3770924756e+00
-2.6623784192e-01
5.7857811616e-01
7.4563251940e-02
4.8863850024e-01
9.9755374104e-01
-7.7239510578e-01
2.1230822076e+00
-6.7827071371e-01
-1.1906814398e+00
-8.2570415575e-01
-3.4969541475e-01
4.7070535311e-01
6.6050310021e-01
-2.9207712173e-01
1.8293621885e+00
1.0624392674e+00
-5.3353924746e-01
2.4929363866e-01
9.7015826014e-01
4.5592969092e-01
-2.2874282723e+00
3.1441893475e-01
1.0798448319e+00
1.3864882979e+00
4.8430326490e-01
3.9444189822e-01
-1.9107944357e-01
1.0582457917e+00
-8.6594267072e-01
3.7645245286e-01
1.7277115131e+00
1.3515209588e-01
9.5110117091e-02
-1.3135831595e+00
2.2921690664e+00
3.5695602434e-01
8.1550643167e-01
6.4936246171e-01
1.1356906556e+00
8.5497732059e-01
-1.6573671041e-01
1.2238917357e-01
2.8545365105e-01
-7.3113975153e-01
1.2830515058e+00
1.0444271427e-01
-7.3354479538e-01
-6.4997163588e-02
6.2799378128e-01
-8.4156032440e-01
-6.3452355358e-01
-1.5592424955e+00
-1.5647155198e+00
-3.5532586136e-01
3.8761669919e-01
-1.9564864372e-01
7.2873777983e-01
2.8943050211e-01
8.7342565940e-01
-3.2227537285e-01
7.3515596947e-02
-1.5512878693e+00
-7.2608803608e-01
1.4282800619e+00
-2.8348134914e-01
9.8621953056e-01
1.6967020734e+00
4.8102823891e-02
-1.3643096425e+00
-8.6945464246e-01
-8.4533908853e-01
-1.6977098431e+00
-3.5684573211e-01
-5.6518848413e-01
-1.3113928447e+00
2.5062152206e-01
-1.3807106480e+00
-3.5020091029e-01
2.3367133726e-01
1.5103361290e-02
3.3245651929e-01
1.8252136823e+00
3.3753535084e-01
-1.6657782231e-01
1.2762213155e+00
1.3089228216e-01
-4.0726352355e-01
4.4801857421e-01
1.7191493208e+00
7.9602414352e-01
8.5566680575e-02
-1.4685514372e+00
8.9133341013e-01
-1.7022348074e+00
7.9963314060e-01
-7.1801112605e-01
-4.7895556341e-01
1.1423422742e+00
4.5189141378e-02
-1.0291817612e+00
7.4036162205e-01
-2.5786430490e-01
1.1575186630e+00
1.4021075410e+00
1.0284988380e+00
2.9702920500e-01
-2.0605010993e+00
6.9509270887e-01
2.5952615522e-01
8.4539501892e-01
-5.3551474024e-01
-4.3537395056e-01
6.6570320733e-01
7.8225342256e-01
2.2393433924e-01
-1.1035684565e+00
-5.8784147619e-01
-1.9652079181e-01
2.6932439668e-01
1.8162576560e-01
-2.6053019910e-01
1.3013169445e+00
1.2175266075e-01
1.7247665932e+00
1.7777348959e-02
1.4659337500e+00
-3.8744691089e-01
2.3153818117e-02
-1.1236159943e+00
-1.8127297097e+00
3.1881306088e-01
-8.2165901909e-01
-1.4078389460e+00
6.7718123500e-01
8.5755301931e-01
-1.0591165479e+00
6.7525484573e-01
1.8521883646e-02
-4.4867172638e-01
2.8990215362e-01
5.9003251986e-01
-2.3764196553e-01
-8.6187352628e-01
-1.7360275965e+00
1.1239129297e+00
4.0099502000e-01
-1.7364032096e+00
-8.4420592785e-01
7.0359251898e-01
-1.1312976066e-01
5.6161395439e-01
8.0399073913e-02
-1.3211502199e+00
2.8282915891e-01
9.1034333727e-01
-1.7766880577e-01
1.1447273569e+00
2.7417356591e-02
-3.9920425559e-01
2.1824223495e+00
1.6602519429e-01
-9.5095811432e-01
5.6770514751e-01
5.9114408845e-01
-9.8014988034e-01
-5.3015172625e-01
2.1004578228e+00
1.9360944033e+00
1.3328538622e+00
