4.6917155944e-01
1.9516784597e+00
-3.2116634943e-01
9.0162115591e-02
-6.3674886284e-01
5.8678469645e-01
-9.7360053958e-01
3.8102679367e-01
1.6500196579e-01
-6.2738060928e-01
-5.2624234551e-01
-9.6508698518e-01
5.9677125740e-01
9.1782177066e-01
1.9237244116e-01
4.7359432625e-01
7.6972002853e-01
8.0321069170e-02
8.9654330603e-01
-7.5899496004e-01
-4.4903104949e-01
-1.7678836674e+00
3.3021565905e-01
-2.1885181708e+00
-9.1333570304e-02
-9.1272368649e-01
-1.5287880409e+00
-1.8086228772e+00
9.6681628687e-01
5.8313194223e-01
-7.3764068587e-01
1.3983781035e-01
-1.2646922453e+00
3.7671350883e-01
1.4182689128e+00
9.8860967625e-01
3.8605849110e-01
3.4975139030e-01
1.0785471770e+00
7.0587590983e-02
1.1307718028e+00
-8.6271229706e-01
1.2801350550e+00
-2.8650483484e+00
-7.9107770390e-01
6.6911545245e-01
1.0586249087e+00
-4.2024016253e-01
-5.3568953546e-01
3.9074760993e-01
-3.0964599676e-01
8.7483125700e-01
1.4815226873e+00
-1.7656467003e-01
4.7414861704e-01
1.1107754992e+00
2.0002055468e-01
4.5929256388e-01
4.4511937261e-01
-5.4756950835e-01
6.8586813612e-01
-6.6549918819e-01
1.3685706483e-01
-5.7788434559e-01
1.2473885129e-01
-2.0232143728e+00
2.2348616464e-01
-3.8933467949e-01
1.2443758837e+00
-7.0962136829e-01
-3.6264588646e-01
1.6642754699e+00
1.3483956628e+00
6.0413738973e-01
1.1047467362e-01
5.6740143885e-01
8.8538288601e-01
1.5298997923e+00
8.1438583350e-01
-2.2070282164e+00
3.6189743456e-01
2.5082867847e+00
-1.1275678596e+00
-5.5182679638e-01
-1.5060763092e+00
1.9709513919e+00
4.7645167911e-01
1.2162884753e+00
-6.3874339535e-01
-6.8969889641e-01
2.8651853057e-01
1.0305166065e+00
-4.8381495510e-01
-1.3404017568e+00
-5.7324654841e-01
1.2220009036e+00
2.6922073711e-01
-7.7187656065e-01
4.2317302904e-01
-2.6495371646e-01
3.4436906518e-01
1.7975727130e-01
5.8331098639e-01
-8.7187460085e-01
-5.3296029134e-01
-1.0488368604e-01
-1.6786417665e+00
1.1566319030e+00
1.9632722572e+00
-1.3795731176e+00
-1.8766986468e+00
-1.8105502207e-01
-1.1997756766e+00
3.6620830305e-01
-1.0945142758e+00
-1.0802875260e+00
1.6759014113e-01
5.7334709357e-01
2.1821121790e-02
-1.0613252832e+00
8.7025913238e-01
1.0875942216e+00
-3.2214719805e-01
9.4750943589e-01
8.5210003355e-01
-1.8640845305e-01
1.3397314749e+00
-9.6806225893e-01
-8.0825937854e-01
-8.2998827791e-01
1.9951013891e+00
7.7213244677e-01
6.8337261352e-01
-1.8493818655e-01
2.0542033661e+00
-1.1279212961e+00
3.1077193637e-01
6.0706328398e-02
4.1218028280e-01
2.1868286103e+00
4.9939954915e-01
1.7891230271e+00
1.5353911507e+00
-1.3070804002e-01
-8.9487714486e-01
1.9436111035e-01
-4.7365339703e-01
-1.4162194959e+00
-2.1201803658e-01
-7.3581696414e-01
1.7850697985e+00
1.3519555529e+00
8.0367652536e-01
6.3282794112e-01
-2.3948186973e+00
1.8342980439e+00
8.9801932751e-01
2.9407289440e+00
-1.0752383497e+00
6.2451289391e-03
3.7682631532e-01
-2.1319649585e+00
-9.8188923369e-01
1.1327393216e+00
2.3327090837e-01
-4.2291308786e-01
1.6412030720e+00
-6.4385255826e-01
1.0946364711e+00
-8.7677462911e-01
3.8326199257e-01
-3.7106365391e-01
8.1259760467e-01
5.5875853760e-01
-1.5461247882e+00
-1.8878735332e+00
3.8516163175e-01
-5.6905535848e-01
-3.2251686782e-01
-4.4247165314e-01
3.0547071622e-02
-1.0210532305e+00
1.2063479456e+00
-7.2597896852e-01
-1.2339685655e+00
-8.9997472337e-01
-1.1192097586e+00
-2.0502523506e-01
-2.9615536514e-01
-2.2067633682e+00
1.0938464783e+00
8.0243608299e-01
2.3784151486e-01
-6.0819419137e-01
2.3512751372e+00
-2.3047850276e-01
1.5699275620e+00
-4.6193161434e-01
-2.5895879668e-01
-8.0755939689e-01
