9.0791859199e-01
8.4502077713e-01
1.0839916449e+00
-1.0681216924e+00
-7.0040981000e-01
9.7358164479e-01
-6.2413511154e-01
-6.7886513335e-01
-1.4622755671e+00
-9.2470654803e-01
4.6653578472e-01
2.2615975464e-01
1.6274889193e+00
-7.9747922515e-01
-5.8133269811e-01
-7.2316178105e-02
5.3892540197e-01
5.0233636613e-01
-9.1440446012e-01
-5.8112524089e-01
-1.9905946658e-01
4.2478142568e-01
2.0014988605e+00
-2.0062804189e+00
-3.4059124468e-01
-1.4088771907e+00
4.3755816639e-01
5.5479019129e-01
-6.4018535195e-01
3.3996428225e-01
1.7880528073e-01
-2.1074065285e-01
9.9178901972e-01
1.2787254219e+00
3.8837995143e-01
-3.0856189034e-01
-2.8477145274e-01
1.5672828930e+00
2.8928794385e-01
-4.9116872231e-02
-1.7834126167e-01
1.9141633420e+00
-8.0160480373e-01
5.6285344126e-01
-1.9070930951e-01
-3.2213406315e-02
1.3689292051e+00
6.5017847214e-01
9.3049795839e-01
7.1938375910e-01
-1.6624198573e-01
2.2836918052e-01
-2.3104497638e-01
-1.9322523270e-01
6.6548923486e-01
-1.3452280727e-01
3.2802401425e-01
-7.7447515192e-01
3.7519677197e-01
6.9505316510e-01
6.5821460550e-01
7.8738788978e-01
5.9225932242e-01
-8.8701068915e-01
1.9822671941e+00
-1.2452119050e-01
1.6921742604e+00
-1.2522845320e+00
1.6840192222e+00
7.3526247804e-01
-1.5859651419e+00
1.4445544449e-01
-1.2847209783e+00
-1.7576186526e+00
-1.0001439102e+00
-7.3091838823e-01
-1.3714892181e+00
5.0372581415e-01
-1.7651098201e+00
-7.6879999822e-01
-6.0986349083e-01
-5.6787848730e-01
6.8512970712e-02
1.2283610159e+00
9.1853996954e-01
-8.6050404622e-01
-1.9028789066e+00
5.0113036935e-02
5.9815059447e-01
-9.9278299029e-01
-1.3120923125e+00
6.2628192620e-01
1.5999409047e-01
7.9136557188e-01
-8.1829672317e-01
4.4753985359e-01
1.4792066508e+00
1.2680260852e+00
-9.3725816172e-01
7.0149633821e-01
-9.8740253667e-01
-1.9351018178e+00
1.6774490801e+00
-3.2997378645e-01
-1.8807877722e-01
1.1243769758e+00
-1.0160159574e-01
-1.3604466032e-01
7.9448847284e-02
2.4908141515e+00
1.2708377337e+00
1.0056332078e+00
7.5390242214e-01
3.0362004787e-01
1.3365904499e+00
-4.5345370718e-02
3.1453511064e-01
-3.6074904068e-02
-1.6195334906e+00
-1.3956428596e+00
8.8866823366e-01
-5.2842287843e-01
-3.4554188285e-01
-9.8882463065e-01
-8.2160702365e-01
1.1388901241e+00
7.4241122550e-01
2.7609168942e-01
1.6585436520e-01
3.7350214667e-01
3.8729952164e-01
1.2775923296e+00
7.3498032003e-01
-5.2268130934e-01
-1.0554297799e+00
7.6021868601e-01
-1.2442907945e+00
-7.8385006015e-01
-5.1056908110e-01
4.8064629044e-01
-7.4650332277e-01
8.5986100020e-01
-1.2367090430e+00
-8.9971628257e-01
4.6489676504e-02
-1.3786898164e+00
2.1146799700e+00
1.0948228070e+00
1.0381274960e+00
1.7297768696e-01
-4.6167388046e-01
8.8449944450e-02
1.0905467017e+00
-6.1877019941e-01
-7.0284506375e-01
4.4243316676e-01
4.4970798363e-01
-4.8092753659e-01
-6.2997014845e-01
-2.4519151424e-01
6.4165772839e-01
7.7791983604e-02
9.0288989948e-01
1.5211073113e+00
-5.2648436174e-01
-3.8452143049e-01
-2.1205752615e-01
8.5492549033e-01
8.5668670434e-01
8.4565491110e-01
-1.2492854301e-01
-2.7456045545e+00
-5.7580756089e-01
7.1936631269e-01
-9.0025928746e-01
2.9509970143e-01
5.7214010605e-01
-1.0259147211e+00
4.3233502311e-01
1.1030799727e+00
-7.8533142696e-01
-1.2509193588e+00
-1.0297662384e+00
-4.8291651558e-02
1.2007944104e+00
-1.5749707979e-01
-3.0120235498e-01
2.2778847629e-01
-5.6809648535e-01
1.1789510642e+00
2.4319201741e-01
1.3060830316e+00
-7.2126037833e-01
-9.6884056559e-01
-5.7156502391e-01
8.0968146136e-01
6.7056975401e-01
5.1670912651e-01
5.1843431396e-01
1.4767169088e+00
1.0865838170e-02
-2.8383695736e-01
1.0438547271e+00
-2.5295028435e-01
3.2562325049e-01
8.9965107479e-01
-1.8673008862e+00
-1.8538285399e+00
7.1401564082e-01
-1.2935701959e+00
-4.4218923387e-01
5.6778803654e-01
-7.0257781165e-01
3.8355546624e-01
-1.2378123989e+00
1.0325016127e+00
9.3757078133e-01
-1.1218765271e+00
6.1278275045e-01
-4.4392255422e-01
8.0617453596e-01
1.1649004077e+00
-4.5735545238e-01
1.1311413667e+00
-4.9707466253e-01
2.9896948802e-02
2.5274557932e+00
1.4582408309e+00
-6.0700165565e-01
-2.2640414093e-01
-4.1048059979e-01
1.3103406123e+00
-6.9694973932e-01
-5.7245639644e-01
6.3235157143e-01
-2.0048437151e-01
5.3655688656e-01
-3.1680788658e-01
5.4294982434e-01
-1.2717416962e-02
-7.4330731248e-01
4.0333620920e-01
9.1675588796e-01
1.5804537592e+00
-1.9147141723e+00
2.4665585880e+00
-2.0414676655e-01
-6.1001949304e-01
6.0915041290e-01
4.1839828556e-01
5.7643283426e-01
3.4394989049e-01
-5.0771464862e-01
-1.0932578868e+00
1.6674611870e-01
-6.1039751672e-01
-1.9634688501e-01
-1.7540235471e+00
1.5479239126e+00
1.6529514529e+00
1.3413475097e+00
7.3200977283e-01
-5.3306497659e-01
4.4495086037e-01
1.7057874992e+00
1.3947763391e-02
1.6573808791e-02
2.0119145248e-01
1.0162831758e-02
1.5778078171e+00
-4.6962225834e-01
-1.6996263017e-01
-5.2151383091e-01
-9.6779196441e-01
-4.7436259563e-01
-9.3302850819e-02
-1.8895324395e+00
6.7537526542e-01
1.9608422641e-01
-2.0504790629e-01
4.6963340507e-01
-8.6484341941e-01
-1.2129384826e+00
-4.3880332445e-01
2.3127496566e-01
-4.5274035374e-01
-1.9105501548e-01
8.6299435073e-01
-1.5340961480e+00
6.6600843274e-01
9.5454081530e-02
3.7418305767e-01
-1.2143264567e+00
3.4886344383e-02
-2.5481743344e-01
-3.3801271186e-01
-9.7511500426e-01
1.7973525625e+00
-9.6132513958e-01
5.6793638783e-01
-8.6751644200e-01
-5.4097595921e-01
-1.3999496221e+00
-1.3288550939e+00
2.3895436549e-01
-2.6333093229e-01
2.0859176034e-01
-3.7000562683e-01
1.2804603755e+00
-4.7262958269e-01
-1.2864975497e+00
-3.7927411464e-01
-2.8542866614e-01
-5.5242080016e-01
-1.8862884344e-01
-2.5927470685e+00
7.3786778479e-01
6.4588475750e-01
7.9871983875e-01
1.0339718284e+00
-4.9652088877e-01
1.3988266688e+00
1.5848964946e+00
9.8838599256e-01
7.3164902262e-01
1.3778722804e-01
1.3008037758e+00
4.9889908427e-01
-6.8943586702e-01
-1.0009533237e+00
8.9078423437e-01
-6.2901928445e-01
1.1793905305e-02
6.2912440534e-01
-1.4965821592e-01
7.3326401282e-01
5.4632224866e-01
5.0372723519e-02
1.0024951907e+00
-5.1325165145e-01
1.7034575781e-01
-1.3693522627e+00
-3.2521013625e-01
-7.5693276340e-01
-1.1713516052e+00
-5.9440640630e-02
7.3218549514e-01
5.5022697166e-02
6.4566554566e-01
8.9984997210e-01
-2.3339792202e+00
1.1683766264e+00
-1.6140468020e+00
9.2544532512e-01
-8.1523452585e-03
1.2530364671e+00
-6.6767036457e-03
-1.4468900769e+00
3.9587984345e-01
-2.7143535966e+00
-5.2515085871e-01
1.6679176645e-01
-2.3076303790e+00
-3.7165537887e-01
1.2931807523e+00
-3.8166997948e-01
-6.2378978644e-01
-6.9153957301e-01
-1.1443663280e-01
-3.7566569953e-01
1.4893252833e+00
-5.4654035132e-01
2.0190762568e-01
-9.2158843801e-01
-1.7472569325e+00
3.1269697493e-01
5.7282419422e-01
-9.9816484986e-01
-1.0590908005e+00
-5.0770374506e-01
7.7148194164e-01
1.1070596800e+00
5.3463778193e-01
5.5966292081e-01
-2.4232270803e-01
-1.2115064849e+00
1.0095595749e+00
4.7691825298e-01
2.7993303197e-01
1.5690643672e+00
-8.6542553189e-01
1.0076299964e+00
-6.9871860418e-01
-7.3100024574e-01
-4.0255958593e-02
-1.2241915206e+00
-5.7258343077e-01
-3.8319970286e-01
7.6348556347e-01
-9.9560648674e-02
