3.9829100660e-01
-4.8622848000e-01
-1.3238357194e+00
1.8519871409e+00
5.5456849134e-01
-6.6000288923e-01
1.4934645095e-01
-5.7868787913e-01
-1.2672820502e+00
6.2502323105e-01
2.3224437085e-01
7.9831174757e-01
-3.6548022249e-02
1.1579623289e+00
-3.1022369007e+00
-8.2299719434e-01
-1.1366033499e+00
7.0232073119e-01
9.0145365839e-01
1.1202079826e+00
2.2684750845e-01
7.3344950026e-01
7.2802498479e-01
1.5098840208e+00
-7.3112663436e-01
-1.2710105698e+00
3.7209970556e-01
-4.0683190339e-01
6.3503364030e-01
-1.4014441896e+00
5.4592262770e-01
6.0923928295e-01
2.1206547296e-01
-7.2244899475e-01
-1.0395988174e+00
1.5732181816e+00
-1.3436889871e+00
1.6432426421e+00
2.4953849694e-01
-3.7870875391e-01
1.0303410209e+00
4.3124470258e-01
-9.2761556030e-01
4.3833188867e-01
2.5538483657e+00
3.0085519836e-01
-3.9457897033e-01
6.5676201530e-01
1.3163962435e+00
8.0564531272e-01
-7.5679091617e-01
9.3780993964e-02
9.7724014671e-01
1.2359502983e+00
2.0225541298e+00
-1.3969909311e+00
-2.4789645084e-01
8.6230112898e-01
-1.5480008837e-01
1.7017471066e+00
-6.0831791046e-02
4.3721186960e-01
4.9623316427e-01
-1.3599033715e+00
1.0086501132e+00
-1.2414717683e-01
-3.6054218520e-01
-1.0959419985e-01
1.1588361275e+00
-8.7362786611e-02
5.1251602251e-01
3.8600347556e-01
6.0385295197e-01
-2.6343003060e-01
1.6402663687e+00
6.2848514839e-01
-1.7714881592e+00
2.5372708069e-01
1.2515049923e-01
-5.2576335303e-01
-1.7311264847e-01
-5.0296845432e-01
-5.7813105366e-01
-7.3753156282e-01
1.8168637030e-01
6.9978596117e-01
-2.2142234245e-01
-1.2581530882e+00
-2.0513984217e+00
4.2450403571e-01
-4.6462744692e-01
-1.3054067361e+00
1.1068514244e+00
1.2159782913e-02
-1.2138854769e+00
4.4146043006e-02
-9.0396734597e-01
5.1590873820e-02
-6.4980550154e-01
2.8059482597e-01
1.3934509699e+00
8.1055270563e-01
-7.6110466852e-01
1.5071575731e+00
-9.3636546245e-01
2.3464534272e-01
2.4938292560e-01
2.4654172948e-01
-1.5042647060e+00
-1.6918131460e-01
-5.5195324602e-01
3.6089698061e-01
1.4740008870e+00
1.8828109778e+00
2.9569111967e+00
-7.7187758257e-01
-1.6937440134e+00
-1.6417356380e+00
-1.3765321495e-01
-3.7886427515e-01
1.7450129939e+00
-1.1312251855e+00
-6.9298939578e-01
-7.0853742298e-01
1.8125463585e+00
1.2718597467e+00
3.6846221374e-01
-5.3535134132e-01
9.7941690702e-01
-1.2512025992e-02
-1.9351697488e-01
-1.0702223595e+00
-1.5414572307e-01
4.0845052883e-01
-6.5984284985e-01
-2.0879391909e-01
-4.1869206124e-01
-3.0695754757e-01
2.1771620665e-01
-9.4146063454e-01
-1.1194399597e+00
-1.0234862686e+00
2.8612775666e-01
5.8189104338e-01
4.6720720814e-01
-1.2118604976e+00
-4.6856844300e-01
1.4636779272e+00
-5.9554220882e-01
3.2919458800e-01
-1.1482643788e+00
-2.0955259940e+00
5.5793128046e-02
4.2584629700e-01
1.3053772357e+00
7.6842138872e-01
-9.9077306740e-01
5.8214353233e-01
-5.0351722414e-01
-1.3949162134e-01
-3.8395355813e-01
-2.3666349473e+00
-1.8776656254e+00
-1.2551364559e+00
-1.1316857272e+00
-1.6643899607e+00
-1.5579139207e+00
-1.3235022120e+00
-1.8847480671e-01
1.0106402533e+00
5.8906040004e-01
8.0370526041e-01
-8.9195838154e-01
1.5370475092e+00
-9.6177446757e-01
-1.0005651386e+00
8.2504708494e-01
5.5235991605e-01
-1.2452321705e+00
8.6924326552e-01
2.9344799498e-01
-1.6019475969e+00
-9.9389893799e-01
6.0714461129e-01
4.5169949485e-02
-1.3698409591e-01
-1.0602250313e+00
-8.5022303472e-01
1.6457190752e-01
-9.5405183249e-02
-3.0607906300e-01
-8.3249095659e-01
-3.4218017237e-01
1.2222279204e-01
-1.6853741687e+00
-1.7706120691e+00
-8.0190375395e-01
3.7857264387e-01
-4.1857454526e-01
-1.6040204039e+00
