4.5966421177e-01 -1.1503563512e+00 -2.1515443488e-02 7.1294982509e-01 -7.1554163757e-01 -2.8664569585e-01 -3.0651338170e-02 -3.0435055107e-01 -1.0757949451e-01 1.0689069012e-01 -6.0231814644e-01 6.8061535438e-01
-7.8955288736e-01 4.3590786371e-01 1.5745838088e-01 3.2021226116e-01 1.3997441438e-01 -9.5033537670e-02 3.5713287630e-01 -8.1665431739e-01 2.4943287597e-01 -2.7603934111e-01 -3.9115905106e-01 -2.1246824705e-01
3.1082153822e-01 -4.7695201523e-02 -1.2336105096e-01 4.9952820228e-01 -1.7633523536e-01 3.2180874822e-01 3.8258128273e-01 -1.0340147047e-01 -7.1391431801e-01 5.2879235325e-01 -3.5704360034e-01 -1.7098085635e-02
2.4564742511e-01 1.7779094743e+00 -5.4138370262e-01 -1.9108973740e+00 1.6394708903e+00 2.1897540185e+00 -8.0537462148e-01 -4.4608950407e-01 2.7279768300e+00 -1.8115854502e-01 1.4803436550e+00 -1.6312929406e-01
3.6652043550e-01 3.1113019627e-01 -9.9921482355e-01 4.7383814662e-01 -8.6341332291e-02 2.4915671407e-03 1.0179697375e+00 4.0524979716e-01 -4.4901058015e-01 1.8684597030e-01 7.4479730346e-01 6.4473702901e-01
8.4062969298e-01 9.4399660310e-02 6.4343494527e-02 -1.7153612798e-01 -7.5696235213e-02 5.2547521308e-01 -5.0179725958e-01 -4.3540653641e-02 -3.8120479916e-01 5.0345548861e-02 2.1375756301e-01 -1.6470929759e-01
-4.7979350855e-01 -2.5176179223e-01 4.1157159591e-01 -2.6701980894e-01 3.0414611152e-01 4.0049201321e-02 1.1845830631e-01 7.9664823276e-01 6.9927847222e-02 -8.9662305046e-02 1.9280924115e-01 4.8750642962e-01
5.6852615632e-01 -3.1468987285e-01 1.1778175280e-01 2.0848075540e-01 -2.6411216279e-01 1.4637675639e-01 -4.2027332421e-01 1.6510707838e-01 -2.6496246527e-01 4.8382302031e-01 2.0527615319e-01 -1.3348553827e-01
4.6889080562e-01 -8.9574874302e-02 9.5751926339e-01 -8.1678927644e-01 2.2445119147e-01 9.1376919418e-01 -6.6631151516e-01 2.0344967964e-01 2.5480366912e-01 -2.8522841514e-01 -1.1775493955e-01 4.5066006783e-01
3.3241023044e-01 3.0345094487e-01 -2.4203166839e-01 -1.4824291640e-02 -3.7588009348e-01 2.4604496751e-01 -2.4276878652e-01 -5.3945627576e-01 2.2578240705e-02 7.1572462016e-01 -3.1201239458e-01 -1.6058439880e-01
-5.4906516772e-01 5.4075406122e-01 -2.9317037570e-01 1.1653284406e-01 2.0272594031e-01 -1.7067848904e-01 4.8156367964e-01 -9.0011570997e-02 -6.6636627686e-02 -3.1770939076e-01 5.8026449215e-02 -2.2865719521e-01
-6.9169590784e-01 1.4868425340e-01 6.5489803731e-01 3.3158289945e-01 4.3552710579e-01 -1.8277824933e-01 -1.8759119229e-01 -2.4548259096e-01 7.2239634319e-01 -2.7366284675e-01 -3.4134765952e-01 1.9877910307e-01
