-9.1296377433e-03 1.8573665573e-02 3.9887716232e-01 2.3125227281e-02 1.1486235310e-01 -1.1762197931e-01 2.7458433004e-01 -2.0630726847e-01 -2.9565348582e-01 -1.6322401606e-01 -2.3502605171e-01 -2.8125283592e-01 -2.1747916343e-01 1.5945713021e-01 1.7523586506e-02 2.8238244106e-01 -2.2300235586e-01 1.8621586855e-01 -2.7847576395e-01 2.4140939175e-01 2.1088185901e-01
-2.6988383749e-01 1.7434518647e-01 9.3400564812e-01 3.5494131011e-01 1.7430130766e-02 9.4933561415e-02 3.7543774354e-02 8.8753456541e-02 -8.5799108701e-02 3.3187460060e-02 3.6541195361e-02 7.9511410381e-02 1.3900017248e-01 -3.2251357349e-01 4.1891845164e-02 -1.8507069028e-01 -2.4119654200e-01 4.6502479953e-01 4.0200705969e-01 -2.7037645377e-01 -4.0825177431e-01
-2.0830296468e-01 6.1258641585e-01 3.6247927879e-01 2.1250796322e-01 2.4443188819e-01 1.6200780372e-01 4.6895000769e-01 7.8711772612e-02 3.2506524410e-01 -2.9345316804e-02 4.8256169950e-01 2.5674546494e-01 2.9704309810e-01 1.3839615515e-01 -2.8813810637e-01 -8.7420821694e-02 -5.9477781097e-01 3.1772179075e-01 3.6035674195e-01 2.2892706965e-01 -1.4927738598e-01
-7.9321854204e-02 5.5367931792e-01 4.6021299099e-01 1.9020956804e-01 -1.1991764954e-01 8.4384404605e-02 -1.7976686120e-01 6.7779529238e-04 1.7593274973e-01 -4.4950425920e-02 2.0756920092e-01 6.2330545166e-01 4.5149694786e-01 1.7730684719e-02 -3.7517930541e-01 -7.9986509988e-03 -6.1630497730e-01 3.6691458698e-01 2.3538082312e-01 -1.2303267839e-02 9.6970394479e-03
-6.7115681730e-01 -5.9974481148e-02 4.0259187661e-01 5.2729563201e-01 -4.3537681791e-01 9.8558569917e-02 -3.3767088559e-01 1.2465773868e-01 2.2722296320e-01 7.8611167768e-02 -1.6385610922e-02 9.0537909903e-02 -2.4674593101e-01 -3.3345743204e-01 -2.3330281216e-03 -2.0725257426e-01 -1.0878492719e-01 3.6712116969e-01 2.7293627067e-01 1.2041339785e-01 6.2182945772e-02
2.7028656110e-01 -1.5135110977e-03 5.1349221090e-01 5.4914683967e-01 -3.0897220091e-01 6.6198018263e-01 -2.5387460567e-01 1.8751043999e-02 -1.4109521140e-01 3.0659178293e-01 -1.2903519240e-02 2.4215934436e-01 7.9274118948e-01 -9.7581742047e-02 1.9059722078e-02 -1.6052635019e-01 2.5609845693e-02 2.3089685164e-03 1.2758790413e-01 1.6006228811e-02 -2.3371361404e-01
2.2530677804e-01 -2.6125094754e-02 2.0325051025e-02 2.8991033644e-01 -1.7855282524e-01 -3.5756512817e-01 4.2604858165e-01 -3.3721930908e-01 4.8886315374e-02 5.0664048678e-01 1.3709726591e-01 -2.5987773312e-01 4.4022354211e-02 2.0149753019e-01 3.1142213417e-02 2.6491304154e-02 6.3559333475e-01 -4.9964052644e-01 -1.1593424613e-01 -2.2522076023e-01 1.6117484739e-02
-6.4763961046e-01 3.8586628460e-01 3.4918900750e-01 4.7602446865e-01 -4.2800913889e-01 6.8548134147e-01 4.2376967234e-01 4.3309100835e-01 6.0091955795e-01 -3.6035902729e-01 3.4642272235e-01 -4.0088557233e-01 3.4117653565e-01 -6.3509463852e-01 -2.5641872858e-01 -5.7556945053e-01 -2.1345610921e-01 1.7193184109e-01 2.3995917241e-01 -4.9717992748e-01 -8.2623215093e-01
1.4243263369e-01 4.9461703099e-02 -1.4546630007e-01 -2.2921098938e-01 -4.1054203158e-02 5.0344840000e-01 6.4823329590e-02 3.9048027541e-01 1.1274728553e-01 -1.3853169280e-01 -4.7520734199e-01 -1.0353412959e-01 -5.1603521200e-01 -1.1315666046e-01 -1.6359348189e-01 -1.1073753084e-01 2.9875241504e-01 -1.3718734470e-01 1.3427084878e-01 -2.1385297116e-01 -9.9841267947e-02
1.4057573602e-01 1.0034805633e-01 2.6308480397e-01 -5.3772198143e-01 -1.0354270559e-01 2.6650949978e-01 1.2717534927e+00 -7.9170805422e-01 -1.1700633163e-01 3.8647886917e-01 5.6380913950e-02 -1.6311324469e+00 -2.2645429721e-01 4.9669343116e-01 -1.9892377695e+00 2.4223847060e-01 -3.7939431591e-01 1.9485113246e-01 1.5197025428e-02 5.4675767367e-01 -2.2524480781e-02
-3.7540439514e-01 3.6520009528e-01 -6.2309122525e-02 1.1422631361e-02 -1.4912839328e-01 -6.3299324490e-01 -3.9691896551e-01 3.5998472589e-01 2.3086366275e-01 2.2840764305e-01 1.3960373677e-01 7.0480851638e-01 -2.9914189563e-02 -3.1363758175e-01 3.9850363349e-01 -1.1664386544e-01 -1.3952720291e-01 1.2506567547e-01 1.1526835907e-01 -3.7503997158e-01 -1.2044663386e-01
4.5649994185e-01 -2.1622439122e-01 -2.0508909417e-01 -1.9479433301e-01 -5.5316241007e-02 -3.1015849009e-01 2.9574172440e-01 1.7153307914e-01 1.6283494283e-01 -2.9503123718e-01 -5.6576143270e-01 4.6758720037e-01 -2.2133841888e-01 2.2727466224e-01 3.1345867821e-01 1.0451250410e-01 3.8563824692e-01 -3.7259724915e-01 -1.9693789009e-01 2.4836086870e-02 4.3649407909e-01
-4.5365987605e-01 8.1418469264e-01 5.3572971967e-01 3.5231667723e-02 -3.1293739227e-01 1.6423494863e-01 -3.1855478083e-01 5.6831051656e-01 -3.4545445478e-02 -3.7835061707e-01 5.5245840990e-01 3.0169090317e-01 1.6417547640e-01 -1.0285687011e-01 1.9458520090e-01 -1.6699528870e-01 -5.0623298088e-01 7.4232109131e-01 -9.6585033927e-03 -9.3377675903e-02 -3.1253810543e-01
5.9887458672e-01 -3.3387488406e-01 2.4332825632e-01 1.4103832639e-01 1.7159249587e-01 7.6217340241e-01 8.6829548835e-01 -3.0563967778e-01 -4.4360182105e-01 4.9416949677e-01 -2.4943547611e-01 -1.4047887066e+00 -3.4875841288e-01 6.6255826353e-01 -1.8814721880e+00 7.2777865482e-01 1.3356938343e-01 -2.0801218819e-01 -5.2573593836e-01 9.1083066915e-01 2.8966022841e-01
-2.5017184019e-01 -2.5689452787e-01 -2.8275405152e-01 1.3234172118e-01 -1.3372169522e-01 6.8401330849e-01 -1.6925176257e-01 1.7781114262e-01 3.6047682390e-02 -3.3418067508e-01 -2.6161110517e-01 -3.8102793020e-01 1.5053692429e-01 -9.9684566130e-02 -2.6117702318e-02 -1.8829496353e-01 3.4982186508e-02 -1.2489550060e-01 1.3919631700e-01 -9.8871797454e-02 -2.1645796153e-01
3.3341920337e-01 -5.7953265335e-01 1.5063587092e-01 3.2619473432e-01 2.2913435369e-01 4.9464789813e-01 1.2879414413e+00 -4.8151848112e-01 -2.6867261644e-01 2.7660336412e-01 -1.6157121702e-01 -1.4344991627e+00 -2.0639623479e-02 1.3348008337e-01 -1.9571816574e+00 3.2251363623e-01 -2.9672338103e-01 1.2650970460e-01 -2.7525831638e-01 1.7544333404e-01 2.6889935198e-01
-1.2734046185e-02 -1.2112571392e-01 1.4882683991e-01 -4.5928272246e-01 7.7647639638e-01 4.0210982625e-01 8.8344171648e-01 -6.8431895489e-01 -1.5011929049e-01 -3.5329971178e-01 8.4442187363e-02 -6.1857343009e-01 -1.4851171347e-01 7.0303475437e-01 -4.2882809823e-01 2.1730992352e-01 1.0353986075e-01 2.5888016524e-01 -3.5150356988e-01 5.6672232447e-01 5.8028070070e-01
2.6511894559e-01 1.8128913591e-01 1.4688001219e-01 -1.8394012763e-01 2.5524117822e-01 4.4923096140e-01 1.0507593335e+00 -4.7843327331e-01 -4.0258863647e-01 6.9033531870e-01 -2.6099385682e-01 -9.3530047682e-01 -2.4786751182e-01 -3.7501361597e-02 -1.7645272473e+00 6.0263754263e-01 -6.3657574514e-02 6.4513057942e-01 -1.3677736171e-01 4.4660444492e-01 3.3661028842e-01
1.5029813871e-01 4.9854126493e-01 7.0597068082e-01 1.5279208524e-01 -9.8582590113e-02 -4.1046876674e-01 -1.1512042888e-01 2.0630834718e-01 8.0109719250e-02 8.8268931048e-02 5.2989408021e-01 -1.8274125184e-01 1.8109753757e-01 -1.9255364272e-01 2.7878981465e-01 -2.2771676086e-01 -5.5082596960e-01 4.3420854010e-01 4.8598822749e-01 -2.1737642642e-01 6.0286112158e-02
2.9086469258e-02 -1.0288417983e+00 -4.5961539857e-01 -9.1026744505e-03 1.9454628374e-01 5.9506271281e-01 -8.6539473053e-02 6.4309237386e-01 1.2435020983e-02 -3.6335607123e-01 -1.3770859992e-01 1.0632825474e-01 -2.6309002342e-01 -2.5757983548e-01 7.1567158196e-03 -1.9013395983e-01 2.7609169055e-01 -8.6901946225e-01 7.4655812939e-02 -5.9201225411e-01 -7.3384357562e-02
-6.1128874724e-02 -2.4223587785e-01 -6.7404632459e-01 -1.6927261008e-01 3.3146760004e-02 -8.2227213833e-02 -3.1221538955e-01 4.5051898657e-02 -2.1155223542e-01 -2.9817195173e-02 -4.1708643469e-01 -2.4943500392e-01 -2.0691242856e-01 3.3882795412e-02 5.0934230806e-01 4.4697982153e-02 4.9195423163e-01 -3.1333515698e-01 3.2320545627e-02 2.6637262179e-02 4.6331390698e-01
