2.9782133655e-02
8.0351755379e-02
1.3318358851e-01
-1.0859013982e-01
-9.5033847452e-02
6.4996321911e-02
-5.3544646668e-02
1.1160051967e-01
3.0491679536e-02
-7.6538218565e-02
9.9786864453e-02
1.6268406135e-01
4.3931382233e-02
4.2152746541e-02
-8.0131828870e-02
-6.2998266802e-02
2.4153595150e-02
-7.9827554999e-02
1.6260630779e-01
7.6539945525e-02
-1.2727132593e-01
3.9281111019e-02
-5.5410354866e-02
-3.5830652751e-02
5.3710865845e-02
3.8951128287e-02
-8.1074976025e-02
1.2522150063e-01
1.7894109248e-01
7.0880918663e-02
7.9611226855e-02
-1.0306411653e-01
-3.0418692990e-02
-5.2001859913e-02
-2.3755645484e-02
1.6456407423e-01
-6.1656831277e-02
-9.4294484179e-02
6.7897903721e-02
6.5440609413e-02
1.6596134542e-01
-8.2349881688e-02
5.2364352709e-02
-1.2040593451e-01
4.1924065957e-02
-6.0213068027e-02
5.3369820762e-02
1.2990358138e-01
-6.0835156049e-02
-4.2216570471e-02
-6.4336698650e-02
7.9815266535e-02
-7.9853318581e-02
3.4637528697e-02
-1.3898044033e-01
4.8135809466e-02
5.8768031192e-02
6.7522137145e-02
1.4197811777e-02
-8.0141218788e-02
1.7810179062e-01
3.8144035987e-02
-1.2993498931e-01
-6.1240657350e-02
-7.0570418191e-02
-9.6995996640e-02
-3.1620963073e-02
7.9179325909e-02
-2.3350111096e-02
-7.6232408474e-02
8.6375016771e-03
-2.2864639802e-02
4.4278438640e-02
1.0620051787e-01
7.1051150994e-02
7.1485633696e-02
-8.2567901868e-02
1.2662924786e-01
1.0719445662e-01
4.6162981263e-02
-1.3619290368e-01
-8.9635503308e-02
3.7417224465e-02
-1.2039498284e-01
-3.4108345120e-02
-1.2878819747e-01
-4.4542314283e-02
7.5175941859e-02
-5.7608531688e-02
-7.5657784506e-02
-1.1837013083e-01
6.0041690015e-02
4.4475603014e-02
9.4989354109e-02
-6.0931540946e-02
5.0457252866e-02
1.0706757078e-01
7.0662718093e-02
-1.2407548293e-01
-7.5987355154e-02
-6.4114910625e-02
-5.7361404764e-02
1.5817440206e-01
-7.9646910731e-02
6.3736931804e-02
5.3642512203e-02
-4.3753383860e-02
8.7628159409e-02
9.9843815376e-02
-6.4722016042e-02
-4.4616644687e-02
-7.1067340160e-02
7.5043178011e-02
6.4762376178e-02
1.0415342105e-01
1.7310483089e-01
-3.9937146796e-02
-9.5089021664e-02
-5.3648471127e-02
3.8797769266e-02
5.4380207741e-02
1.5894998575e-01
9.8536996128e-02
9.3701003833e-02
-3.3346185660e-02
-1.2352865368e-01
-4.4206301552e-02
7.3932479623e-02
-2.0112324794e-02
-4.9289442022e-02
-6.7957619985e-02
-1.1124399113e-01
1.0909655745e-01
-4.1539724817e-02
-5.3080408737e-02
2.1573366844e-02
4.8151030935e-02
-1.0894311467e-01
-8.6727382745e-02
7.1416457422e-02
1.0757912439e-01
-1.2665523470e-01
-7.2092615035e-02
-8.7600552934e-02
1.0521060779e-01
-7.0789085937e-02
6.4552042571e-02
-9.3950943509e-02
-1.6646091918e-01
-5.1004089186e-02
-3.5278464592e-02
-7.6991264265e-02
1.6277645124e-01
-5.0405066945e-02
-1.3286652812e-02
6.5755504322e-02
1.7789071311e-01
1.1119258500e-01
-5.0705600748e-02
1.6765583452e-01
-2.4687403813e-02
8.8430429617e-02
-7.2843432528e-02
-6.2460135462e-02
7.9071224640e-02
3.9434240238e-02
8.1145584681e-02
1.3278051420e-01
-7.6179106590e-02
9.5337919437e-02
3.8205144604e-02
-8.5996761661e-02
9.8392104959e-02
-1.2533296424e-01
9.4348663460e-02
6.8857502202e-02
-5.4489232799e-02
7.6143927768e-02
-1.2996498955e-01
7.3097822767e-02
-5.4020347474e-02
-4.7583168722e-02
-2.3126518892e-02
5.4971015129e-02
8.7401013498e-02
6.7785852864e-02
7.8269147940e-02
-8.9229288234e-02
-9.7741176252e-02
-2.0006996293e-01
8.3842813584e-02
1.0221075881e-01
-4.2526641355e-02
1.2025131259e-01
6.6462143226e-02
-4.1258016147e-02
-9.1444945556e-02
-5.4028014566e-02
-7.7030066654e-02
-4.1145175832e-02
-8.4420328578e-02
-1.1464178029e-01
-4.0415754129e-02
5.0955965837e-02
4.4391704858e-02
8.9339431512e-02
7.1627777956e-02
-4.6547227092e-02
-7.9547054929e-02
1.2114498033e-01
-7.1986358675e-02
3.4190724725e-02
-1.7717180365e-01
1.6348978978e-01
1.0100874743e-01
-8.6671860339e-02
1.3226620286e-01
-1.0038759733e-01
3.2712663823e-02
-1.2783365389e-01
5.3424382490e-02
-3.8151568415e-02
-9.1872130957e-02
-6.9046436448e-02
4.2019050050e-02
5.5422387338e-02
-1.6569244991e-01
-6.9083481390e-02
-3.9552121204e-02
2.5442163404e-02
-5.0210794663e-02
1.4151344656e-01
4.6332779449e-02
-1.8046902878e-01
1.1371994502e-01
-9.7886680276e-02
-8.3922510610e-02
6.6981462474e-02
2.3688700425e-02
2.7485525778e-02
5.5838738027e-02
-1.7135459032e-02
9.7823697608e-02
-5.3850655226e-02
8.3344554975e-02
1.2676030167e-01
-8.8225655816e-02
3.1753002876e-02
-4.7156054678e-02
9.9024246043e-02
8.3282242343e-02
5.9111466640e-02
-4.8739713459e-02
9.4647267663e-02
-9.4326686132e-02
4.9785367545e-02
-5.4497286341e-02
-1.2611495489e-01
-9.0479205225e-02
-1.4963524344e-01
-6.1182538824e-02
-3.4283277838e-02
-2.4558119460e-02
-8.8106172577e-02
9.7221813890e-02
8.8818800823e-02
4.5274230179e-02
-1.1764766588e-02
-6.0783019348e-02
1.3521815360e-01
3.7024592441e-02
5.4643679581e-02
5.4299686934e-02
7.1514803213e-02
6.6367156481e-02
5.0782274587e-02
2.9157276313e-02
-1.1296126835e-01
3.1979821355e-02
1.0064602936e-01
4.1714660963e-02
3.7634703142e-02
5.3164274969e-02
6.8192592749e-02
1.5592481122e-01
1.4655183666e-01
2.1410977901e-02
-9.5057684230e-03
-7.9142640933e-02
6.1472504650e-02
1.5358349461e-01
-5.9820182243e-02
-1.0704239289e-01
8.2665187631e-02
-1.0116556750e-01
-6.2749970040e-02
3.8001068947e-02
5.5636322348e-02
-5.8386489070e-02
1.2587359149e-01
