1.8910250604e+00
1.0893530147e+00
-1.3967746702e+00
-3.7589048849e-01
1.2013360284e+00
-6.2700269849e-01
5.5331032461e-01
9.1483435449e-01
-9.6381282790e-01
-5.0331244049e-02
-3.2683030279e+00
-1.1258035574e+00
-3.0727732014e-01
-1.2731067349e+00
1.6880568515e+00
-1.3464709567e+00
-8.8194390216e-01
1.1545261706e-01
1.4318017138e+00
-1.4535206286e+00
1.3091608581e+00
4.3116767215e-02
-1.2850057452e+00
5.7816213588e-01
1.0490298627e-01
-5.5151139830e-01
-4.8425098270e-01
-3.9964780656e-01
5.4925149712e-02
6.0245944859e-01
1.7137974740e+00
-9.1929289997e-01
2.1335138200e+00
-1.8485104766e+00
7.1415994846e-02
3.8020051659e-01
3.4094526528e-01
-8.7208870407e-01
-7.3399305344e-02
-6.4179851449e-01
-6.4517006427e-01
8.9646887681e-01
2.9819483906e-01
-6.9666013057e-01
1.0275559543e+00
3.7401807397e-01
1.0064204149e+00
6.7807534562e-01
-7.9107290867e-01
-5.0905113344e-01
7.6814847546e-01
6.6586772945e-01
1.2196495020e-01
1.1135681853e-01
1.3099604223e+00
-4.9203032118e-01
4.6143393399e-01
-2.8173567493e-01
-1.7017246586e-01
1.1667017399e+00
8.7590165087e-01
6.3592962996e-01
1.4121186984e+00
-1.0547580682e-01
7.2751981091e-01
-7.0144230096e-02
2.5860957686e-01
-8.5815117336e-02
2.9432495186e-01
6.3015618223e-01
-8.7257984129e-01
2.1567762376e+00
-7.1922365247e-01
-1.3494984567e+00
1.7390165013e+00
7.8081188040e-01
5.9999117647e-01
5.8397793783e-01
6.2829706485e-02
-1.0832781739e+00
-2.1047694898e-02
-7.2532073933e-01
1.5523709162e+00
-2.1775570604e-01
