-1.8940791195e-01
-3.8427396702e-02
5.3086066958e-02
1.7255193668e-01
1.3167261175e-01
-6.9318895913e-02
-5.9839844148e-02
-1.6430190506e-01
-9.5727711698e-02
3.4822704857e-02
-1.1402065478e-01
-8.1105971841e-02
1.0106703021e-01
-2.1338006322e-01
1.4208154983e-01
2.7469480958e-02
7.6830491341e-02
-1.7227379234e-01
6.6795574463e-02
-1.6016432948e-01
8.1895649439e-02
1.8420034929e-01
-1.1500520536e-01
1.3676033531e-01
-7.0943383977e-02
1.3628550615e-01
-5.4593426370e-02
7.0247613230e-02
-1.1315564771e-01
-1.1726544218e-01
-2.2925623893e-01
-6.3365701344e-02
-1.9133577539e-01
1.0253302885e-01
-1.3356139700e-01
7.8280896846e-02
-7.3032896706e-02
-1.8808014908e-01
1.9719580763e-01
-1.6091116133e-01
-3.1398844779e-02
-1.7094769122e-01
1.5984861286e-01
-1.8558931039e-01
1.7568328581e-01
-6.5592964152e-02
-1.6700774780e-01
5.3259715053e-02
-3.6737763641e-02
1.8725983512e-01
-2.3481872796e-02
-1.2915319673e-01
-1.4170861104e-01
-1.4619049901e-01
1.5849268604e-01
1.8566317576e-01
-1.2537803973e-01
1.7323531989e-01
-1.6631833117e-01
1.3439704653e-01
-7.0073871946e-02
8.8572893690e-02
8.2496933215e-02
6.7347498539e-02
9.0941266363e-02
-2.0553723923e-02
-2.2664551784e-01
-9.7230867566e-02
-6.1341093751e-02
1.3147112180e-01
-8.4611793712e-02
1.0556162430e-01
-1.2072627891e-01
1.5392434535e-01
-4.7091633936e-02
-1.2537640156e-01
-9.2953748916e-02
9.6767416942e-02
-7.1944108494e-02
1.1408712524e-01
1.6636825036e-01
6.8432711438e-02
-1.6603197360e-01
-1.3854593086e-01
1.8173585829e-01
2.0804214206e-01
4.5374817438e-02
2.8117864271e-01
-1.6486652112e-01
1.0439225205e-01
-7.9793302438e-02
-1.1900692332e-01
-6.5654004252e-02
1.5090478626e-01
-1.3210952725e-01
7.0679567273e-02
-1.5615694863e-01
5.1241595007e-02
-1.7592035772e-01
-2.0700899042e-01
7.4481597981e-02
-1.0240499373e-01
6.0888255217e-02
-1.2666261515e-01
1.2220513979e-01
-1.1035484786e-01
1.3871296469e-01
-3.9596367847e-02
-6.7396837386e-02
1.2550830652e-01
8.4731218942e-02
1.5949019440e-01
-1.9439406995e-01
5.1571342918e-02
7.3076232505e-02
1.7454208681e-01
-1.0299966811e-01
7.4051706803e-02
-7.5543259208e-02
9.7880936414e-02
8.4523231994e-02
-2.1308565176e-01
-6.6958912798e-02
8.2327810405e-02
6.1390040072e-02
1.5987061683e-01
-6.3739574021e-02
6.8630638633e-02
-2.0610820040e-01
1.0481816600e-01
1.6637045770e-01
8.5066215030e-02
9.6676687573e-02
1.1287929766e-02
5.8302918831e-02
1.1828375015e-01
-8.5653286759e-02
5.2113790308e-02
-3.8352294881e-02
9.0489645218e-02
-1.2622442523e-01
8.4290200825e-02
-1.1416850530e-01
8.1661287519e-02
9.4311087828e-02
1.0530629947e-01
7.6239999978e-02
9.0634731084e-02
6.9499429178e-02
-4.9709411881e-02
1.8918520166e-01
1.0556900681e-01
-1.9589454280e-01
-8.5754711295e-02
-9.2125897823e-02
9.1812776257e-02
-1.4942388220e-01
-7.5479494623e-02
-5.6920386563e-02
9.9816615764e-02
1.4993534286e-01
1.8756202236e-01
1.7051762600e-01
5.3484452182e-02
6.8664012078e-02
7.5947131518e-02
1.3003953351e-01
-9.9309650036e-02
1.2216754549e-01
-9.5824187717e-02
1.3893754028e-01
-9.9408084918e-02
1.3502837025e-01
-9.8461190259e-02
1.2402557086e-01
-1.1623728385e-01
-1.5269550011e-01
1.8864570559e-01
-9.6823433800e-02
9.8251472045e-02
7.6145634103e-02
-1.1656950692e-01
-2.0844783051e-01
8.5268220686e-02
6.0441958054e-02
-6.4367904778e-02
-1.5545363577e-01
-6.9153534880e-02
8.0535118448e-02
-8.9300502367e-02
2.4240334768e-01
-4.5568692623e-02
1.4784111950e-01
-8.8939829679e-02
-6.2779173966e-02
1.7385113041e-01
-8.6466810940e-02
-6.3729923867e-02
-8.4561011282e-02
-1.1461128856e-01
1.0166348508e-01
-1.2543284878e-01
-1.9687904763e-01
-3.8627797602e-02
9.3539209919e-02
1.0773183973e-01
1.0502662308e-01
6.6471939999e-02
1.6084220892e-01
1.4344532939e-01
1.0892129013e-01
-9.7722579883e-02
1.1590762684e-01
9.0536217366e-02
-6.5069728068e-02
5.8153719364e-02
1.6793540693e-01
6.7444465901e-02
1.4325886932e-01
1.1670370718e-01
-8.5068623866e-02
-1.6482901057e-01
