-7.2323768489e-01
-6.7562534762e-01
-6.2160567163e-01
-1.6821201420e+00
9.0472972467e-02
-1.1379180339e+00
-2.2824205016e-01
-9.3075864542e-02
1.4124279834e+00
-7.1493361405e-01
-1.3976066146e+00
-8.2132650668e-01
-9.2926732283e-01
-3.0044137705e-01
1.4833189132e+00
-7.1508607135e-01
-4.3917561307e-01
-9.2896019792e-01
3.0096169116e-01
9.5958330224e-01
-1.3363659327e+00
-1.2104025430e+00
8.7868563283e-01
1.9936183741e-01
-3.9920784323e-01
3.7351972257e-01
1.2867187227e-01
2.1863907464e+00
-1.5350671238e+00
-3.2175680785e-01
1.5554809111e+00
-6.9451669555e-01
-8.8797632384e-01
5.3433305750e-01
-7.7827321505e-01
1.2567356959e-01
1.9810794838e+00
-7.1323400930e-01
6.4690926334e-02
6.4036771497e-01
6.9105339165e-01
1.1947960342e+00
1.6560557915e+00
-4.9562751892e-01
6.0595498929e-01
1.3642204927e-01
-3.3982613558e-01
4.3897971025e-01
1.0544548898e+00
1.2145407291e+00
-3.9594933966e-01
-8.8389238584e-01
-1.7216039496e+00
-1.5555594775e-01
1.1183106334e+00
1.2795659605e-01
1.1088729360e+00
6.5430354224e-01
5.5672944960e-01
3.6169269383e-01
2.3921319529e-01
-2.0688843837e+00
4.6461902846e-01
-6.7888577485e-01
-6.2303691771e-02
8.4279949350e-01
8.1075900997e-01
5.4352068513e-01
4.0342611508e-01
1.1230756090e+00
1.1406144464e+00
3.5979239462e-01
-5.3437397911e-01
2.6087779193e-01
9.1680533218e-01
9.2817653964e-01
-1.2534299946e+00
-1.2009263896e+00
-1.6341711897e-01
-7.1634651388e-01
2.2167724708e+00
2.7798812026e-01
-1.8482407693e+00
2.3771558229e-01
1.1646308855e+00
6.8569932176e-01
-2.4168667934e+00
8.4006203698e-01
-4.3443671353e-01
9.9380709773e-02
-1.2231536555e+00
-1.4400383092e+00
1.1397058750e+00
5.6941379081e-01
1.0602899422e+00
-1.4517762458e+00
-2.3569892255e-01
-1.8390401010e+00
-5.7444370787e-01
-1.9454916012e+00
1.1775534550e+00
-8.5770261744e-02
-7.7597009021e-01
-5.1329198960e-01
1.1990062818e+00
-6.5244449468e-01
7.6502245819e-01
3.1147327216e-01
-4.7540745178e-01
-4.6642363891e-01
1.1430558225e-01
-7.6532945943e-01
-7.3877899950e-02
-8.6780965336e-01
4.8096613541e-01
-2.1506423305e+00
-9.4626022414e-01
1.2332120855e+00
4.9555743796e-01
-1.8483069220e-01
-2.7214914687e-01
-3.6418996812e-01
2.2307714750e-01
8.3277176762e-01
-5.3560307899e-01
1.5194023085e-01
-1.4650844610e+00
-7.1445947898e-01
2.6552353706e-01
1.2582274023e-01
-9.9960500126e-02
4.0640752267e-01
8.1170224301e-01
-1.5974870744e+00
5.6482134999e-01
2.2618625189e+00
6.7210289714e-01
1.5932375850e+00
1.6725803004e+00
7.5224768652e-01
9.2801400083e-01
7.9842109229e-01
-5.6553708555e-01
7.8283471748e-02
1.2843217972e+00
5.0086452276e-01
-7.8508279562e-01
3.2326833268e-01
-4.8315903358e-01
4.4423150296e-01
-1.0561402436e+00
-6.2729862309e-01
-3.8170230975e-02
-1.3261803148e+00
-5.2314413830e-01
1.2657984265e+00
-6.5585979988e-02
9.7122696745e-01
-1.2373336312e+00
3.2077476102e-01
-4.2258266647e-01
9.1113343821e-01
1.0775502072e+00
-9.0348763608e-02
-5.8034834733e-01
5.7388989733e-01
-7.9730992337e-02
8.1315260597e-01
2.1385203692e+00
7.6020924070e-01
-2.5314525684e-01
-3.7647810898e-01
-8.3996529923e-01
-1.7291800286e-01
-8.0634984989e-01
8.5871143985e-01
-1.7164973498e+00
6.6835683842e-03
-8.4435583801e-01
-2.3343348601e-02
4.4399272543e-01
-6.8846576477e-01
-2.1399444569e-01
2.4282058084e+00
-1.0431448782e-01
1.1109299545e+00
8.0816662814e-01
5.6811285705e-01
-9.4172642461e-01
8.9255506423e-01
1.1625728970e+00
-3.5483281183e-01
-8.4738193370e-02
5.8245538623e-01
1.6373750459e+00
3.6598186818e-01
1.4632434100e+00
-4.5073810143e-02
2.2161950168e-02
-1.1923778138e+00
-1.3513835980e+00
-1.5556554413e+00
-1.4681260052e-01
1.5183434768e+00
-2.9656384850e-01
-7.9198368717e-01
-5.6386809314e-01
1.3691845389e+00
1.0199532731e+00
-4.7240933606e-01
-1.1935325633e+00
3.9964971179e-01
-3.5416767706e-01
1.2976333052e-01
-1.2664086162e+00
-7.9217878217e-01
2.9050481273e-01
8.1439476453e-01
4.8904111527e-01
-9.8788525914e-02
5.1094843136e-01
3.7380763991e-01
