-9.9821825884e-01
4.2031489528e-01
-1.9011990790e+00
8.0334830308e-01
-1.4515958386e-01
7.0276100572e-01
9.8667585305e-01
1.4101769181e+00
3.0538098396e-01
-1.7231211348e+00
-1.7831492769e+00
-1.2649226247e+00
7.2649442971e-01
-1.4153071367e+00
-2.6359564061e-01
-4.1901276702e-01
3.6958269161e-01
7.1483058869e-01
8.8127391129e-02
8.0594454139e-01
-1.1235260448e+00
1.0396984451e+00
1.3365648658e-01
7.8568226841e-01
-5.3343348922e-01
-2.0149106916e+00
6.7589793020e-01
-1.3424364130e-01
1.2011414611e+00
4.5933892528e-01
2.9716726596e+00
1.2518872298e+00
-2.5420241966e-01
-1.5958818461e+00
-8.9865693269e-01
-9.0106346081e-01
-5.5493483746e-01
-1.2112322116e-01
3.0961983529e-01
1.3616219177e+00
-8.9840577866e-01
-1.3867993044e+00
8.6173175755e-01
1.3507713094e+00
-4.7257007742e-01
1.0653124208e+00
7.5165604777e-01
-1.7181488052e+00
-6.6612911727e-01
-5.0667857147e-01
2.0144572649e+00
5.3006441826e-01
-5.3557103718e-01
-7.0937775877e-01
-1.5639725032e+00
1.1015261753e+00
3.6724597323e-01
6.0739215214e-01
-1.2949284684e+00
7.6595125212e-01
-2.4868281105e-01
-6.9157290600e-01
4.8014362760e-01
-1.2292715059e+00
1.4234008503e-01
-2.5442934950e-01
1.0481625261e+00
8.8992845728e-01
7.8130050014e-02
3.1191588087e-01
5.8971049151e-01
1.2288022167e-02
-8.5013632550e-01
-5.1379758620e-01
-1.2400276972e+00
9.3485904643e-01
4.3062525695e-01
-4.2849025670e-01
-7.5317778656e-01
2.2345093863e-01
-1.4155087491e+00
-1.0569514607e+00
-2.3858390897e-02
2.4386331174e+00
4.4001981617e-01
1.6525118122e-01
-1.1587919620e+00
-9.4308806949e-01
1.3853704298e+00
-4.7949451329e-01
7.6841341499e-02
5.7682472850e-01
-4.0895515384e-01
-4.9348012854e-01
-1.7539219766e+00
-1.2395586781e+00
6.0155792547e-01
-4.0434596327e-01
6.9730614439e-01
-1.5863379681e+00
8.4560978875e-01
-7.5278731982e-02
-1.4977645970e+00
1.1289142746e+00
-1.3859014878e+00
1.0799232068e+00
1.5263960915e-03
-9.1960179580e-01
1.8800658777e+00
4.3311000410e-01
1.2340515052e+00
4.4057905821e-01
-1.8575395160e-01
-8.6577648370e-01
-1.9274495477e-01
1.5959986126e-01
8.5169291345e-01
-4.0820698243e-01
5.3967130053e-01
1.6955899515e+00
1.6836593462e-01
-1.9212931466e+00
1.8132466481e-02
-1.1106129977e-01
-1.6174463656e-01
-1.5987164498e+00
2.7334622049e-01
-5.4462985257e-01
-1.1484545154e-01
9.6019846226e-01
-8.4240564126e-01
-1.0126344481e-01
-2.2417078692e-01
-1.6729688859e-01
-4.5545841842e-01
-3.9667819615e-01
1.6924539831e+00
-3.9011686980e-01
2.6582728400e-01
1.3479626027e-01
7.3671799182e-02
4.5831389289e-01
-6.4091158027e-01
1.4274941591e+00
-9.1003651134e-01
-1.7058234326e-01
-1.2139680734e+00
8.9229495730e-01
-9.4837079820e-01
7.4832556112e-01
2.7528020310e-01
1.6048659870e-01
1.1256834673e+00
-5.9244827925e-01
1.4828953589e+00
-3.7434252343e-01
4.5530313139e-01
-1.8840748535e-01
6.3807207561e-01
-1.0252367494e+00
1.2196392730e-01
1.3941132061e-03
4.1131846224e-01
3.8553798892e-01
-8.9287764353e-01
1.3066326808e+00
-5.9768580840e-02
7.3059771808e-01
-1.2728202775e+00
-4.2967957930e-01
1.0930156222e+00
1.6587517077e+00
4.3273799489e-01
-9.9759722006e-02
-1.0607246141e+00
7.9039191492e-01
3.2051024577e-01
-2.3822490351e+00
-1.7348215727e+00
3.8488150697e-01
-8.6600576728e-01
-1.0704705415e+00
-8.8870468311e-02
3.6189888129e-01
1.4481494965e+00
-8.4564476130e-01
4.2008114749e-01
-1.0589501056e+00
-4.7672106840e-01
2.2268575589e-01
-1.6739814458e-01
-1.3976306271e+00
5.4340640689e-01
7.6265125765e-01
2.3842001749e+00
1.7559204597e-01
2.0692478677e-01
3.2008802908e-01
-1.3621659418e+00
-1.3062203356e+00
-9.0729766343e-02
-2.2725018886e+00
-1.1338333448e+00
-5.2764051816e-01
9.8707989878e-01
2.6771164696e-01
-1.5315405387e+00
-3.9311813537e-02
5.7165094533e-01
7.4771448798e-01
1.0724143337e+00
1.2216534746e+00
5.5021192572e-01
4.6321826208e-01
2.2563556521e-01
8.7681302381e-01
-8.1341051537e-01
-2.3288752207e-01
-6.9696834473e-01
4.2550163051e-01
-2.5809101680e-01
1.0006752664e+00
4.5766579558e-02
1.0485649454e+00
-2.1379427730e+00
-6.7244768618e-01
9.6150569362e-01
2.5973031224e-02
1.0853244961e+00
2.5379643484e-01
-9.6562986834e-01
1.7708429040e+00
-6.5487301324e-01
-7.4899586511e-01
8.3718899282e-01
-9.4191252944e-01
-1.3202917295e+00
-7.4628488602e-01
8.3231523036e-01
2.1675849466e+00
1.9016172711e-02
-7.5664263496e-01
1.2647024045e+00
-6.3753337876e-01
-4.7150101645e-01
4.0646011812e-01
1.1721348704e+00
6.7822736086e-02
-3.6398268134e-01
2.3376738406e+00
-6.8048353542e-01
-5.6699090975e-01
-3.9956062279e-01
5.2405942728e-01
-4.3125260994e-01
8.1097849727e-01
-7.0846980320e-02
-3.4480635284e-01
