4.5844392498e-01
-8.0759568397e-01
-7.8374318199e-01
-4.2281284882e-01
1.0461395850e-01
-2.8394084977e-02
7.1275778068e-01
-5.7839790365e-02
1.2741231542e+00
1.9305807958e+00
-1.8592247156e-01
-1.5747150560e-01
-6.6317048083e-01
4.3490599789e-01
-3.4168402639e-01
1.3551434451e+00
-3.2931970396e-01
-9.0478752985e-01
-1.5490642526e+00
8.8134759605e-01
9.1331537763e-01
-7.0664917169e-01
5.5352597844e-01
-2.3571746579e-01
-1.9078825589e+00
1.5448774163e-01
-5.4875871022e-01
9.1172521916e-02
1.6111975088e-01
-1.3518470049e+00
-7.7969841868e-02
-2.8486740011e-01
-8.4324381020e-01
4.3675815985e-01
-1.0626058760e+00
-8.6124232977e-01
-1.0749386912e+00
4.1953248794e-01
-2.3468411490e-01
6.9723468991e-01
2.9158823828e-02
3.2477363463e-01
1.9874146981e+00
-2.1860742035e-01
-1.8252096775e-01
1.3146017653e+00
-8.7150461351e-01
-1.0177365982e-01
-1.7332879820e+00
-7.9423147766e-01
-1.5035863988e+00
-4.9578634078e-01
2.2554376652e-01
6.0611413007e-01
4.6480219839e-01
1.1771271400e+00
-3.4600826652e-01
-9.8650394492e-02
-1.0577130432e+00
-1.9763195521e+00
3.2148988686e+00
-4.1043737499e-01
2.8543371919e-02
1.3953974651e+00
5.9290415906e-01
2.2707204422e-01
6.9011614866e-01
2.7938337712e-01
5.3029240815e-02
-2.7014790876e-01
1.3605384912e+00
1.1471168796e+00
-1.2681888186e+00
1.0553220448e+00
1.5826879799e+00
4.8100347266e-01
-8.5269851306e-02
-1.1133789456e-01
-1.1623555027e-01
-1.1904010415e+00
-7.8839509827e-01
6.5584926328e-01
8.5709106207e-01
-5.7761867813e-01
