6.1906671876e-01
4.2316755950e-01
3.0314196458e-02
3.8694017034e-02
4.2259427794e-02
1.9830107895e+00
8.6983397134e-02
-2.5978256170e-01
2.7212766571e-02
-7.5367496729e-02
4.7434809616e-02
1.8712926525e+00
1.1013489501e+00
2.7976255155e+00
1.0866417728e-01
9.5808683153e-02
6.8225457135e-03
-8.7830431524e-02
4.6726003925e-01
9.7650181880e-04
4.4549631663e-02
1.2396477769e-01
7.8533229713e-02
1.3133379497e+00
3.5258321900e-02
2.7195309449e+00
-1.5072577550e-01
-5.4709761121e-02
-6.5416558947e-02
-1.0964024671e-01
-5.9302726976e-03
3.6083960168e-02
-5.6817311441e-02
2.1394586162e+00
-1.4442333410e-01
-2.2323727661e-02
-9.4096707515e-02
8.1306092623e-01
4.9737910334e-01
8.9192424539e-03
-2.1957803291e-02
-7.5735083370e-02
-1.5983487567e-01
3.6933167536e-01
4.2181281079e-03
6.0774360301e-02
1.2238198410e+00
-3.1858666281e-02
1.1023508315e+00
1.5922208656e-01
3.2879595856e-02
8.0642748023e-02
-2.5466741963e-02
-9.2026531765e-02
1.6696221087e+00
-1.2777383237e-02
5.7085943562e-02
1.9951304209e+00
-4.7275499789e-02
4.4720850994e-02
-2.1482826567e-02
1.2691941234e+00
1.0453608650e+00
3.0547527332e+00
-1.0016035418e-01
2.4913457048e+00
-5.8830213732e-02
-2.9010575960e-01
1.2365964093e+00
-7.6174804081e-02
1.5916877939e-01
-5.1866299305e-02
-9.5490503955e-02
-1.2212092793e-01
1.1450447303e-01
-4.8550321963e-02
-1.0793968244e-01
-8.9809097026e-02
-6.2373299378e-02
-1.2427381779e-01
3.2451097635e-02
-9.2690800626e-02
1.6928381017e-01
-1.5840090569e-02
1.6612694195e+00
-6.0511868602e-02
6.4024304004e-02
-1.0546091783e-01
1.2344167208e+00
-3.2499246017e-02
9.9150179956e-02
7.2466276673e-02
8.8128915826e-02
-6.2419081672e-01
-1.0519044632e-01
-2.0270909945e-02
2.3367249158e-02
6.9286533606e-02
-5.6629303803e-02
1.8859950163e-02
5.2187143228e-02
8.5810751198e-02
3.5276047236e-02
-4.5993607380e-02
-3.5618148337e-02
1.7036471713e+00
-4.2564678772e-02
5.6861651660e-02
-1.3650650127e-01
-1.6269034024e-01
-5.7911995636e-02
-2.8291576439e-02
8.0672201177e-01
3.1542285224e-02
4.2914329969e-02
2.1264142021e-02
-6.9632431227e-02
4.1095760751e-02
8.1440432229e-02
4.9600259192e-01
7.4178381718e-03
-5.9222979450e-03
7.5393380396e-01
8.4267747664e-01
-4.0203185007e-02
6.3185439871e-01
-5.1812713230e-02
-4.6398056764e-02
-1.1940982985e-01
-1.1264761834e-02
-6.4486484579e-02
-3.4904139966e-02
1.1993831098e-01
3.3312741150e-01
3.3921118756e-02
5.4758594397e-02
-1.6292854523e-01
7.6953578021e-04
-9.5783122766e-03
-8.1828945693e-03
8.4391461795e-02
5.7512803365e-02
1.3262407021e+00
-4.3281090061e-02
3.1467843366e-02
2.8614953649e+00
-4.3701693799e-02
-1.1320057172e-02
1.5465103524e-02
9.2106827293e-02
-4.9884011417e-03
-5.8424065083e-01
4.2488401603e-02
5.0243604091e-01
1.4520905730e-02
-8.3388191323e-01
8.3126776806e-01
-6.6961604107e-02
1.1091801808e+00
6.1158741630e-02
2.2601663450e-02
4.6923700853e-02
1.5523118972e+00
2.2866116715e-02
1.0839687214e-02
-2.4286636840e-02
-5.3462578281e-03
1.5280420996e+00
-7.9858823704e-02
-5.3633388647e-03
-4.6954635109e-02
-2.2282835574e-02
1.8903501424e-01
2.2811539846e+00
-8.1098037479e-04
-3.0421823346e-02
-2.6991712271e-02
3.0365475701e-01
4.4056530142e-02
2.1423678920e-02
5.6753398338e-02
8.3103538475e-02
-1.4176113636e-01
1.2294096988e-01
-2.0374423348e-01
5.8090309817e-01
1.4204456207e+00
-9.2633408828e-02
2.0922209899e-02
4.1779140757e-01
-9.1887849900e-02
-8.1047054028e-02
3.9201464954e-02
-3.4434582438e-02
4.6537708676e-02
-5.5966561280e-02
6.4167298758e-02
2.0210469711e-02
5.7724452756e-02
-4.5976910609e-04
2.0677643564e+00
5.5283552779e-02
5.7227735029e-02
-6.1729995068e-02
2.4741582560e-02
3.1175125512e-02
7.7966380295e-03
2.0798949820e+00
-9.7881934626e-02
3.0788134476e-03
1.3042569637e-01
-6.5958203509e-02
2.1925713370e-01
4.1718119430e-02
-8.2372875490e-04
8.8565082853e-02
4.1058886326e-02
9.7436965328e-01
2.2314398839e-02
1.5546781749e-02
1.5175413307e+00
-1.9059311853e-02
3.2781630131e-02
9.0252270669e-03
9.6570013099e-02
7.4267188775e-02
-7.0107905480e-02
1.3941975799e-02
7.5579376006e-03
1.4352140112e-01
1.2440981301e+00
-9.2413951970e-03
-3.9073918922e-03
-1.2822198964e-01
3.5475843048e-03
6.5964658478e-02
-1.6966437239e+00
-3.5711330505e-02
-2.1004192193e-01
-6.0086716074e-03
-1.0110130219e-02
7.6829068894e-02
2.3874920642e-02
-4.3247080601e-02
-5.7953366254e-02
-3.8139672447e-02
-3.4913025488e-02
1.5852909076e-02
1.7398092867e-01
8.1835954649e-02
-1.7416265616e-02
1.5534359588e-02
2.3549752325e+00
7.4466870379e-02
-6.2508246489e-02
-1.0574648827e-01
-1.9461284999e-01
-2.3268086468e-01
-4.6566902720e-01
2.7921675219e-02
1.7220431187e-01
-1.1460917762e-01
5.3648737978e-02
-3.4121116861e-02
3.0647429066e-02
4.5326092207e-02
3.4410189448e-02
6.6616414087e-02
1.8086701601e+00
-6.5523891534e-02
-9.0188121742e-02
4.5234588744e-01
-6.6045086919e-02
-3.3555878941e-02
2.1613752766e-02
-3.0130340454e-02
-2.0416862685e-01
-2.0883333828e-01
-7.4728568939e-01
-3.2970629565e-03
-8.9192915134e-02
-5.5753336135e-02
-5.1441664687e-02
-9.8351219976e-02
6.5294272658e-01
4.6454101294e-01
-8.6631450903e-02
-4.7079352477e-02
1.0110205609e+00
5.4086838236e-01
7.5598395111e-02
8.0668203264e-02
-1.5365139486e-02
-6.1470018362e-02
5.3447406168e-02
8.2020780616e-01
-1.2831427034e+00
4.9892363571e-02
-6.5691397571e-02
-7.7201602207e-02
-1.1833146898e-02
-1.4946082308e-01
-6.5134266181e-02
6.9448955604e-03
5.5645147689e-02
-1.2135618605e-01
