-4.2553839887e-01
5.7461296993e-01
-1.7098288778e+00
-1.3221973071e+00
-4.5665487786e-02
-7.7523636698e-01
4.8341442202e-01
-1.4465018907e+00
3.5492633240e-01
-5.2363161169e-01
5.4989254663e-01
6.8178434221e-01
-5.0622763562e-01
1.0174606062e+00
1.1791257285e-01
1.6806243072e+00
-3.0295291321e-02
2.6331807462e-01
4.4027463375e-01
6.6445548818e-01
-2.8737015351e-01
-3.5646452313e-01
-4.4166809005e-01
-1.8526259259e+00
1.2878200100e-01
-4.1989712919e-01
3.5747604141e-02
-3.0170109417e-01
4.5496882372e-02
-4.7902589763e-02
-3.8665631664e-01
1.6211701560e+00
1.2218806104e+00
7.1535833090e-01
7.1828755861e-01
-3.4527358061e-01
-6.7231055017e-01
6.8110341439e-01
-5.3419159515e-01
1.7415313869e+00
-5.6748588959e-01
5.7986877694e-02
-2.7374852060e-02
-6.8632886360e-01
-8.7264724842e-01
-1.6574267762e+00
-1.7315167473e+00
9.1719735256e-01
8.9021034632e-01
2.2435825101e-01
7.4680742796e-01
3.8213375094e-01
7.4192736781e-01
-6.9633163175e-01
2.0741048158e+00
-1.3683320409e+00
-4.8002593585e-01
-2.9895607755e-01
1.5028107720e+00
8.1315773016e-01
-7.5279992782e-01
2.1737667488e-02
1.4671096545e+00
-9.0555661742e-01
-7.1739741924e-02
-1.1040785902e-01
9.7887325486e-01
7.7452687983e-01
-6.9259905561e-01
1.2541489372e+00
-4.2890912884e-01
-6.3862073452e-01
4.0968805022e-01
-1.0476665063e+00
1.3184860918e-01
-1.7776440490e-01
1.2571606712e-01
-1.1726925511e+00
-6.1975126225e-01
1.9295405199e+00
2.2741835148e-01
1.6233451825e+00
1.1382630471e-01
-1.2865269385e-01
