-3.1944104267e-01
9.5692343603e-02
2.7424749823e-01
-9.4597842981e-02
1.4912658691e-01
8.8288100973e-02
-1.0734853087e-01
-1.0002613643e-01
-1.1608476136e-01
-1.5206053351e-01
1.5842595457e-01
2.1604471424e-01
2.4644186638e-01
1.4555415261e-01
-1.0888331554e-02
-1.4486619164e-01
-1.2490136494e-01
1.7423625061e-01
-1.4489587432e-01
-9.9470644835e-02
-1.3666465321e-01
2.5952945502e-01
-3.0958830059e-01
-7.4856458487e-02
2.4941043888e-01
1.9635936790e-01
2.3824344094e-02
-1.3454823229e-01
-1.3222406843e-01
-3.1678701647e-01
7.9596802937e-02
-1.9775196832e-01
-1.5934525173e-01
-1.9697974347e-01
2.3289920005e-01
2.7364773937e-01
9.1809643871e-02
-2.2362388457e-01
-7.2440788942e-02
-5.9674636878e-04
3.3673077737e-01
-8.2626129984e-02
-2.9253090303e-01
1.2583957050e-01
4.6502130526e-02
-2.2780863182e-01
-8.9434714871e-02
1.0414174641e-01
3.9193004388e-02
-1.5395559716e-01
1.6546433665e-01
6.1259068707e-02
-2.1839755009e-01
-2.7235683226e-01
2.0089922335e-01
8.5304231190e-02
2.5673483759e-01
-2.4428665771e-01
-1.0165594218e-01
-8.1085707116e-02
-1.0274918956e-01
-2.8148767496e-01
-1.4398742878e-01
-1.4195617056e-01
7.5414761877e-02
1.0254540793e-01
1.6563313207e-01
2.3602912968e-01
7.0874022071e-05
2.7025362708e-01
-1.6119666512e-01
-2.0932842645e-01
1.3788833221e-01
1.7490605010e-01
2.5211384170e-01
1.4305084989e-01
-2.2352205732e-01
-8.6100357630e-02
1.4702597351e-01
1.2639849253e-01
2.8070031759e-01
2.8845835885e-01
-1.5001677692e-01
-1.0113458448e-01
