4.7710842632e-01
1.0773187883e+00
1.7885170433e+00
3.6697115122e-01
-1.5049864426e+00
2.5268525150e+00
3.9697995737e-01
-8.8137397157e-01
8.6652352058e-01
5.6724687105e-01
1.5328143507e+00
1.2225848891e+00
4.1967127834e-01
1.6736035239e+00
9.8572977042e-02
6.4929840007e-01
2.6957551354e+00
1.4292127774e+00
-5.9457542221e-01
-7.8617871121e-01
-3.4756770392e-01
-1.8263829162e+00
-9.6428023371e-02
-7.6958863469e-01
-1.3883464209e+00
5.3686032258e-01
-9.9978272033e-01
9.2502445420e-01
-2.2402076625e+00
3.4152725510e-01
-4.5574698582e-02
1.4356788128e+00
-1.6302172887e+00
-4.1475786260e-01
5.3797503776e-01
1.0438759151e+00
2.4864251474e-01
2.4297906598e-01
6.2033736781e-01
-1.0495672014e+00
-5.0302492229e-01
-5.5477570493e-02
-4.3861101466e-01
-5.3675988831e-01
-9.4996695310e-01
1.0962411627e+00
-7.3176565618e-01
-1.1387565763e+00
3.5065375674e-01
9.4192393121e-01
1.7811732857e-01
6.1368785661e-01
3.0071389090e+00
-1.6002986223e-01
-2.1023883667e-01
-2.6996346420e-01
-6.4533312183e-01
-3.0041811889e-01
8.5131860869e-01
-6.9332886793e-01
6.6330779001e-01
-2.1532077584e-01
-1.0861271682e+00
2.9070726061e-01
6.2643842867e-01
1.8456184682e-01
1.7103078734e+00
-1.3921517205e+00
4.2174478011e-01
1.0078643298e+00
1.1864053120e-02
1.1441151704e+00
-1.1712167090e+00
-4.4404190116e-01
7.3288985503e-01
2.4198074346e-01
-1.6300327616e+00
8.3772560216e-01
8.3340182733e-01
9.0432437054e-01
-2.5265852166e-01
-7.6439029709e-01
-1.5371717341e+00
4.1517518137e-01
-6.1178450360e-01
-4.4649937503e-01
-1.9136269498e+00
-1.7481615595e+00
5.9563762606e-01
-5.9003017426e-01
1.3097997228e+00
-4.6144422488e-01
1.3224425041e+00
-1.4414754981e+00
2.3439346578e+00
-1.2021049277e+00
1.7090397313e+00
-1.7564308879e+00
8.3763779902e-01
-3.7895067259e-01
8.1484904892e-02
-8.4536693392e-02
1.8661240400e+00
-1.0892409628e+00
-3.6841225118e-01
-5.3397574325e-02
-9.5316933045e-01
1.0727826210e+00
5.3564904312e-03
1.4693835911e+00
7.7285498707e-01
-1.4072008360e+00
1.6736097641e+00
-1.3451245513e-01
