-1.4000984303e+00
-4.4555670572e-01
1.4411442810e-01
-1.9284136762e+00
1.4178187815e+00
2.3680034851e-01
2.6672176363e-01
1.4159060798e+00
-7.4147087861e-01
5.0229598026e-01
9.4845032431e-03
-1.5961959237e-01
-8.7025722248e-01
1.7383798922e+00
-4.9920950707e-01
7.9936406763e-01
-1.9019513558e+00
1.2916204568e+00
1.1184889288e+00
-3.7267129507e-03
-3.3526895607e-01
4.9201445619e-01
2.3064892670e+00
-1.8505809038e+00
8.0238819437e-01
-9.1390026176e-01
3.5354982933e-03
-7.7529484396e-02
-5.2826827759e-01
-1.2207895025e-01
-1.0775823053e+00
9.1477367704e-01
-1.8907840233e+00
5.4392439537e-01
-3.1332441917e-01
-1.2320277126e+00
3.1007902402e-01
-1.6608708213e+00
-7.6731284049e-02
-1.4019778869e+00
5.5635057400e-01
-1.0132562616e+00
-5.4865341130e-01
4.0312645047e-01
-7.4722292849e-01
-1.5499108730e-01
-1.4119784953e+00
7.1918717707e-01
1.7558089283e+00
2.8131915423e+00
1.5046287425e-01
8.4992407414e-01
-1.8055593865e+00
1.5145929844e+00
7.8359797974e-01
-3.9004998071e-01
1.3347179651e+00
-3.6150995055e-01
-5.6816092103e-01
4.9303576323e-01
-1.1534937151e+00
1.0885015471e+00
-1.0843745091e+00
-1.1488733639e+00
-9.4716295367e-01
7.8229064124e-01
-6.2795759762e-01
-1.4183670209e+00
-5.3980015605e-01
7.9449647228e-02
-1.2336377801e+00
-1.2286435366e+00
2.1871929689e+00
-7.5607691302e-01
-2.1364860899e-01
-3.4202632898e-01
-5.2066227257e-01
5.1184603234e-01
1.0469106898e+00
-1.6392932155e-01
-1.1949600438e+00
1.2730564474e+00
-1.9867710571e-01
1.8318575401e+00
