-1.3501797448e+00
-3.8641625834e-01
1.2800781340e-01
-1.9210222595e+00
1.3971726322e+00
2.1115863514e-01
2.5196922948e-01
1.4156275916e+00
-6.7296738691e-01
5.8213044374e-01
-7.0649528621e-02
-2.1461806222e-01
-7.7282984913e-01
1.6761701027e+00
-4.2730739716e-01
6.3777269177e-01
-1.9560361337e+00
1.0786676619e+00
1.0369612309e+00
-1.4047828660e-02
-2.7069580295e-01
4.6301102178e-01
2.3277218135e+00
-1.8475849386e+00
8.6677217305e-01
-9.8624820236e-01
1.8270722119e-02
-2.6232102775e-01
-4.9228518066e-01
-9.3814680166e-02
-1.1380616909e+00
9.5410202695e-01
-1.8434084548e+00
5.3869890667e-01
-3.3602648848e-01
-1.1601173851e+00
2.6895183529e-01
-1.6241725808e+00
3.8463319734e-02
-1.3503753929e+00
4.8379573053e-01
-1.0182769028e+00
-4.7686532167e-01
4.2930327811e-01
-7.6992884249e-01
-1.6539971579e-01
-1.5042380949e+00
6.9848606611e-01
1.7965903928e+00
2.8119553417e+00
1.7363269209e-01
8.1727030599e-01
-1.8582991621e+00
1.5304439786e+00
8.2941203120e-01
-3.7682356128e-01
1.3057375531e+00
-3.1866328125e-01
-4.8006610559e-01
4.3949466412e-01
-1.1015460144e+00
1.0138756568e+00
-1.1628433967e+00
-1.1101211328e+00
-8.8891865434e-01
8.4376513031e-01
-6.6749924742e-01
-1.3698707508e+00
-5.6169216319e-01
1.2385227242e-02
-1.1747074213e+00
-1.2142213886e+00
2.1848122836e+00
-8.3557527664e-01
-2.2740009088e-01
-3.3642809796e-01
-5.3943169133e-01
5.9160780250e-01
1.0866710137e+00
-2.6447889973e-01
-1.2259111649e+00
1.3240957799e+00
-2.2446835084e-01
1.7806306950e+00
