-6.6610080550e-01 9.3872353286e-01 -1.0077082274e+00 -1.1263582473e+00 -7.9864184358e-01 9.1211587612e-01 -2.6533926148e-01 -2.9700108841e-01 4.5994606335e-01 -9.7710543170e-02 4.6122342923e-01 7.8601264689e-01
2.8988004231e-01 -1.2363432349e+00 6.0879348056e-01 7.9469384486e-01 -1.7817579168e+00 2.3250486908e-01 6.0117737276e-01 -7.2381054658e-01 -1.0088660449e+00 4.6785473528e-01 -6.8786989409e-01 2.4073976211e-01
-7.6839095390e-01 2.0333861219e-02 -3.1637465237e-01 3.3033146907e-01 2.2655891820e+00 -4.0700772259e-01 -3.6456716538e-01 -1.6692438694e-01 4.1442540604e-01 -1.5723188277e-01 -2.8938110219e-01 -1.6082928107e-01
4.8535885295e-01 -1.3648822766e+00 1.2302328410e+00 7.6123210347e-01 -3.2505636820e-01 -6.1898704443e-01 8.7294104396e-01 4.0335216182e-01 1.2498935337e+00 -1.4188470821e-01 -7.3170421983e-01 -1.8123261799e-02
2.0255873859e-01 7.7584305372e-01 -2.3201129865e-01 -9.9527806910e-02 8.9615227308e-01 3.0013929364e-01 -4.4760977557e-02 3.5658518774e-01 8.2924278755e-01 -9.6864719358e-02 -1.7009610881e-01 -9.6268400867e-02
2.7355805441e-01 2.9915152675e-01 -7.8949789142e-02 1.2451289662e-01 1.0883339651e-01 -8.3512330058e-02 -1.7646884061e-01 2.6376178780e-02 -5.4132818142e-02 4.9313257889e-01 -8.8584211884e-01 1.2814694655e+00
7.6668791428e-02 -3.6853729891e-01 -1.9196311925e-01 4.1461736289e-01 -6.8659500588e-01 4.1038224584e-01 -2.4358254059e-01 1.6095750468e-01 -2.7928372530e-01 -3.8706838249e-01 7.0607647468e-02 -6.1455746790e-01
-2.2044994981e-01 9.7101940118e-01 -5.8365816802e-01 -5.5294794727e-01 -7.9241047792e-01 3.1199487652e-01 -7.4928992173e-02 6.6468189908e-01 6.1240130730e-01 5.6026177004e-01 -4.3772049696e-01 -4.3954509354e-01
-3.1511359719e-01 9.2567684498e-01 -9.3601960930e-01 -1.2241923127e+00 3.3354751029e-01 3.0303811155e-02 -6.0857234928e-01 1.5978516722e-01 -5.0239038362e-02 7.7712292709e-01 -1.0880388761e+00 6.3295033082e-01
7.1910371271e-01 -2.4003327233e+00 -1.1834306690e-01 8.0607940212e-02 3.4327926290e-01 -6.0729459541e-01 -9.6038110067e-01 -7.3203346857e-01 3.8511965473e-01 3.5668567207e-01 -3.6664055542e-01 8.7710921340e-01
3.6578569357e-01 -4.4234956454e-01 3.8863561411e-01 6.5863958842e-01 -4.6579474801e-01 -4.4135450296e-01 -4.5033617351e-01 -6.6267437645e-01 -5.8972801118e-01 5.2941499723e-01 9.4753175726e-02 1.5293900156e-01
9.1343214346e-01 1.2564336582e-01 3.7641120103e-02 -1.7399137092e-01 -1.4108605315e+00 6.6613895290e-02 1.2780363609e-01 6.2588793159e-01 8.5302057229e-01 1.2992843304e-01 -5.5324322758e-01 -3.0399442908e-01
