-6.1880157638e-01
1.6641336013e+00
-1.3663340219e+00
-2.9085224803e-02
-6.9672994925e-03
-1.7422615918e+00
-9.1316097279e-01
-7.4837304566e-01
2.7326791514e-02
1.0607080908e+00
-1.6166790238e+00
-2.8423374172e-01
1.4747575058e-01
5.4458639358e-01
-1.0727205439e-01
-7.9155630846e-01
-4.1857546633e-01
-4.5011795282e-01
3.6964314840e-01
3.2231298748e-01
1.5249696000e+00
-9.0633830600e-01
-6.9490960631e-01
-1.2925926928e+00
-5.5358686097e-01
5.5254502487e-02
9.8895868585e-01
-1.4932487821e+00
7.8988458025e-01
8.3466129024e-01
2.6769067281e-01
9.1196722524e-01
6.1156669265e-01
-7.1738427167e-01
1.4800692271e+00
-2.9793373154e-01
-4.4982193229e-01
-6.1309064847e-01
2.1777507444e-01
3.8433139266e-01
-8.9940539042e-01
1.2957804179e+00
-3.3314005462e-01
8.6602193575e-01
-5.0702055010e-01
1.0938011594e+00
-1.6986778027e+00
1.2850418152e+00
7.0691672187e-01
5.1404062844e-01
-3.2582315539e-01
-2.8528526121e-01
2.8801095858e-01
1.0675836613e+00
-1.0776936496e+00
5.4820085244e-01
-6.7026467361e-01
-2.7789137639e-01
-1.2309087985e+00
-2.3601776353e+00
-4.9656822633e-01
-1.3875050527e+00
1.0314923430e+00
8.1365721031e-01
2.1246391717e+00
3.1604258306e-01
-1.1366058944e+00
-1.1377857345e-01
-1.0357684318e+00
-1.1792985971e+00
-1.8550546762e+00
-9.7324461868e-01
-1.3206799044e+00
-1.0763316350e+00
1.6896556740e-01
9.5597155043e-01
1.0993217039e+00
3.0784104092e-01
6.8419003554e-01
6.7835593762e-01
5.5052129327e-01
2.7396059430e+00
7.6575184590e-01
-8.5427112293e-03
5.4772006133e-01
-1.9678659523e-02
3.2548971176e-01
-1.3146427693e-01
-1.4204625005e+00
1.2197944369e+00
-7.1952803924e-02
-4.1044787001e-01
2.8560011700e-01
2.7977433844e-01
5.2022046191e-01
-3.6212942089e-01
-1.3365907003e+00
-6.4463046331e-01
1.5751559615e-02
1.2572718706e+00
-5.3588495862e-01
3.0245999743e-01
9.5438515818e-01
-8.3814498718e-01
-1.1038409815e+00
-1.1107472701e+00
-5.2750928673e-01
-1.8873454670e+00
1.2229803307e+00
2.3791846717e+00
8.0118396651e-01
-1.1402092959e+00
-1.5251032881e+00
-8.0211307796e-01
2.8565052074e-01
-3.0548705391e-01
-1.3690504522e+00
-1.1533143354e+00
-7.0219851443e-01
-3.4977221367e-01
-6.8135940486e-01
-4.9957728682e-01
-6.8533460595e-02
2.1297993364e+00
1.9815246198e-02
-1.4279989468e+00
-1.7822867376e+00
-4.1818440666e-01
-7.6199635434e-02
-3.8785752466e-01
-9.1448210153e-01
-2.5182886525e+00
-1.6200456092e-01
1.8356449604e+00
-1.3718851585e+00
-1.5339645562e+00
1.1092227086e-01
-6.5217864349e-02
-8.8396254822e-01
9.7992966177e-02
4.7261108154e-01
-1.9699383975e+00
1.3280468006e+00
6.6567437547e-01
6.6233293883e-02
-1.0694728686e+00
-8.1650750241e-02
-3.3777821147e-01
-2.2798086120e+00
-5.5034425700e-01
-3.5216199644e-01
-1.7893240323e+00
4.2591731556e-01
-1.7529750829e+00
1.8684117506e-01
-5.7618994449e-01
-1.3667634055e+00
-1.7234485805e-01
-1.8759235533e+00
-1.0446272121e+00
1.5715091124e+00
-2.2090110803e+00
1.5880285929e-01
1.4710946478e+00
-2.7630153924e+00
8.3432317046e-01
1.2206411130e+00
2.3369548587e-01
1.5314554707e-02
-9.5754440995e-01
-2.3642235317e-01
1.7912785274e+00
-1.6791050552e+00
3.3417497942e-02
-2.1260651131e-01
3.0771417639e+00
6.2738815126e-01
2.0419602040e-01
7.1413991783e-01
9.8218564241e-01
2.1942373459e-01
3.1181869263e-01
8.9282393440e-02
-1.5612435576e-01
2.0213576178e-01
-9.8901355867e-01
1.8839465917e+00
-2.2061250511e+00
7.2973981024e-01
1.1002573462e+00
3.1451349452e-01
1.0275058304e+00
1.8080250609e+00
2.3331115023e-01
-1.0152665808e+00
4.0152156909e-01
-7.1759054353e-01
-8.0136192615e-01
-1.9428350034e+00
-7.5562228278e-01
1.2135366328e+00
1.6262790751e-01
2.0630364279e+00
-1.8046413483e+00
4.6238595231e-01
1.3689088049e+00
-1.6333571957e+00
2.6701365625e-01
1.6165989126e+00
-1.5176749319e+00
-6.9657414923e-01
3.1609026180e-01
-5.2749766915e-01
-6.3581473368e-01
2.0922688716e+00
1.9409826365e+00
-4.7838073899e-01
-7.8352663949e-01
2.2400947624e-01
5.6447532957e-01
1.1854300630e+00
1.3607624164e+00
