2.3236919467e-02
-3.4194599492e-02
-1.0044991439e-01
9.4431512918e-02
8.5678753991e-02
6.9464967689e-02
-6.4044500125e-04
1.2036358042e-01
-4.8961967793e-02
-1.0296258209e-01
8.4412114107e-02
-6.2179283206e-02
-2.8539410035e-01
4.1249073014e-02
4.0149589687e-02
-5.0743642008e-03
7.8102835541e-02
1.6694076714e-01
-1.6039528514e-01
5.8565899432e-02
1.4323695254e-01
3.3263872589e-02
4.9887057593e-02
-3.7800038049e-02
-2.1430296877e-01
-1.4690949500e-01
6.7183655367e-02
1.7642785185e-01
5.8535679597e-02
9.2080202047e-02
1.4326863434e-01
-6.2401549918e-02
-1.0766226484e-01
-9.8739181290e-02
1.6962280199e-01
-7.6971578287e-02
5.4814503624e-02
-5.9860227084e-02
-4.3755357250e-02
3.4406871026e-02
1.2523388546e-01
4.5758146172e-04
-1.2214285221e-01
3.1700139852e-02
-8.1966913628e-02
9.6706533199e-02
-7.2884556303e-02
-3.5682944681e-02
-8.2941203882e-02
6.9607286364e-02
7.9346745129e-02
2.2526410365e-01
8.0477137119e-02
-4.6461460351e-02
5.7547018532e-02
-3.9160002849e-02
8.8774385380e-05
-9.9789252717e-02
1.4129011406e-01
-1.1963519080e-01
1.6152495201e-01
-2.3900099483e-01
-8.1349392264e-02
-1.0858445898e-01
-1.0462704235e-01
-8.8495602354e-02
1.7021131160e-01
1.3200718093e-01
-1.5828286617e-01
-2.1468487066e-01
1.3002330380e-01
6.5890878272e-02
7.4774339278e-02
-1.2128090362e-01
7.9713814208e-02
2.2664576446e-02
7.3904801190e-02
-1.0409631325e-01
4.9378997440e-02
1.9131684040e-01
1.0831302759e-01
4.6491114529e-02
-2.5614380787e-01
1.1168856945e-01
-3.9435813433e-02
-4.3718613109e-02
-1.2704775917e-01
-5.4020706011e-02
-7.1376716396e-02
1.8618581167e-02
-2.4095188247e-01
-1.2225346055e-01
-2.0494527749e-01
-1.5160879926e-01
-2.2130167093e-01
-5.3452817692e-02
8.8125531155e-02
-5.3410113123e-02
2.0320070653e-01
-6.9566043142e-02
1.0086168972e-01
-1.3706669390e-01
1.0865000554e-01
-9.2416192401e-02
6.1868350686e-02
-5.5169208736e-02
-1.9547569885e-01
8.6615574077e-02
1.6156715856e-01
1.9764628200e-01
9.3094752547e-02
-1.3650500547e-01
9.5870846734e-02
-3.1981152616e-02
