-9.3340981702e-01
-1.2744639006e+00
-6.2307411248e-01
8.5228775823e-01
9.7284116156e-01
5.8747716710e-01
6.8524807541e-01
5.5600340373e-01
-6.5440088747e-01
4.1130707957e-01
8.6943184452e-01
7.9360162101e-01
1.1545291159e+00
8.2546044425e-01
3.3659407282e-01
1.0299595521e+00
-3.5431357766e-01
-8.7149507343e-01
-2.2799111451e-01
-7.0507160536e-01
-6.8904287614e-01
-1.4472598084e-01
-1.0061192529e+00
-3.0877171862e-01
-1.9709345638e+00
2.3941825437e-01
1.9993104920e-02
-7.3861606214e-01
7.1282329564e-01
9.3875693094e-01
-1.5821364558e+00
-9.9421151635e-01
-8.2609465045e-01
-9.9829272022e-01
7.8156400227e-01
-1.5252363522e-01
-2.3313757575e-01
-1.9768006159e+00
6.3102899580e-01
-1.2441387105e+00
9.7051744825e-02
2.9547607921e-01
1.2795893969e+00
-1.2956140410e+00
-3.0842162437e+00
1.5398410457e-01
1.7544446936e+00
1.3157931439e+00
1.8503687240e-01
-5.2966364829e-01
8.0529480122e-01
-9.6507667207e-01
4.0977365777e-01
6.1788139395e-01
1.0007026096e+00
2.7103061084e+00
3.6727598262e-01
-5.5357013773e-01
-6.5975909227e-02
-1.8313318578e+00
-6.3381683630e-01
-4.1992581178e-01
-3.0192517460e-01
2.1621195175e-01
-7.7054013509e-01
1.1142876196e+00
-7.5929568384e-02
-5.3690404034e-02
-3.2944955072e-01
1.9350940285e-01
8.4135582604e-01
-1.0161938814e+00
-7.2451322391e-01
-2.9015371712e-01
-1.3653751015e+00
-8.7095453236e-01
-3.6012456860e-01
8.8057215766e-01
2.7659021607e-01
2.4054373352e-01
8.3449980527e-01
-1.5970799824e-01
3.1418419752e-01
-1.0034575449e-01
1.1203379816e-01
-6.0029183215e-01
-2.5831346851e+00
-1.7842734889e-01
1.3413748297e+00
8.9883068734e-01
9.1752067362e-01
1.2263674045e+00
7.5907492655e-02
1.2625862179e-01
-6.5237673702e-01
-3.7470722672e-01
5.7526019688e-01
1.1421472719e+00
-1.7748746573e-01
-4.4846283817e-01
1.7023798093e-01
5.3862230552e-01
-1.4190130580e+00
-2.2498666366e+00
-4.5646556697e-01
-1.2864880299e+00
-5.2179944097e-01
-3.9987015702e-01
-5.4160541051e-01
1.4607260689e+00
2.6328051961e-01
3.7254825148e-01
7.5691082003e-01
-1.0838179404e+00
1.1142764333e+00
-5.7164707916e-02
6.7746828904e-01
-1.0802022239e+00
-1.5436509251e+00
7.2393758950e-01
3.6069080282e-01
-8.8047187976e-01
-8.8837299184e-01
1.1251303733e+00
-1.1678827143e+00
1.5972318622e+00
-9.4741492814e-01
6.1074791178e-01
-3.5991181173e-01
7.1738497242e-01
-5.7338757010e-01
-1.5375576058e-01
-4.2922757556e-02
-9.4161621941e-01
7.1790876053e-01
-6.4867482807e-01
-3.2347615837e-01
-9.0018656138e-01
-2.5802716720e+00
-2.3291187680e-01
2.4721607826e+00
8.2022236649e-01
5.7547206310e-02
-2.3668899240e-01
7.7996109001e-02
5.3310963395e-01
-1.3166542931e+00
1.0313653624e+00
9.1035182338e-01
6.2807242292e-01
4.3358583570e-01
-5.2267242651e-03
6.1860681785e-01
5.9763455674e-01
-3.5446599527e-01
-6.7410265978e-01
2.1859687434e-01
1.5665416440e+00
-1.3023927760e+00
-1.5246617736e+00
1.2593245172e-01
-3.7596154935e-02
2.7341317687e-01
2.9802785616e-01
-2.6490754272e-01
1.4601988150e+00
-1.4965055999e+00
-8.6862987895e-01
-1.3231272930e-01
-1.6771463041e+00
-1.6037603384e-01
1.7470475093e+00
3.5052517964e-02
2.4854769849e-01
-1.3214795368e+00
-7.4664202736e-01
-4.9432800078e-01
-3.3545752173e-01
1.2668269644e+00
5.2714090426e-01
-1.0918931637e+00
2.5098441527e-01
4.7262669286e-01
1.0883990778e+00
1.5175590897e+00
-9.7892839101e-01
-7.2895242310e-01
-1.1931625648e+00
-1.8972191633e-01
4.0940782158e-01
8.9923811281e-01
-8.9162220164e-02
-3.7983478586e-01
2.9033347911e-01
-8.5447007243e-01
2.2026978405e+00
-1.5845314720e+00
1.4477661018e-01
1.9471159210e+00
2.2443898558e-02
-2.4882281923e-01
-3.2987974457e-01
-1.2709729692e-01
1.3792399871e+00
-2.0647037616e+00
1.6121309816e+00
-1.3539882434e+00
-3.8983168048e-01
-4.0711574593e-01
6.3975295100e-01
-1.6056049156e+00
5.2789172329e-01
2.0371219214e+00
-1.3514297385e+00
1.4159963933e-01
-6.0473042237e-01
4.5234371509e-01
8.3838497444e-02
-6.4223401584e-01
4.3123821672e-01
1.8910714289e+00
-3.0066120123e-01
7.2399341814e-01
-1.2599030541e+00
-9.5599635173e-01
4.6247450906e-01
1.4795355687e+00
3.2910562391e-01
-2.4957572148e-01
-7.4720748963e-02
-1.2056269768e+00
7.3672419788e-01
8.6132135499e-01
-4.4812527243e-01
-5.8469454470e-01
2.8482329576e-01
-6.5517210656e-01
-1.0359321026e-02
2.1549172205e+00
-2.9147191357e-01
-3.0752794701e-01
-8.9160910591e-01
7.6337791685e-01
-3.4205352807e-01
-5.9268601325e-01
1.0276044267e+00
1.4584137749e+00
-5.9300743626e-01
-1.8969250419e+00
1.0137185387e+00
-6.6116321524e-01
8.7905422286e-01
-2.0889747974e+00
9.2322687637e-01
-1.1388685068e+00
7.6654845356e-01
2.9713289754e-02
-9.8063963475e-01
-3.9526895581e-01
7.1676828949e-01
1.3136087698e-01
5.5056843431e-01
2.0238054633e+00
-1.5096774691e+00
1.7284292343e+00
1.1268315950e-02
-9.7339100970e-01
-1.3645119721e+00
-1.6465596425e-01
8.4508890979e-01
-1.2991246541e-01
1.5381087208e+00
-1.4779299737e+00
-1.6570644269e-02
-8.9849684412e-01
4.5205818683e-01
7.0726367104e-01
-3.8711759493e-01
-2.6390413625e+00
1.2413351737e-01
3.6868794126e-01
3.8405833693e-01
1.3028364160e+00
-1.0508512888e+00
7.8810025497e-01
1.1980896594e+00
-1.7795890972e+00
2.8037940734e-01
-4.1128927192e-01
-5.6022777889e-02
3.0747228989e-01
-4.4155944286e-01
-7.1349262135e-01
4.9874521240e-02
-1.1527539844e+00
-1.0999740121e+00
7.0318389311e-01
-1.1190827125e+00
9.2504362911e-01
3.9453833976e-01
-1.7753634341e+00
-6.5029089610e-01
1.1665526420e+00
-9.5393996687e-01
-5.5587891032e-01
4.4121323452e-01
6.6962004547e-01
-1.4477053962e-01
-5.6281022144e-01
1.4789954077e+00
1.7399929125e+00
1.0003995467e+00
2.0103190699e-01
-7.7373517705e-01
-7.4733994782e-01
5.6298247818e-01
4.3988426947e-01
1.3104857961e+00
8.2189106417e-01
-1.5405140413e+00
1.1097900003e+00
-1.0689550038e+00
-4.0351921410e-01
2.2300732547e-01
1.9901498291e+00
3.1129320449e+00
7.4535361439e-01
-9.0439438785e-02
5.1265948884e-01
7.9620630522e-01
