1.9402611053e+00
1.0934047245e+00
-1.4118958222e+00
-3.5117214050e-01
1.2504885176e+00
-7.6728966028e-01
1.9997086861e-01
6.9093502724e-01
-1.0952649337e+00
-9.5729149758e-02
-3.2220170504e+00
-8.9221812362e-01
-2.8659970973e-01
-1.5504548746e+00
1.9625524023e+00
-1.4840994650e+00
-7.0976638331e-01
1.1207883063e-01
1.4672886176e+00
-1.7080453864e+00
1.4751852597e+00
1.2802928608e-02
-1.0545962583e+00
4.3746530458e-01
1.5122749741e-01
-7.4276989966e-01
-3.3768953177e-01
-4.0001974628e-01
5.1474404560e-02
8.2609501830e-01
1.6419121358e+00
-9.5577235195e-01
2.0673771139e+00
-2.2122330618e+00
-2.3048640480e-01
5.1627893394e-01
4.7257823215e-01
-3.1599606625e-01
-2.0274615806e-01
-5.6772668251e-01
-6.5077512931e-01
7.1346433889e-01
3.2796844188e-01
-7.3266404095e-01
8.1237547734e-01
2.9101535960e-01
8.3177012439e-01
7.3456446714e-01
-1.0015468388e+00
-7.5046468659e-01
5.5580769902e-01
7.6975542445e-01
-1.6024578485e-01
2.0221026043e-01
1.5092261320e+00
-7.5512172481e-01
3.5723075190e-01
-1.8860584652e-01
-3.0237938238e-01
1.3776745569e+00
7.9354312894e-01
8.8892471267e-01
1.4995161752e+00
-7.5084524320e-02
8.6845589228e-01
-1.0014911074e-01
1.6656969000e-01
-9.8468106037e-02
4.0718506544e-01
5.5283502569e-01
-7.5260602930e-01
2.1808130146e+00
-1.0108111216e+00
-1.4845818236e+00
1.3080397225e+00
1.0397163166e+00
6.2674914571e-01
6.2543676978e-01
1.4239395658e-01
-8.9952365112e-01
1.5751538201e-01
-6.8126302874e-01
1.1846701293e+00
2.2240619193e-02
