8.5312759925e-01
-1.0705379462e+00
-9.1803437470e-02
4.5196719027e-01
-6.9032582197e-01
-1.2879622405e+00
1.7526342110e-01
-6.8512341014e-01
7.8156441010e-01
-1.0316829502e+00
6.5175722988e-02
-8.2539965816e-01
3.2125286739e-01
1.5094180181e+00
-1.4147010192e+00
9.6638590852e-01
-1.7380722462e+00
2.6032767943e-01
8.5376818455e-01
-2.0435172685e+00
-8.5907338964e-01
5.7598389869e-01
4.0642965139e-01
-1.2458601035e+00
4.5374489451e-02
4.6521471610e-01
1.5996116325e+00
-6.5212386593e-01
2.0674751869e-01
2.2289185335e-01
1.5015848255e+00
-1.6623019546e+00
1.6877369026e-01
-1.0098310238e-01
1.1125643606e-01
3.0622567604e-01
-7.9171141859e-01
1.3121463091e+00
7.7684703628e-01
7.5091863962e-01
-2.5701161713e-01
4.0158075508e-01
4.6073175039e-01
1.7031737279e+00
1.3191944275e+00
-1.3404177864e+00
9.9907997595e-01
3.0836144328e-01
9.4856952006e-01
-1.7492369409e+00
-7.2985304404e-01
6.3010360406e-02
-6.9975900782e-01
-1.6282794928e+00
-9.7571539130e-01
2.4240918826e-01
7.7922238885e-01
-4.9879826611e-01
1.4201889127e+00
-1.8592419981e+00
6.4601992347e-01
-1.1627612184e+00
1.4140631952e+00
-6.5375548462e-01
-1.1093487311e+00
-2.0071483163e-01
-1.1065822873e+00
5.0914522133e-01
-1.4499929163e+00
-7.5925934041e-02
1.0234696541e+00
-2.5584439610e-02
2.7510308544e-01
2.7929050613e-01
-2.0938810147e-01
1.3151403517e+00
8.1709104144e-01
6.8485509540e-01
-9.6190456214e-01
-1.1062949484e+00
2.0658343006e+00
-2.5377950261e-01
-1.0435986936e+00
-4.2734960599e-01
3.7153106590e-01
-7.8367961436e-01
3.3979644338e-01
1.6481319212e-01
1.0828359190e+00
-3.4118139270e-01
-6.7355877089e-01
3.8628223232e-01
-1.1091425283e+00
-8.9032403965e-02
-4.8521963110e-01
-1.6043096223e-01
8.9877465980e-02
6.1172845777e-02
-2.0968157617e+00
-1.2211770733e+00
-1.1184597413e+00
-8.8555217576e-01
1.3284602049e+00
-1.5561078192e+00
4.0620443955e-01
-6.4662097551e-01
-2.0252701095e-01
-5.6715960362e-01
2.2518758540e-01
1.7803003042e-01
1.3661538256e+00
-6.8120118484e-01
8.7156021353e-01
8.7654135208e-01
1.0212531489e+00
-1.5262786861e+00
-1.3370267465e+00
1.0258436530e+00
6.7830405907e-01
9.9026995116e-01
1.4633049523e+00
1.4289167437e+00
1.5511124306e+00
-7.1674309287e-01
1.1060555479e-01
-9.2022817306e-01
-1.6130535203e-01
-6.3512852143e-01
1.4181966663e-01
-1.0320158688e+00
1.1803892271e+00
-4.3662468501e-01
-2.2879784806e-01
-8.4837141623e-01
-2.6648267890e-01
6.5430047200e-01
8.3592865349e-01
1.2721148972e+00
9.2443561891e-01
1.1706832830e+00
7.4627210389e-01
-8.4535990707e-02
1.3786949106e+00
4.6733487357e-01
-1.8810380957e-01
-6.4052704123e-01
1.4600001765e+00
5.9165286928e-01
5.2555640651e-01
1.1154871125e+00
3.6205395491e-01
-1.2192819722e+00
1.5794485001e-01
7.8960328728e-01
-2.2997629762e-01
2.8431453808e-01
-2.1734755321e-02
-7.7241000602e-03
4.7974848255e-01
1.4144607835e-01
1.1158817016e+00
-1.5485784744e+00
9.6537120918e-01
-5.9604868651e-01
-6.6111246678e-01
3.2439177693e-01
-4.1257578980e-01
-2.9205100524e-02
1.0150704605e-01
1.6739339891e+00
4.9982602946e-01
9.2855781273e-01
-2.4338942455e-01
-1.5219364726e+00
3.0020495705e-01
-1.1592526105e+00
8.3935366922e-01
2.1128638713e+00
1.1837102615e+00
1.6612114634e-01
8.6491860479e-01
3.1672923771e-01
-1.3503595659e+00
6.8074793298e-01
1.9706360444e+00
7.1831915858e-01
-3.7144946612e-01
-2.0563210751e-01
1.8724826598e+00
-7.3145189064e-01
-2.8180848598e-01
-6.3329184339e-01
-1.9903284723e-02
-4.5842626058e-01
8.6368525624e-01
1.2593639054e-01
2.7386400697e-01
1.4198851773e-01
6.9849989004e-02
6.8873427170e-01
-1.6358398785e+00
1.1719164811e+00
-1.5138960188e+00
-1.6499669771e-01
1.6775124386e-01
4.7206330124e-01
-1.0396726451e+00
-1.1644648680e-01
1.1760772581e+00
1.5882616047e+00
-2.8551246113e-01
-9.8631680139e-02
1.1026097203e-03
1.1314628523e+00
1.0867865442e+00
3.9577412675e-01
7.1836862234e-02
1.1436645840e+00
1.3484284302e+00
-7.2378054553e-01
-1.3570556853e+00
-8.4934779212e-01
-1.7032575206e+00
9.3685121961e-01
-3.3194419314e-01
-7.5011288035e-01
-7.0476888506e-01
1.1847377287e+00
7.4381450427e-01
-6.9275498245e-01
-7.7978083725e-02
-8.6878259154e-01
9.2893016260e-01
1.8082990800e-01
1.5636565052e+00
-4.3017947994e-01
7.4518890049e-01
-1.1491463079e+00
-6.8140213444e-02
2.0773823595e+00
7.0647228070e-01
-3.6399157666e-01
2.4791550902e-01
2.4239085064e-01
4.8248838154e-02
7.9110559085e-01
-1.5656744549e+00
1.1429305914e-01
9.5850111327e-01
3.1821836929e-01
-8.0401659746e-01
1.3339975610e+00
1.2261241910e+00
1.2281352854e-01
1.5775161399e-01
-1.3371467901e+00
4.4908548634e-01
-5.0451037899e-01
-5.1067562746e-01
-1.6942600426e+00
3.4178584202e-01
-4.5871771379e-01
1.0192947421e-01
2.2493550517e+00
1.2070564163e+00
1.1400459347e+00
-1.4847480834e+00
6.5539309736e-01
1.1445856975e+00
-1.2118263395e+00
9.6707820991e-01
-3.3515502835e-01
-1.0028153703e+00
-1.1707629412e-01
5.1409368495e-01
-7.6594448010e-01
5.0072225875e-01
-7.9061934942e-01
9.6461633750e-01
-3.4004901116e-01
7.6763955763e-01
6.8979499356e-01
-2.8085954893e-01
5.6933197582e-01
1.3628150724e+00
-9.8468123104e-01
-7.9189468154e-01
-1.3856835144e+00
1.1731807795e+00
-3.5620815934e-01
-3.3999752201e-01
3.1350137161e-01
1.8586437268e-01
-1.4776264398e+00
1.3711452377e+00
-3.2458817144e-02
-6.8418031059e-01
3.7938462374e-01
6.1261654750e-01
-1.2013629582e+00
-3.6969279415e-01
-1.6634986637e+00
1.0942032723e-01
1.0649907036e+00
8.0924675378e-01
-2.1454388974e-01
3.8782529187e-02
9.9644476159e-01
8.4311663382e-01
1.6563623362e+00
-1.2473061687e+00
7.9446744626e-01
1.6958424030e+00
-2.4398419523e+00
-9.3208069579e-01
6.3685667253e-01
1.3378237021e+00
-1.5018842538e+00
1.2902313276e+00
-8.3309613960e-01
-1.0731906338e+00
8.6388475089e-01
3.9394153583e-01
1.5405450141e+00
5.4355004868e-01
-1.0103261594e-01
-4.0388702929e-01
1.8005718983e-01
2.9891918461e+00
-3.3135087577e-01
-2.4808500539e-01
5.9498591725e-01
9.9089295593e-01
1.8090006494e-01
9.9228840074e-02
-1.3504636378e+00
-1.2684325263e+00
-8.4519456942e-01
2.6440862133e+00
-2.5269843758e+00
1.3209938859e+00
1.1141673927e+00
2.4255767871e-01
-2.0923709812e-01
6.3657744706e-01
6.3888154107e-01
1.6264765700e+00
-3.8719404756e-02
-1.0852707064e+00
2.4283392912e-01
-1.4910863121e+00
9.9731382126e-01
9.9835702122e-03
-2.4451721563e-01
-1.8101107233e+00
-3.1597495088e-01
-6.2906349468e-01
-1.2202779584e-01
2.6031703652e-01
-8.3424950979e-02
8.6486486984e-01
9.8223149250e-01
-6.0029864758e-01
-1.0986428659e+00
1.4901344754e+00
1.5988650667e+00
7.2203394132e-01
-8.8739391497e-01
-6.6777827711e-01
8.4035828437e-01
-1.1729369436e+00
-5.9506750640e-01
-1.3790768585e+00
-1.6102753837e-01
-4.3966166018e-02
3.1579882571e-01
5.0407223007e-01
-2.4270156951e-01
-4.7045222491e-01
1.8251157595e+00
-1.4941567196e+00
-1.3874375541e+00
-1.3645168644e+00
-1.0046797920e-01
-1.7848205614e+00
1.7977455068e+00
-4.4668761133e-03
-8.0734341281e-01
-2.2108584559e-01
7.4521808995e-02
-3.6895187433e-01
-7.0086445785e-01
-6.3973197380e-01
1.0065470252e+00
2.7402142628e-02
7.8083361620e-01
1.0206353501e+00
-9.1584771634e-01
9.4100995795e-01
1.2332235328e+00
-9.5238373997e-01
-2.1795224734e-01
-7.6629941600e-01
1.3154362455e+00
3.7114407265e-01
-6.8995945612e-01
1.9008362411e+00
3.2857125412e+00
5.4854155324e-01
-2.4461875959e-01
-4.7893399894e-01
1.2102472732e+00
-6.6077702660e-01
1.0790686836e+00
-3.6841422510e-01
1.6859969695e+00
1.3432058778e+00
6.2358872934e-01
-3.4649083436e-02
-1.5960029737e+00
