1.8231061083e-01
-1.6298801036e+00
-1.0693696702e+00
-1.3501205864e+00
1.6503623794e+00
1.2575100841e+00
-5.8018551128e-01
1.0078189814e+00
-7.9283032195e-01
8.3988588312e-01
-9.8614856739e-01
1.0514210385e+00
4.6106783524e-01
6.6238862530e-02
-2.5637871981e-02
-2.6835480531e-01
-5.6123028577e-02
-1.2569709741e+00
-7.1061987137e-01
4.5334125790e-01
3.0556651442e-02
1.2819661366e+00
1.5144388269e+00
-9.9453423828e-01
-5.8905466123e-01
-2.1407408264e+00
-1.2033396263e-01
-6.1712164489e-01
2.1677849825e+00
1.3332159021e+00
3.6611038376e-01
-5.0617751992e-01
3.4745282311e-01
-1.0277512773e+00
8.4657500042e-01
-1.2510755885e+00
2.3406815262e+00
-9.8786439382e-01
-2.2039754879e-01
-1.0825713413e+00
-2.3917267520e-02
4.6037164191e-01
5.4796165679e-01
-2.2689839419e-01
-1.0968687123e+00
-1.5411338434e-01
1.0717486657e+00
-1.5318571570e+00
-1.0607252742e+00
1.2684665399e+00
-2.0573256077e-01
-5.0337167833e-01
-7.6574918143e-01
1.1997326469e+00
8.9106712558e-01
-2.1755136778e+00
6.7753322899e-01
6.6839393250e-01
-2.9402504420e-01
1.2418761979e-01
1.3330737755e+00
1.7484889700e+00
4.2596583977e-01
4.6301889101e-01
1.9546289521e+00
-8.6781726684e-01
-3.3941368048e-01
-5.6058842199e-01
-7.0119599587e-01
1.5476434642e+00
-8.4393533002e-01
-6.3687705052e-01
4.7407858744e-01
6.2325714983e-01
5.3879068732e-02
-8.5645277353e-01
6.1258777801e-01
1.3651683961e+00
-7.7624757353e-01
9.3919460135e-01
-1.4149863190e+00
-1.4236851962e+00
7.3544287724e-01
-7.1776127750e-01
-2.2584508449e+00
-3.0524323054e-01
7.0235389405e-01
1.2658021533e+00
-4.3886808209e-01
8.9431157959e-01
-7.8996024596e-01
1.2324153085e+00
5.6735898075e-01
1.3700826746e-01
1.7282116359e+00
-2.1455617836e+00
-7.5069988027e-01
-1.4103193712e+00
2.4499025490e-01
-1.5482746103e+00
8.3488127719e-01
3.6529255215e+00
-9.7459622045e-01
1.6802578163e+00
9.9922397041e-02
6.5713469406e-01
8.7225531024e-02
-2.6090808879e+00
-3.1177290791e-01
1.6884547016e+00
-7.4943131622e-01
-2.6097196146e-01
-8.4784852767e-01
1.3913521866e+00
-2.8332956360e-01
9.0088153825e-01
-7.4622116543e-01
-4.8993812105e-01
2.2233834136e+00
-4.7671497062e-02
-8.8520150019e-01
-1.6659315872e-01
-1.8829296811e-01
6.2976127843e-01
1.4377223164e+00
-9.5039810613e-02
2.1687534986e-01
-1.3468311205e-01
1.3654810337e+00
-9.0679446042e-01
7.0100179866e-01
1.5698756512e-01
-1.8528018343e+00
3.4425711384e-01
-1.2358130793e+00
6.5193136378e-01
2.1559007138e+00
-7.1565892815e-01
-7.3732416381e-01
-6.8924659807e-01
-1.5276395625e+00
6.3061233588e-01
1.0044377667e+00
1.9857036615e+00
-1.9500615790e+00
-1.0964661263e+00
-2.0105404434e+00
1.0124690344e+00
-1.3082000996e+00
-4.2705965021e-01
1.0997487107e+00
1.0507697861e+00
-1.5026238302e+00
-1.7668922632e-01
-4.5581614139e-01
-7.3272867081e-01
1.7505408798e+00
1.0407416454e-01
-1.3062598952e+00
1.1415578592e+00
8.0801648872e-01
-1.2884683286e+00
-2.0020098490e+00
5.5842585451e-01
-1.7690084462e+00
-1.8571233400e+00
-1.9365459436e+00
3.6609868093e-02
1.0160583198e+00
-1.5826093962e+00
2.2109552747e-01
-2.2247403255e+00
1.7140760576e+00
9.2264675626e-01
3.9175050287e-02
1.0688185538e+00
-7.0985260330e-01
-1.1594007283e+00
8.7551812793e-01
-6.7499045876e-01
-5.4382668911e-01
-5.2610214952e-01
7.2336816304e-01
7.7204492127e-01
9.8620580309e-01
-2.2572939347e-01
1.0413176579e+00
1.6086473068e+00
3.3577805382e-01
-5.0973329979e-02
-3.8388366782e-01
-8.6807157745e-01
1.2065680306e+00
-2.5089391967e+00
-7.5092597632e-01
5.1501984861e-01
-3.0065141695e-01
-3.7277041964e-02
-1.6142601477e-01
-1.0471829367e+00
9.4004715936e-01
-4.8916270039e-01
4.6688007122e-01
-1.3635270811e+00
-1.3543958467e+00
-3.8595565148e-01
-3.5896823915e-02
-8.1618241157e-01
-7.4559154766e-03
-1.3468177709e+00
1.5827087894e+00
6.0324375956e-01
-1.1296216237e-02
-1.3161679976e+00
-9.1515776089e-01
-1.2443726064e+00
-1.0908273063e+00
-7.5097478651e-01
1.1374046923e+00
9.6955240247e-01
1.9678156438e+00
-8.6061853917e-01
-1.4594836925e+00
-5.9861618924e-01
-4.4411824612e-01
-9.3474704517e-01
-7.4802255159e-01
5.3925572202e-01
-8.7627716408e-01
-1.1721116960e+00
-1.0357149465e+00
-1.1291472687e+00
-9.8395695928e-01
1.1331412986e+00
-6.1653090157e-01
5.4099303999e-01
8.1098538295e-01
7.6599926680e-01
5.6197533231e-02
-2.1363053227e+00
3.0096973694e-02
-1.7950740061e+00
1.3657359975e+00
3.4121187062e-01
5.5896580427e-01
2.9318811404e-01
-1.8782979910e+00
1.5898471085e+00
3.7019793409e-01
-1.0355497586e+00
-1.8512866219e+00
1.4386470726e+00
-1.1577750686e+00
-4.9087584063e-01
-1.4080610537e+00
1.6878467157e+00
-9.9285824642e-02
2.5927278640e-01
-6.1826221963e-01
-2.2913384571e+00
1.6466758711e+00
1.9317735424e-01
-4.3442247300e-01
-6.2474914291e-01
-5.5850116688e-01
-1.2453608665e+00
2.4003384826e-02
3.0324462766e-01
-4.1048322982e-01
1.8618295213e+00
-3.3655658580e-01
-1.3523987586e+00
-2.2097938039e+00
3.4678741199e-01
2.2210092402e-01
2.9679723311e+00
1.4223563988e+00
4.5460407616e-01
2.3363684372e-01
-1.0880650845e+00
6.2820469645e-01
-6.8600931239e-01
-1.0489485988e-01
3.8229366754e-01
-1.6019797152e-01
2.0552233434e-01
1.9187158130e+00
1.0694616568e-01
-9.6728265871e-01
-1.0825610150e+00
-1.6530541788e+00
-1.2185417869e+00
-2.0724234889e-01
1.4288092547e+00
1.2168377213e-01
8.5195943390e-01
-8.2287623678e-01
-5.5341404411e-01
5.9457360004e-01
-7.1908156404e-02
-1.4123203775e+00
1.3986118352e+00
-7.5659838631e-01
-9.9575051186e-01
1.7320083792e+00
5.7939227706e-02
