-3.9107136681e-01
3.8314450890e-01
-4.3291820445e-01
1.3132589275e+00
-9.0166229421e-01
2.9219786896e-01
2.6216889091e-01
-1.5843927575e+00
-1.1696273398e+00
-1.0022692616e+00
-9.1423795533e-01
-6.9595749167e-01
-1.1713639832e+00
-2.5992475379e+00
-5.2939279099e-01
-4.6220299952e-01
3.3059294063e+00
-1.9920198298e+00
-6.2422667056e-01
5.2509200960e-01
1.1537149190e+00
3.2465295712e-02
-1.0400958665e+00
9.6528316561e-01
-1.0095117684e+00
2.4671267545e+00
-1.2189254290e+00
4.3164422966e-01
-6.1482023736e-01
-7.6411524703e-01
-9.0131449074e-01
1.0455484490e+00
-2.5262159665e-02
-8.7993612583e-01
3.2964464290e-01
-1.1472598976e-01
5.0625114569e-01
-9.5056350618e-02
-5.9800070827e-01
-1.6979484112e+00
-1.1466752810e+00
9.6017271599e-01
6.0331542808e-01
1.0832785736e+00
-9.2095673878e-01
1.7588537251e+00
-1.0490349493e+00
-5.7748866861e-01
1.2612242188e+00
1.0421364988e+00
-4.8050343650e-01
-3.6608844657e-01
-2.4816194587e-01
1.8370506283e+00
-1.3007794710e+00
-8.0549924792e-01
7.0632226431e-01
-1.1304555573e+00
-3.1224024941e-01
1.3076595960e+00
1.1206249803e+00
-7.0550819556e-01
3.2544938945e-01
