-8.2387052889e-01
1.5326003078e-01
3.7748208499e-01
5.0126616493e-01
-8.6004071102e-03
-9.4483194645e-01
6.2549609227e-01
6.9460736494e-01
-4.6878931176e-01
-4.7243802006e-01
1.6961382802e-01
-6.9013217322e-01
3.1052049717e-01
-3.8454619560e-01
1.7232768838e-01
2.6421937964e-01
1.4190165475e-01
-6.3689635248e-01
-4.0453724369e-01
4.8889434347e-01
3.1246138881e-01
4.3711383095e-01
-3.8467913207e-01
-1.6769807498e-01
-8.9234341076e-02
-4.1153775665e-01
4.8973989621e-01
2.8543035236e-01
-5.4232399697e-03
3.1507778964e-01
4.2467115473e-01
-3.6879702618e-01
-4.6844897826e-01
1.4167130231e-01
-4.4808315566e-01
7.0355973588e-01
3.8144478772e-01
-4.4832904446e-01
-4.6755527560e-01
-2.3187038136e-01
5.3252053965e-01
-4.9912474637e-02
-4.8181402698e-01
-6.4309279523e-01
-1.2567616926e+00
2.1122234486e-02
3.9500158549e-01
-8.2758298766e-01
4.3102386275e-01
-3.8267492826e-01
3.8214616032e-01
-1.3984622281e-01
-9.1927798375e-01
-5.7736335801e-01
5.7541785723e-01
5.8600475259e-01
1.8813823650e-01
3.8414837741e-01
-3.2051020771e-01
-4.6872718406e-01
