1.1666796485e+00
1.6688899945e-01
-8.8259085091e-01
-9.2854341091e-01
9.9354394611e-01
-7.5849775318e-01
2.6300694525e-01
1.5226332959e-01
-5.0276977608e-01
2.0296429482e+00
8.1536721216e-01
-1.9465195466e+00
9.0900670538e-02
-8.8048706089e-01
9.2911186441e-01
-7.0484940821e-01
-2.0962553627e-01
5.3551678983e-01
1.0678367482e+00
-1.4137146411e+00
-1.6342649513e-01
-4.7300018614e-01
-5.8671265532e-01
1.6997436319e+00
5.9919639612e-01
-1.2424502354e+00
1.0707453324e+00
2.0298812152e+00
1.2658285416e+00
-1.2188413336e+00
-5.8155831244e-01
1.7386833092e+00
-7.6550844578e-01
5.3281563450e-01
1.0887111598e+00
-1.3745314565e+00
-1.1814559050e-01
-2.7261689619e+00
-1.0411406624e+00
-2.7345975971e-01
-1.2950567792e+00
1.5995102662e+00
-1.0321603176e+00
-6.6039947941e-01
1.6940568784e-01
1.3965211936e+00
-1.6762990083e+00
1.3610601429e+00
1.4829967192e-01
-9.4080345182e-01
-2.7447776170e-01
3.8832238639e-01
-4.7256606504e-01
-3.4657944055e-02
-4.0451795663e-01
3.3236080806e-01
7.8598518137e-01
1.6450109903e+00
-1.2503380349e+00
1.9984176500e+00
-1.9648602790e+00
1.3032459496e-02
7.2356792857e-01
2.4451479788e-01
-3.8261031329e-01
-5.6348847227e-01
-7.4655640170e-01
-3.1791222411e-01
7.1375177897e-01
4.0745140095e-01
-9.6357487919e-01
9.1627522229e-01
4.6930741078e-01
6.9921268209e-01
7.5796543945e-01
