1.3226662287e-01
1.0141431501e-01
1.4247169222e-01
-1.0445664725e-01
-1.4107117113e-01
-8.2963645134e-02
-2.1535167366e-01
2.4775479493e-01
4.9507556443e-02
-8.1294109937e-03
1.9625749122e-02
8.3422459815e-01
2.1552301390e+00
8.1740864829e+00
4.3391732853e-03
-1.8549072876e-01
3.2742196646e+00
8.5238792173e+00
9.7422841826e-02
6.3725707347e-02
-9.0360671444e-02
1.2275694972e+00
-1.3658195492e-01
-4.9242848700e-01
2.9380678612e-01
-2.6884415850e-01
-7.5916851385e-02
-6.1066900764e-01
1.1566865774e-01
-9.2252803104e-02
-5.2828857945e-02
1.9870255017e-01
-7.4417013259e-02
-2.1859804844e-01
6.9972449420e-02
-1.4604270403e-01
1.0117693998e-01
-1.3602678623e-01
6.0916591792e-01
1.3521645804e-01
2.1818510707e+00
-8.1718483874e-02
7.5989318798e-01
1.4191545404e-01
-2.2146033042e-01
-2.2898339995e-02
2.5312771224e-01
-1.2821806665e-01
2.0897796678e+00
6.0787556699e-02
1.8016477290e-01
-2.3031735404e-01
1.2313226393e-01
-1.0757486257e-01
8.0661998637e-02
3.4280491240e-01
-7.8214730363e-02
-5.4583036114e-02
2.5164183122e-01
3.0601929213e+00
1.0183694467e+00
1.5009633785e-01
9.4741102199e-03
