2.6602691464e-01 -3.4221651195e-01 6.3586727977e-02 2.0196763177e-01 -2.9120658163e-01 1.7816521370e-01 -8.8736105542e-02 -1.8239577031e-01 2.3923239824e-02 9.5728943695e-02 -9.0344575510e-01 -1.7122345039e-01
4.4132287697e-01 -2.3903915499e-01 -4.2879101361e-02 2.6339226446e-01 8.1760121897e-02 -7.5226814362e-01 -1.5997205273e-01 2.4454503043e-01 -1.1810019464e+00 -3.1047355335e-01 3.8605834220e-01 1.5085169367e-02
-1.1349204878e+00 -2.2485604675e-01 1.2096606727e-01 -1.1177882860e+00 -6.9848058989e-01 1.6342690913e+00 3.5159271156e-01 -4.2264895558e-01 1.8269890115e+00 4.8588932440e-01 -7.3843764713e-01 -3.7869488110e-01
-8.1849377415e-01 -5.9060038857e-01 6.2775918150e-02 -3.2161102246e-01 -2.2448276883e-01 3.0122187840e-01 1.7587882410e-01 3.8142432361e-02 5.7677816395e-02 -1.7507152284e-01 2.5155585107e-01 -4.8398525719e-01
-8.0790912175e-01 -5.8066943070e-01 -2.6566479617e-01 -8.4196578339e-01 -6.8699236216e-01 1.5641053372e+00 1.6403740596e-01 -3.3411693335e-01 1.8804599892e+00 5.3855762736e-02 -3.9907764161e-01 -8.0893046872e-01
1.8959069902e-02 9.7477825855e-02 -4.9868085839e-01 -3.1198192339e-02 -3.2324685428e-01 -1.9744554970e-01 5.2035805037e-01 -1.2369295535e-01 5.3163625091e-01 2.8624611112e-01 4.1844186327e-01 4.5229642650e-02
-6.4315112306e-01 -4.3706187421e-01 9.0606650539e-02 -1.6070549425e-01 1.1955870176e-01 -2.8122952136e-01 -2.9124021690e-01 -4.1164645266e-01 1.8383992549e-01 1.3713920000e-01 -2.5047439744e-01 1.2550524384e-01
7.3231618595e-02 4.0532872630e-02 2.7434883655e-02 -7.9186044695e-01 5.0828962562e-01 3.8887383495e-01 -5.0787178076e-01 5.7793366607e-01 1.9790518074e-01 5.4964423683e-03 4.2349401152e-01 3.5949255271e-01
7.9420102888e-03 5.7656938342e-01 3.6511142725e-01 1.1491938633e-01 4.0753692503e-01 -3.6689791202e-01 -4.2889826207e-01 -1.3249723566e-01 -2.6907754612e-01 4.5141646353e-02 2.2835711477e-02 3.3405952244e-01
5.3370070302e-01 -1.4723246419e-01 -1.6211821121e-01 6.7435920555e-01 -2.4577754827e-01 -6.4113695265e-01 1.6652288597e-03 6.0066267981e-01 -1.2967135806e+00 4.1684504120e-01 6.7356736727e-01 -6.0131803991e-01
-7.7787033060e-01 5.6347097577e-01 1.1553084034e-01 -4.5021660199e-01 4.4275296365e-01 4.6315598980e-01 -3.1493600968e-01 -1.3073588765e-01 1.4573508027e-01 2.4725911665e-01 -1.4952427044e-01 2.3482784625e-01
6.8086754513e-02 -1.4197876291e-01 -3.8582518220e-01 8.1042834094e-02 1.0801968558e-01 -3.2270295241e-01 4.2526838034e-01 -2.7925018269e-01 1.0150621658e-01 4.5754335071e-01 1.4467503048e-02 -2.4423884283e-01
