4.1141780425e-01 1.1592816092e-04 -1.7586135979e-01 -1.0747656486e-01 -2.2896185075e-01 2.9878974963e-01 1.4272528423e-01 4.2991629203e-01 -3.6168563965e-01 -1.2858286758e-01 -6.8727106704e-01 -4.7752776643e-01 2.7810407422e-01 -1.8775993094e-01 -1.9637754914e-02 -4.4524243765e-02 -6.6878713657e-01 -3.0704710479e-01 2.5266737412e-01 4.1075967822e-02 1.2828561488e-01
-7.7871074150e-03 3.4419627728e-01 2.0871211000e-01 1.1586114809e-01 -9.3603410935e-02 -1.4218925972e-01 -3.8079314742e-02 -3.1896347884e-01 -1.5871006749e-01 1.5151883244e-01 4.1097454643e-01 2.9223998144e-01 -2.9523327828e-01 1.6937903891e-01 5.5860590755e-01 2.0665402491e-01 7.0500991461e-02 2.1285029161e-01 -5.7429785196e-03 -7.3580184381e-02 1.9663482369e-01
3.5978292386e-01 -4.3096375989e-01 1.9019614989e-01 2.5825331392e-01 4.8284034561e-01 -2.5801722008e-01 -2.6682917287e-01 1.3665807114e-01 4.6671068115e-02 9.7847505972e-03 4.3551614681e-02 -1.0247760900e-01 -2.7379123449e-01 3.9213455470e-01 4.1206211163e-01 3.2611425552e-01 1.3796500418e-01 -6.7366772723e-02 -2.0879567855e-01 -1.4728342207e-01 8.0036670300e-02
1.7153573468e-01 7.6479898528e-02 -5.3945619781e-01 -9.0474659753e-03 1.0679516921e-01 4.6142351106e-01 -4.1374199919e-02 1.2376752380e-01 -3.3686283844e-01 -2.5599839101e-01 -4.6123033233e-02 -4.8689153274e-01 7.2116069106e-02 -3.9749419716e-01 -4.8519300929e-01 4.0009293095e-01 8.7472401378e-02 1.4159789592e-01 -6.5324462513e-01 -4.2344795314e-01 1.9810247812e-01
2.0966904729e-01 1.2923069662e-01 -1.2764386655e-02 -5.7196129017e-02 -3.9444258766e-01 3.9320499341e-01 2.7001697522e-01 3.6966563674e-01 -3.0862899345e-01 -6.0621490524e-01 -1.5135243925e-01 4.2683154341e-02 -1.0869052405e-01 3.8247287138e-02 -3.0878256162e-01 -1.5112414395e-01 -5.2390966367e-02 1.6421264749e-01 -7.6019493564e-02 3.9508657320e-01 3.8510499140e-01
1.6722454799e-01 1.5756249117e-01 9.7437665431e-02 -1.4918721257e-01 2.0595855741e-01 3.1334849038e-01 -5.1146732586e-02 2.9268346261e-01 3.1625498933e-01 1.5660039568e-01 -5.4737591622e-02 -1.9844054434e-01 -3.6646315722e-01 2.1998122541e-01 -2.1107969763e-02 5.2807104784e-01 -1.4538769302e-01 -2.5081651829e-01 -3.7534027768e-02 -2.8274965173e-01 1.3271397042e-01
-1.6370208025e-01 -5.1816236307e-01 -2.2663477414e-01 2.0011127071e-01 -3.0956138412e-01 5.1243967478e-01 5.9107497941e-01 6.8298156834e-01 8.7419209821e-03 1.9198378036e-01 1.5462771953e-01 -4.2792319044e-01 7.2860279679e-01 -8.3391743910e-01 -2.0131872027e-01 5.5907824179e-01 6.5525898023e-01 -4.3513559492e-01 -1.3244448089e-01 -8.4641661110e-02 -2.1920378740e-01
-3.3260241164e-02 -3.1785971600e-01 -7.8926252937e-01 -3.4193255464e-01 -1.8947215057e-01 2.7960886329e-01 -3.7413654637e-01 4.7880768670e-01 5.1406646724e-03 5.3983653713e-01 -1.7897655625e-01 -2.6813486771e-01 -2.0448034563e-01 -6.4353184631e-01 -5.2197320308e-01 7.2587291632e-01 3.5739221464e-01 -3.5225065048e-01 -2.5137337556e-01 -7.4519635332e-03 4.9886389945e-01
-1.7679734215e-01 1.5674002885e-01 -1.5394498606e-01 4.3123659370e-01 3.5008001448e-01 -3.2619479768e-01 -5.2782461974e-02 1.1498552059e-01 3.4904864689e-02 5.2839608928e-02 3.4750937574e-01 -4.0481386347e-01 -2.9863402393e-01 -1.0725599395e-01 -6.5968292377e-02 1.2719822608e-01 -7.5225142570e-02 1.6952611196e-01 -2.4492519490e-01 4.7213975544e-01 -9.9127043419e-02
1.7686730036e-01 2.7159526682e-01 1.8389563933e-01 -2.3014437386e-01 1.0617587252e-02 1.8432212298e-01 2.5222639936e-01 3.9408352408e-01 7.4150105870e-02 -1.5463608495e-01 -6.5776065488e-02 2.1618747618e-01 -4.2487275150e-01 -2.4371273315e-01 -1.4732945417e-02 -2.3490325353e-02 -2.9598490647e-01 4.6867501685e-02 -3.0252448656e-01 -1.6380597882e-01 1.7268836322e-01
5.2098194602e-01 4.2058580873e-02 1.8159020548e-01 4.7887837957e-01 3.3483327321e-01 -9.2438672784e-01 1.8219849833e-01 -7.3390109028e-01 2.3236957529e-01 -3.2142111987e-01 -3.2015658848e-01 1.0679046795e+00 -1.6284936117e-01 5.0082472644e-01 2.3396105412e-01 -9.8852780255e-01 -5.1885440910e-01 6.6622600014e-01 -1.6150442872e-01 2.0737563737e-01 -9.1723562036e-01
-1.8043056256e-01 -9.6603253953e-01 -1.1241466080e+00 -9.0108544208e-02 -4.4224965895e-01 5.2761831171e-01 -3.1408858681e-01 1.3718217968e-01 1.2969078066e-01 6.2832632330e-03 5.3104607175e-01 -9.1128180411e-01 1.1780462251e+00 -1.0235476263e+00 -4.5556502015e-01 5.8593390538e-01 5.3661044547e-01 -1.1818658038e+00 -2.1880611682e-01 6.3475492775e-01 -2.2948779562e-01
-1.7495715465e-01 -8.7653149155e-02 -2.1908914612e-02 -1.7785666216e-01 -2.7441348942e-01 2.3605608790e-01 2.6603884270e-01 -8.4293168165e-02 2.6878899081e-01 5.4920539876e-02 8.7304683985e-02 6.5377546282e-02 2.6023482665e-01 3.0814149781e-01 -5.0600542691e-02 3.5421020634e-01 1.9474218423e-01 3.0250592223e-01 -1.4997880037e-01 2.9909978468e-01 6.8189357319e-03
-4.2444598544e-01 -5.4949389602e-02 9.5246413472e-02 7.8001466069e-02 -2.3775638102e-01 2.4536315188e-01 -3.2303775733e-01 -3.6749143993e-01 2.0657507392e-01 3.0560153177e-01 -2.9562034047e-01 -3.0759717686e-01 -3.2961966877e-01 4.0936517812e-01 -5.9967851785e-02 -1.9910297255e-01 -1.2312193140e-01 2.6532472547e-01 -3.6384579145e-01 -5.7146261995e-02 -1.4443668242e-01
-3.1946990609e-01 -2.3790824920e-01 1.6153410294e-01 4.1758515376e-02 -3.1667459243e-01 3.5293599072e-02 2.1278380565e-02 -3.3832696978e-01 1.6802318391e-01 2.3720214612e-02 3.4021112129e-01 -4.8003859926e-02 -3.8367819382e-01 1.0708190358e-01 -4.1155476178e-03 -9.7094038082e-02 -1.4109562223e-01 1.5138340666e-01 -6.0453827069e-01 -3.5991868891e-02 -2.3629594312e-01
-3.4577814754e-01 4.5171366235e-02 3.2831719352e-02 -2.0423872520e-01 -6.2354767739e-01 4.0194009384e-01 3.9600190868e-01 1.5529405279e-01 2.0558046554e-01 -1.8022341244e-01 2.9434070974e-01 -3.7449125138e-01 2.0906260690e-01 -2.4256745191e-01 3.6996810722e-02 1.2052257203e-01 4.1575631968e-01 8.3779863447e-03 2.3412916342e-02 -4.6101746233e-01 1.3052434376e-01
4.1790431757e-02 1.6934122701e-01 -2.4821835850e-01 -2.3856902323e-01 2.5373896736e-01 1.9252607480e-01 -3.1987151262e-01 1.5753213500e-02 3.6754969714e-01 -7.7812251645e-02 2.4358675542e-01 -4.9208138047e-02 4.4536907338e-01 -1.1735631937e-01 7.9916707978e-02 5.7590139769e-01 2.6195764879e-01 1.2521966236e-01 2.0237589044e-01 3.2776507930e-01 -2.3453361810e-01
2.5788412643e-01 -3.5989330558e-02 -2.0001681008e-01 -3.1211814891e-01 -1.5384904757e-01 3.6180666344e-01 5.3537699995e-02 2.1868449638e-01 -7.3731418502e-04 -3.3474545860e-01 -2.1595783776e-01 3.5998117620e-01 -1.4560615970e-01 3.4789554964e-02 9.8121326106e-02 2.7937272012e-01 5.9955001917e-02 -6.3830986168e-02 1.0960921112e-01 2.8097786078e-02 1.8898446197e-02
1.0070973448e-01 -3.4796224331e-01 -2.5563855441e-01 -4.6103533761e-01 -5.0938615833e-01 1.9692424010e-01 -2.2633562546e-01 8.7956221661e-01 -8.1432027834e-02 1.7383799095e-01 3.3713335533e-01 2.5298337688e-01 -2.8697861721e-01 -2.6067026514e-01 -1.3090902359e-01 5.7256062304e-01 1.0651074701e+00 1.7070743309e-01 -5.7750572014e-01 -4.0428974590e-01 5.4604328384e-01
8.3567677241e-02 1.0284810977e-01 -2.7820838973e-02 1.1053990429e-02 3.4291144774e-02 2.7890522394e-01 -3.3213759326e-01 -1.0510342905e-01 8.1054808866e-02 -4.4407196840e-01 -9.0075631291e-02 2.6264510704e-01 2.3400200016e-01 -7.3477288714e-02 -5.0996930342e-02 -1.3709661352e-01 5.4612882274e-02 -1.3344116784e-01 3.8959199818e-02 -2.4004327577e-03 3.3880855780e-01
-1.1039671177e-01 3.2286147628e-01 -1.4777167291e-01 8.6739526613e-02 1.9692728152e-01 -1.3175961969e-01 9.1423018402e-02 -2.3069950176e-01 1.6066041243e-01 2.2216428911e-01 -2.3482048564e-01 -1.5224559692e-02 -1.7140000466e-01 2.1984658197e-02 -2.7623127334e-01 -3.5606972115e-01 -3.7284221802e-01 2.8777834469e-02 1.6063297551e-01 -2.0142102978e-01 -2.0445213549e-01
