-1.4357308275e-01
4.7860064961e-02
-9.5960194418e-02
-2.3007852679e-01
1.0650282842e-01
-2.8767064345e-01
3.7643671062e-01
-3.5158623005e-01
-9.7494373864e-02
2.9846794323e-01
-1.6577974958e-01
-4.4050904733e-01
-2.4543291730e-01
-1.2595853651e-01
-1.3255300322e-01
-2.8672934384e-01
-1.3706885792e-01
4.1169507383e-02
-4.4099892445e-01
9.3843158038e-02
1.4366548625e-01
-2.0083775468e-01
2.6948643509e-01
-1.0361841338e-01
-2.7227988574e-01
-3.2014935622e-01
-3.2685304867e-01
-2.4234435628e-01
3.7284125425e-01
2.5535292708e-01
-4.4633382986e-01
-2.1118850383e-01
3.5041129463e-01
1.8026527409e-01
-6.7752529981e-02
1.0490646504e-01
-5.3252821736e-01
-2.2919253715e-01
1.8399698778e-01
-2.4968356430e-01
-2.6507523905e-01
-3.4762153575e-01
1.2977093735e-01
1.5794589046e-01
-3.7234946007e-01
2.0898852107e-01
-4.2874305287e-01
1.8589485855e-01
-7.8642858718e-02
8.8495696081e-02
2.2453241123e-01
2.9102822011e-01
1.4057224082e-01
2.8685143020e-01
-2.8679174227e-01
-6.0006367685e-01
1.1699135703e-01
-1.4968410698e-01
2.1308447245e-01
-1.1938337816e-01
-1.2857437047e-01
5.5435367016e-02
-2.5247364245e-01
-2.3593048217e-01
-6.5485918925e-02
9.9959475194e-02
