-5.8769703484e-01
1.5728363386e+00
-1.0067034091e+00
7.5219113004e-01
2.0151165531e-01
1.3460263776e+00
-4.9425785634e-01
-8.2894863517e-01
1.2204460811e+00
3.7272172021e-01
-1.4953471482e+00
-5.1278067710e-01
2.3736849559e-01
7.7276421152e-01
-7.1661388818e-01
-2.9325401215e+00
6.4950569717e-01
-1.1710823388e+00
-1.8969420255e+00
-2.9263642269e+00
8.0184592010e-01
-2.9752894329e-02
-1.2096521734e-01
1.2455856161e+00
5.7386628232e-01
1.6593810456e+00
-1.3718969446e+00
1.1363358628e-01
-1.5790500362e+00
-3.4761616426e-01
-9.7281363133e-02
7.6579656540e-01
6.4403459499e-02
5.9093159068e-01
8.0948740116e-01
2.2564479823e+00
-3.1627127266e-01
-1.0726879821e+00
1.5403534930e-01
-9.3713802620e-01
1.5743657993e+00
-4.1819333799e-01
-5.0646384003e-01
-5.0482428442e-01
5.6858854663e-01
-3.0195022627e-01
-6.9909414821e-01
1.6579510183e+00
-8.0744994876e-01
1.8920803092e-01
6.3721168359e-01
-1.5124803172e+00
5.1530105972e-01
-1.1420943576e+00
9.5331301811e-01
-9.0395766788e-01
7.7540908477e-01
1.2271789741e+00
9.0445228399e-01
1.9717083589e-01
-2.5162716741e-01
-5.8277763298e-01
1.3988934415e+00
-6.6766113679e-01
-1.1579325435e+00
5.0270040749e-01
