-1.4291337325e-01
-1.8463033188e+00
-1.9519586490e+00
5.5465270129e-02
-5.0031461049e-01
-7.0182148573e-01
4.3332005606e-02
-5.3297742229e-03
-7.6901710647e-02
-5.4673937955e-01
1.6356301348e+00
-2.1223469584e+00
2.9723936395e-02
5.3756331537e-01
-1.4001186419e+00
-2.1100634528e-01
-1.3675417240e-01
1.5936740858e+00
2.4111357312e+00
-3.2459135386e+00
-3.5900264442e-01
-1.0901684403e+00
2.1183582773e-01
1.2909837038e+00
5.0812830401e-01
2.9181773415e-01
1.8943908839e-01
8.2381923738e-01
8.5635094592e-01
4.8896362585e-01
-1.3553817309e+00
9.8315718746e-01
1.5883542351e-01
-1.8121291755e-01
-6.0170973650e-01
-1.6575513255e+00
-1.1614572047e+00
1.5472318549e+00
5.3185490156e-01
9.6368832405e-01
-2.3594105914e+00
8.2640439386e-02
-3.8587848376e-01
8.9628603381e-01
6.7162102016e-02
1.4221610202e+00
-7.2574475913e-01
4.9903047222e-01
1.3963446217e+00
7.0707355721e-01
-1.6088413016e+00
1.4117277607e+00
2.0969655284e+00
1.3220588244e+00
5.6567659269e-01
7.0540118972e-01
-2.8433874011e-01
-1.4643199209e+00
-3.0973247953e-01
2.3686968792e-01
-6.8940101973e-01
-2.0900910592e+00
-9.7983913772e-01
3.6170498381e-01
-1.2976865472e+00
1.3254492357e+00
-1.9591953671e+00
3.9524575320e-01
-9.5915238040e-01
-3.6617827447e-01
-9.9899946212e-01
-1.7147396153e-02
1.0215042660e+00
3.0917654319e-01
-2.4610681520e-02
-2.2357503203e-01
-1.3270532081e+00
-1.0787517834e-01
1.3203032601e-01
4.9391355621e-01
-1.0337040914e+00
1.7252348222e+00
2.1451458455e-01
-2.8792174779e-01
1.2425470049e+00
2.2641898353e+00
-2.6083570788e+00
-2.0827941603e+00
-5.8980244132e-01
-1.1378755942e+00
-3.7713251557e-01
-1.7198247110e-01
1.1396148612e+00
-2.8494523680e-01
-6.3362215050e-01
-3.0246736049e-01
-5.1830413951e-01
2.7297334702e-01
4.5602528512e-01
-1.3766989985e+00
7.0733285242e-02
-3.4340878532e-01
7.2232081687e-01
-1.8052806475e+00
-1.4799328204e+00
2.4104711555e-01
-1.1820592683e+00
2.4927230521e-02
-1.9628699877e-01
1.2209896575e+00
-1.9410138076e-01
-3.1776439939e-01
-5.1818197273e-01
-6.1211490358e-01
