8.0186074099e-01
1.3058011049e+00
2.2707373409e-01
-1.6430146938e-01
-1.4264342890e-01
1.1532506953e+00
1.3650326457e+00
1.3922076419e+00
-1.1635983723e+00
2.5678403075e-01
-2.3326927759e-01
-1.3416087896e+00
6.6521545434e-01
-1.0886265072e+00
1.9460528154e+00
-3.6673057372e-01
2.8289620315e-01
-1.0781682166e-01
-4.8586355364e-01
9.4980026160e-01
-5.9640737391e-01
7.4328999130e-02
-5.2629149618e-01
-1.9346540402e-01
-8.7226497214e-01
6.9199275309e-01
1.3742906272e+00
7.3066484645e-01
4.6156872004e-01
-8.1610399063e-01
-4.7096041718e-01
-3.2349187241e-01
1.8455627068e-01
-1.8130965274e+00
1.2299858938e+00
-4.3304043324e-01
-3.8065887667e-01
5.1372133251e-01
6.4023310904e-01
-9.4944600444e-03
-1.3118397461e+00
1.7938992034e+00
3.4105047889e-01
-1.4780955696e-02
-7.5033879113e-01
-1.7997743626e-01
1.1423676803e+00
-8.9618609614e-01
-9.1647040064e-01
-5.1655559954e-01
1.3291230925e+00
-9.8298615498e-01
1.9931034502e-03
1.9469123507e-01
1.3282584207e+00
1.6203115301e+00
-6.4644591240e-01
-7.8616109048e-01
-1.1992917625e+00
5.6388248080e-01
2.3123754967e-01
8.9252740147e-01
-6.8930204404e-01
1.7840778047e+00
-1.7982491818e-01
2.2954463618e+00
8.9690985888e-02
1.1584341921e+00
-8.6796702338e-01
3.8835447830e-01
1.7505865746e+00
6.7173062584e-01
-4.1272340226e-02
-9.6211051847e-01
-1.3194316532e+00
1.3333850516e+00
1.1033096159e+00
4.2724265715e-01
-1.2181425179e-01
2.7583230794e-01
1.8750788089e+00
-1.0190342687e+00
-3.1393941425e-01
-1.6079193339e-01
9.6294363592e-01
9.1065428310e-01
-5.6474428267e-01
-1.6434733764e+00
-2.7426534201e-01
1.1113871356e+00
8.5766315468e-01
1.9480243357e+00
-1.5971722893e+00
-7.8582301762e-01
-1.9569919920e+00
8.5326499564e-01
7.0544012561e-03
-1.4842543132e+00
1.1805459144e-01
2.6619845865e-01
-2.1612183666e+00
-6.7122400546e-01
-1.0097445517e+00
-8.0380280591e-01
1.7173133063e+00
1.6732830485e-01
1.3247574452e+00
-4.5368803197e-01
-1.1529879837e+00
-7.1779350800e-01
-5.9192919793e-01
-3.0796980840e-01
-8.6521204110e-01
1.1233823414e+00
