-4.5731274693e-04
1.1008597782e-01
9.1752425356e-02
-1.4194405754e-01
-1.7703732574e-01
-1.3242427296e-01
-2.9705589842e-01
-1.0583721452e-01
-3.5604715378e-02
2.2102994806e-01
1.8249833212e-01
-2.0500747657e-01
6.7952114237e-04
9.6204565849e-02
5.0150036310e-02
1.3699452634e-01
-7.7358943402e-02
1.6624561483e-01
6.4319059538e-02
9.3460111234e-02
2.3731980745e-02
5.0293399989e-04
-4.4611398157e-02
-9.1118097229e-02
4.0964271008e-02
-1.0542023939e-01
2.1977413134e-01
8.3787337479e-02
-7.0092436713e-02
-4.2786923543e-02
3.7544904506e-02
3.0813978394e-02
2.0166414836e-01
1.4704897340e-01
1.4379925351e-01
1.1505476250e-01
7.5633524925e-02
-1.6719917574e-01
1.3613544928e-01
2.5143270237e-02
3.2838928727e-02
2.5007605762e-02
2.1276368933e-01
-2.8871802629e-02
-3.8705227985e-02
-1.1095115970e-01
-2.5007678931e-01
8.8728238266e-02
-2.0487415162e-01
-5.8176980710e-02
2.1145480721e-05
1.0425239970e-01
2.3236374063e-03
1.9671616545e-01
-8.0070481880e-02
-8.7577649571e-02
1.5323607063e-01
1.9212556200e-02
1.5035706618e-01
6.7355882422e-05
1.0102853000e-01
1.8230186736e-01
-6.9760430323e-02
-1.9684993383e-01
-8.2433093940e-02
-7.3856873746e-02
-1.9991314359e-02
-3.1159398787e-02
-1.3015908625e-01
-1.3172461576e-02
3.6995984239e-02
4.3501357884e-02
4.0556368608e-02
-2.1318930584e-01
-4.9684137186e-02
-4.8697301314e-02
-4.4739142101e-02
7.2919905818e-02
7.9895052174e-02
-5.5169233101e-02
-1.0445044486e-01
2.4599278627e-02
-6.1950643275e-02
-1.6077101328e-01
-1.1945495154e-01
-3.6453343482e-02
-8.4055984293e-02
2.7368374886e-01
-1.0071529624e-01
-2.2264705425e-01
-1.2584581665e-04
-8.6328665611e-02
-2.8917609413e-02
-8.9920162511e-02
-8.7222242051e-02
4.9840669388e-02
-1.0219486478e-01
1.2717953004e-01
-4.7526956461e-02
-1.3411741002e-01
-3.9986822307e-02
7.1227940332e-02
-1.1951060808e-01
1.2995556958e-02
-5.6009122297e-02
1.9971862382e-01
4.4473240436e-02
-7.6077158080e-02
-2.0254903647e-02
-9.2399076076e-02
-3.9147622159e-02
-1.1205450467e-01
1.3907721270e-02
1.1140092138e-01
