8.3647051624e-01
1.1269602022e+00
-1.8258729519e+00
6.4372568505e-01
-7.2433177766e-02
5.9235869555e-01
-5.1980210822e-01
-1.2868383109e+00
4.6601932345e-01
1.0329499479e+00
3.0341097811e-01
-1.4460295195e+00
3.5536082094e-01
2.4509270820e+00
-8.6937305967e-01
-8.4111892933e-01
4.8400975512e-01
1.0454841007e-01
-8.0150035229e-01
1.0476293623e-01
-1.1332708586e+00
-1.7738641355e+00
2.0017341845e+00
-7.9529347591e-01
1.0475276256e+00
-4.2789520086e-01
-1.6965307543e-01
-5.1667486041e-01
3.5767652869e-01
5.4779414700e-01
8.2951131811e-01
-4.8361445101e-01
-4.9319020060e-01
2.4273055122e-01
-6.6270088578e-03
2.9583682154e-01
-1.9895736990e+00
1.4189733593e+00
-1.6091798174e+00
-2.8469496656e-01
-2.7127644042e+00
-5.6459695882e-01
-2.5593371895e-01
9.2196841797e-01
4.4985398477e-01
-2.5629041111e-01
-1.7108518195e-01
-4.3878706887e-01
-1.6587365526e-01
-6.6506811250e-01
4.9107759365e-01
-6.5570726006e-01
-7.8070311583e-01
-4.7246385719e-01
-5.9006544927e-01
1.0521911734e+00
2.8419038321e-02
-3.1451528296e-01
1.4777271520e+00
-1.4307107775e+00
-5.8485796828e-01
1.0159940955e+00
-1.0965070340e+00
-6.3563747672e-01
9.1222798040e-01
3.4846581930e-02
8.5589139887e-01
5.1300474824e-01
4.7402690562e-01
2.2796928979e-01
1.6431442000e+00
-7.9049850502e-01
1.2021137432e+00
-2.5461948576e-01
6.3541423423e-01
-1.4364672756e+00
5.6885583193e-01
6.5750616774e-03
3.4943219256e-01
-9.6495440770e-02
-1.1778717654e+00
8.7580869969e-01
-1.4442132527e+00
-1.3979933003e-01
1.4696831422e+00
-1.7405346647e+00
-4.1445059444e-01
9.6331850377e-01
-4.4934606039e-01
7.3213442344e-01
-4.8655497982e-01
-3.8236616299e-02
-3.0842899174e-01
5.1486325488e-01
-8.9981924044e-01
-1.1542643425e+00
4.2866311109e-01
-3.4063688998e-01
3.6017954531e-01
3.5959382648e-01
2.0539094782e+00
-1.0680735645e+00
-5.1373290842e-01
1.0804546919e+00
-6.4899064862e-01
8.6334386916e-02
-5.4617422442e-01
3.2149972328e-01
3.4364518482e-01
-5.9600426698e-02
6.8721828419e-01
8.4351612001e-01
6.4455897849e-01
1.6958210783e+00
