-5.4715754682e-02
-9.9376213095e-02
2.1821481213e-02
8.5268370666e-02
-3.9697963873e-02
-6.8936424306e-02
5.9735777209e-02
1.7441721064e-02
2.1130586650e-02
-2.8450509062e-02
-4.8288103552e-02
-7.6857336311e-02
-2.6017169537e-02
-3.0489710444e-02
-6.5826252822e-02
5.0845057679e-02
-8.2121456533e-02
6.6194910593e-02
-7.9490944963e-02
1.7852121710e-02
-5.5056567243e-02
1.0165671074e-01
2.3113660669e-02
-3.9022200073e-02
-5.6762035142e-02
-4.5707539438e-02
8.2903328799e-02
2.5891332956e-02
-1.3218611629e-01
-3.9605444788e-02
-1.5611889851e-02
-3.6729152816e-02
1.0476001839e-01
9.5677346830e-02
-1.7354836601e-02
-7.3003478117e-02
2.3452159472e-02
8.9138452967e-02
2.5343295855e-02
1.2114524552e-01
-4.4356366417e-02
3.0738861790e-02
6.3266801992e-02
-2.0998171957e-02
7.4687590758e-02
1.3600107972e-01
-8.4021855738e-02
-4.1593139948e-02
4.3851594232e-02
2.6069134993e-02
-8.2590210175e-02
8.9380932203e-02
1.5350427577e-02
5.3127372693e-02
-7.8387303788e-02
7.7827020544e-02
-8.9711906496e-02
-1.2028096297e-01
1.2896520927e-01
2.1484750390e-02
5.9690253438e-02
2.7648828828e-02
-2.2353845549e-02
-7.4569226989e-02
-9.6354181253e-02
-1.9695419942e-02
5.4497969613e-02
9.0510352532e-02
-1.2382332696e-01
-7.3622211111e-02
-2.5479531534e-02
1.0435988418e-01
-4.3660160825e-02
-1.8184184739e-02
6.1823570001e-02
-8.6667593701e-02
7.4959843739e-02
1.9810915577e-02
-5.6534875194e-02
3.1835401391e-02
6.9880649058e-02
-2.0244203293e-02
1.0300271207e-01
-3.7896926046e-02
1.5624667741e-02
2.9396950103e-02
4.2816427074e-02
2.7899788041e-02
9.0669964009e-02
5.7499661594e-02
4.7378311105e-02
-3.2662449290e-02
-3.0737494856e-02
1.8905462137e-02
3.8922602298e-02
2.4600733193e-02
-7.7189784605e-02
3.1118705953e-02
-3.5824161702e-02
-6.8947370827e-02
-4.3644771271e-02
2.0809834245e-02
8.5360626388e-02
6.9135312221e-02
-3.9961697544e-02
3.3995986905e-02
-3.1170498934e-02
-1.0562230444e-02
2.9117928183e-02
7.1618441296e-02
-1.1565262754e-01
1.0536781377e-01
-9.4894570037e-02
9.7841955144e-02
6.4299695151e-02
-2.9909706484e-02
5.2649026844e-02
-3.3532517953e-02
-6.1501511193e-02
-6.7894221343e-02
1.5498262499e-01
-8.5200050574e-02
-1.3247190249e-02
6.5085070345e-02
3.5150465083e-02
-4.5257472489e-02
-8.3222659257e-03
-4.8392830114e-02
5.7567392763e-02
-1.0623505539e-01
6.7551351886e-02
3.5672358518e-02
-6.0853968306e-02
4.5551132413e-02
4.3563337898e-02
4.5890608282e-02
1.2487105790e-01
5.2260505007e-02
-4.5947010861e-02
-5.4681529167e-02
6.1473512645e-02
1.6799548757e-01
4.2678834801e-02
-5.5355129103e-02
8.4256809247e-02
8.7425713165e-02
-5.8939625601e-02
-2.4296404898e-02
-1.5780390777e-02
3.0494281090e-02
-3.9241001135e-02
-2.9091245815e-02
4.7280612368e-02
-4.4946997047e-02
-2.1456537426e-02
-4.1447081184e-02
6.8783447905e-02
1.5381223702e-02
-7.5812727031e-02
-3.9898158056e-02
6.4255383505e-02
-5.2067369229e-02
7.0476736875e-02
-1.1746132201e-02
-5.0484759989e-02
8.3139966828e-02
3.5494203298e-02
-7.2779141453e-02
3.3162548632e-02
4.5625399587e-02
5.2925101419e-02
7.5977756400e-02
4.6773458184e-02
-2.3375032240e-02
-1.2312644402e-01
-5.8320951611e-02
2.7909553476e-02
8.6173084555e-02
3.4961121890e-02
3.9272262324e-02
-3.2278424571e-02
4.0913201924e-02
3.2694760436e-02
-9.7431792383e-02
1.0012433345e-02
5.6230363248e-02
-8.2022523563e-02
-1.1859126640e-01
2.7493664725e-02
-1.6633096357e-02
3.5920497963e-02
-3.4274564478e-02
1.1150902003e-01
-4.3766790366e-02
2.4825312734e-02
5.2858572855e-02
-6.0797534982e-02
-2.6018101678e-02
-1.1897102467e-01
-6.7664687606e-02
2.7708724464e-02
1.2164564785e-01
3.2920212136e-02
1.8888821459e-02
7.9672066648e-02
5.1517320958e-02
3.0258774652e-02
-3.5349390634e-02
-2.4396522862e-02
4.4706959813e-02
2.4002198583e-02
-4.8391871753e-02
-2.3309225119e-02
-9.9244267134e-03
-7.0025526095e-02
2.6152197927e-02
-2.6420718996e-02
-2.7224009455e-02
5.8240422266e-02
5.0045760651e-02
5.5895645526e-02
2.1315780370e-02
-1.0215820002e-01
-9.5852590260e-02
-2.1384798746e-02
7.5116511452e-02
-7.3895530209e-02
-8.3214253227e-02
3.5200116889e-02
-1.2409178340e-02
-9.6163498022e-02
1.7281667470e-02
4.4879900282e-02
-3.3178012703e-02
-2.2453787877e-02
-5.8823918735e-02
-8.6779738095e-02
-1.8077919260e-02
1.6223356583e-02
8.6534903899e-02
4.9898313616e-02
-3.8745414239e-02
1.8853232691e-02
8.9400347026e-02
3.9834868258e-02
-5.8009787114e-02
2.4922728785e-02
3.7970896305e-02
-1.1648833683e-01
1.0163939158e-01
-5.2303962657e-02
-8.3128902089e-02
3.8688682729e-02
3.4337116165e-02
-8.8445191393e-02
8.6870522172e-02
5.5283880661e-02
1.2794530920e-01
6.0454382646e-02
5.2440199674e-02
6.8535946204e-02
6.0579558712e-02
-5.0743495835e-02
-1.0681814109e-01
-9.4482090854e-02
-8.1000771402e-02
5.3174414545e-02
7.2176087076e-02
1.2079776673e-01
-1.8905332906e-02
9.7341066481e-03
3.8362596522e-02
-8.4073749809e-02
-4.9670067494e-02
3.5195834924e-02
3.4273827693e-02
-3.0418666310e-02
5.0508397299e-02
-4.8292808424e-02
-1.0497408931e-01
-4.7318230929e-02
-1.1083004473e-01
-4.5287707033e-02
8.7551566502e-02
4.9578158416e-02
-9.1287071624e-02
4.9785088972e-02
1.4897146722e-01
2.6532647444e-02
9.1208621860e-02
2.1900164206e-02
5.3046738235e-02
1.6053221109e-02
-1.2687777941e-01
-3.4876729768e-02
-1.7448422031e-02
-5.7036097531e-02
-8.3011036036e-02
4.9336352426e-02
-1.3665818175e-01
6.4618959131e-02
-3.0483205262e-02
9.3957383819e-02
7.8866192058e-02
8.8033496457e-02
-1.1157471966e-01
3.1193611860e-02
5.1619027152e-02
6.9932019774e-02
-5.4323891788e-02
1.3487345529e-01
4.6873977931e-02
-6.5844053915e-02
-6.4241571557e-02
8.4602613260e-02
3.5721862138e-02
-1.8910931730e-03
-4.1178978443e-02
3.0894295835e-02
-4.7020119720e-02
8.5622328199e-02
-5.6576994060e-02
-1.1133679117e-01
6.5704031287e-02
-3.3392270074e-02
-1.1968502374e-01
3.3086939181e-02
3.0226466445e-02
1.0919312807e-01
-1.0854585833e-01
-5.7184035635e-02
6.0092297042e-02
-4.4421160435e-02
-7.5643470861e-02
-2.2123973587e-02
3.6139562940e-02
-2.2208984440e-02
-4.5555437532e-02
8.0858015933e-02
-8.9060305829e-02
-4.0764205870e-02
1.1633049343e-01
-3.6422002140e-02
-6.2901246681e-02
-1.0242311758e-01
1.8181378496e-02
3.6283939412e-02
-4.3922939123e-02
3.4491894378e-02
-3.2414424112e-02
3.7928514195e-02
5.7586816446e-02
5.4441263535e-02
4.8642829106e-02
5.6606662201e-02
-6.8041344723e-02
9.9874012457e-02
-3.8246638588e-02
-2.8568615613e-02
-1.6557141599e-01
2.5943808414e-02
7.4294034258e-02
2.8448855431e-02
-1.6535457307e-02
-4.4858656236e-02
3.5743032536e-02
4.4089434094e-02
-1.0258897195e-01
-4.2363391410e-02
-4.3315359722e-02
-3.3335877372e-02
5.5210138923e-02
5.8961610719e-02
5.9518469204e-02
-1.0045775903e-01
-4.5009638003e-02
-2.3847556871e-02
-3.5884615622e-02
2.5677644239e-02
-9.6676868861e-02
5.7815028062e-02
5.9907731945e-02
1.2413751636e-02
-5.5724721342e-02
8.8284564749e-02
7.9662141514e-02
5.9283919538e-02
-3.5413780155e-02
1.2195730560e-01
4.5476951922e-02
-5.0695020732e-02
4.9342241296e-02
4.8458810800e-02
-3.0004174501e-02
-1.3150366398e-02
-1.3206851205e-01
-3.1549118127e-02
-1.1610123691e-01
-1.0580565169e-01
7.3799925120e-02
3.3954300612e-02
7.3443414785e-02
-2.0390383990e-02
-1.0568812272e-01
8.8338816387e-02
2.6132630147e-03
-2.5254362009e-02
1.0983681049e-02
-6.8262642017e-02
4.4120944505e-02
5.4627891061e-02
-1.2609214842e-01
-7.1505200993e-02
-1.2557263079e-01
-2.9380645403e-02
-4.4142174781e-02
-6.2504665733e-02
1.1852460010e-01
1.1313014132e-01
5.5868971309e-02
