-2.5666928461e-01
-4.8482288271e-02
4.1540383169e-01
-2.3939654889e-01
-2.2103352797e+00
6.9865862180e-01
4.6995098631e-01
7.5861145018e-01
1.6463028881e+00
-4.0865302713e-01
-1.1678159749e-01
1.2898787883e-01
4.1580336894e-01
-5.9575577107e-01
5.6904368783e-01
2.2467369988e-02
2.9227295515e-01
-1.0789717423e+00
8.5009428847e-01
-1.1707775993e+00
-1.5315879290e+00
-3.7338386168e-01
-1.4740348710e+00
-6.6267157789e-03
8.9278546828e-01
-8.8091921461e-01
-1.0786760007e+00
-8.9269300037e-01
-5.0511692272e-01
-1.3957612059e+00
-7.0038140384e-01
1.0197241371e+00
8.3081477215e-01
-5.4762626071e-01
6.4384438860e-01
-1.1619850958e-01
1.1881434143e+00
-4.3166797497e-02
2.4507391181e-01
-5.3637473772e-01
1.6510924915e+00
-6.3337482879e-02
2.4284176175e+00
-3.2412568375e-01
-9.2577095832e-01
1.6961083401e+00
8.7629048416e-01
9.0367113802e-01
-1.4627795203e-01
-1.9894549017e-01
1.7461255063e+00
-1.8214031574e+00
1.6305398594e-01
-1.7619312291e+00
2.6140631490e-01
-6.9574978993e-01
-2.0745093878e-01
5.4069869823e-01
1.1803838451e+00
-7.9035074486e-01
2.3745706390e-01
-6.1116702886e-01
-7.1487399991e-01
1.8023345929e-01
1.5017494324e+00
4.1327982738e-01
7.5293689100e-02
-1.1042164544e+00
9.6492324660e-01
-2.1199245029e+00
-2.1783951581e-01
1.3171937722e+00
4.2329183732e-01
-2.4855901860e-01
1.9257005290e+00
-3.2510848695e-01
-7.4153140277e-01
-1.2793293351e+00
-1.3445446075e+00
-1.5655220320e+00
-3.7693258013e-01
1.3422866031e+00
-9.0099638347e-01
4.1746459723e-01
-1.6258452688e-01
-5.8054621308e-01
1.1857299324e+00
-9.9751533643e-01
1.7449088039e+00
-1.0195466345e+00
-1.0292087301e+00
7.0529559579e-01
5.2572673277e-01
2.1149880562e+00
-4.5637871978e-01
-7.7396383221e-01
9.5481576489e-01
1.1433205468e+00
-3.8766440798e-01
3.9206300220e-01
1.8504211671e+00
2.3243052254e-01
-4.4441384826e-01
-5.0453832097e-01
-1.4224607467e+00
-5.8236024065e-01
-1.0373322422e+00
1.0381118417e+00
-7.2717767110e-01
-4.2687043281e-01
-3.1696645866e-01
1.8496192049e+00
-4.8408688663e-02
-7.1999466518e-01
1.0281515672e+00
-1.0909444591e+00
1.6516410297e-01
-1.8245456860e-01
-5.2499586734e-01
1.1578319186e+00
-4.2646723797e-01
-9.9307681328e-01
9.2967969977e-01
1.5883879076e-01
6.9062751000e-01
-5.8208987762e-01
-2.9018421261e-01
8.6672801851e-01
-1.9912686448e-01
-8.7368599216e-02
-1.4206856948e+00
7.2141866522e-02
-5.1755235262e-01
9.2584820989e-02
-1.4971299386e+00
-2.1707816680e+00
-1.1007224830e+00
-3.9968294636e-01
1.2207385718e+00
-8.6092876480e-02
-4.8547381380e-01
-4.8506768110e-01
-2.3387528737e-01
-2.3214185356e-01
-1.4593189719e+00
1.2240756317e+00
-2.8024474790e-01
-6.1753905209e-02
8.5615266994e-02
1.0056307881e+00
-1.0171606688e+00
3.7386917660e-01
-2.5218911002e-01
-1.1079215015e+00
-3.0225041791e-02
-9.8109869172e-01
-1.0344908096e+00
-8.5177171167e-01
-1.0299154646e+00
-1.2742863163e+00
-9.3991913124e-01
5.9704787595e-01
9.6164352480e-01
-8.6798569294e-01
2.5275162778e+00
4.6666670630e-01
-1.1106826691e+00
-9.2992256989e-02
8.6582090762e-01
-1.9634389606e-01
1.8214192180e+00
9.5026995621e-01
-1.1132826342e+00
-1.4936452841e-01
1.3134138764e+00
1.0608156566e+00
-5.4400029281e-01
-6.1536406065e-02
-1.2736979701e+00
7.8314590865e-01
2.0126279645e+00
-8.7062813237e-01
8.5352785545e-01
-7.0143858717e-01
1.9293289716e+00
-2.8491734431e-01
1.9875093087e+00
-5.8011377615e-01
-1.3356116108e-02
-1.3906787061e+00
5.5859601831e-01
-6.2258131096e-01
-1.0494351839e+00
-2.7917001595e-01
-1.7328264904e-01
-1.1889517492e-02
6.7665192141e-02
-1.1497670179e+00
1.0391265131e-01
-1.7093123072e-01
-8.3847836658e-01
-1.5840785882e+00
-6.6777578137e-02
1.3201504088e-01
1.6649432426e+00
1.0624860412e+00
-3.7054779607e-01
1.9953407426e+00
1.1110222275e+00
4.5857310348e-01
5.8960246440e-01
9.6204938717e-01
-1.3417535737e-01
-4.6452380269e-02
-2.1040238434e-02
-1.6255591664e+00
1.5869691063e-01
1.4043262814e+00
-6.2440909775e-01
1.5252086148e-01
-2.9978977208e-02
2.8373076418e-01
9.4314211424e-01
9.6889639522e-01
1.6366013911e+00
1.1700514922e+00
2.1825174194e+00
-5.7208872459e-03
2.5359177584e-02
-3.0093637776e-02
6.7972067318e-01
-1.0214420673e+00
-1.4698877696e+00
-6.8526074074e-01
-8.1374521762e-01
-4.7293800672e-01
-1.2399810582e+00
1.3659518156e+00
-9.7972404887e-01
-5.8496766733e-01
2.1927707004e+00
-1.1364589206e+00
1.4676694249e+00
-7.5582313896e-01
8.0083158191e-01
1.2965105677e+00
5.5213380701e-01
-7.5926008756e-01
4.9636654242e-01
-1.1272598664e+00
1.7548990759e-01
-3.8270940394e-02
1.1430149189e+00
1.1752104650e-01
-8.4316856719e-01
-9.6620380581e-01
1.2275679260e+00
-6.4667975299e-01
1.9953648201e-01
-6.4365612450e-01
2.2398984207e+00
-1.5799362835e+00
-5.3730410908e-01
-1.5269228290e+00
1.3580622196e-01
2.8342640016e-01
1.0252452210e+00
-5.0187854440e-01
-1.5186177651e+00
-1.1966454047e+00
3.8384409029e-01
1.0041824572e+00
-2.1341846942e-01
9.8021645699e-02
1.9344695678e+00
-1.3906448543e+00
-5.9950957889e-01
-5.3847455070e-01
9.4551037696e-01
2.0746647861e+00
-1.2002142825e+00
6.9856902356e-01
7.0731722664e-01
1.5035827415e-01
8.3584069912e-01
-1.2364306379e-01
1.8690830726e-02
-8.5043724263e-02
1.5530937545e+00
-1.7766452660e+00
6.3436089243e-01
2.5646976740e+00
-1.2520628945e+00
-8.1802097325e-01
-3.1533017780e-01
-1.3716595290e+00
3.9040130011e-01
1.7032552450e+00
-6.8737185054e-01
-8.2631528075e-01
9.5103382344e-01
1.1092768058e-01
-2.7303564186e-01
-3.5507568212e-01
-5.3555356119e-01
8.0788819454e-01
8.4538433316e-01
-5.3473833631e-01
-7.1882821792e-01
-1.0100194450e+00
3.5414011966e-01
-2.7640625853e-01
-1.0144425072e+00
-1.1922488255e+00
6.5532088635e-01
-1.2887193891e+00
3.7394137746e-01
-4.4517520856e-01
2.8063742143e-01
-1.1311383425e-01
-9.3658923987e-01
-7.6139568913e-01
-1.6418500469e+00
2.4506423787e+00
-9.5602687580e-01
8.3746986037e-01
-1.5186506553e-01
-1.1867184783e+00
1.0366089379e+00
-1.4529254538e+00
-1.0377813460e+00
1.2746900382e+00
2.4032187416e-01
-8.3822853678e-01
9.4490936484e-01
2.3406015495e+00
-2.5630585691e-01
4.9752436791e-01
-4.0372449496e-01
9.4693094850e-01
-1.9554977643e+00
-1.6926760116e-01
9.6966632158e-01
2.1307694027e+00
-9.7476000799e-01
1.0946689144e-01
-2.3792982853e-01
-1.0595728698e+00
9.1101878702e-01
-2.1672552253e-01
1.0090335458e+00
8.4244982694e-02
-6.7753734356e-01
-7.6249017576e-02
4.3780003964e-01
1.2458702309e+00
1.0371528302e+00
-3.4311568447e-01
-4.2573540253e-03
5.2702754529e-01
-7.0522673731e-01
-1.6597939155e+00
6.7329700779e-01
3.8808078729e-01
-6.3444107436e-01
1.6690035566e-01
-1.8439397957e+00
8.6514078235e-01
-7.5137541911e-02
2.0938284934e+00
1.0077853484e+00
2.8327689783e-01
3.1446545974e-01
-7.8874145393e-02
8.1673661405e-01
1.2339998053e+00
-3.6362716714e-01
-3.9720975586e-01
8.7108085558e-01
-1.7471080145e+00
1.2745407617e+00
-1.1492330278e+00
5.6141572066e-02
1.7419958684e-01
2.0457737080e-01
-6.6949589098e-01
1.3162371450e-01
1.5636815242e-01
-7.9257837424e-01
-1.0923096330e+00
4.6281440557e-01
-8.0264340263e-01
-1.3850277476e-01
-7.7839209434e-01
-4.7678626284e-01
1.3408408551e+00
-1.1460971899e+00
1.6621387735e+00
-9.5681803565e-01
-1.6394281903e-01
1.5020296187e-01
2.6943570015e-01
6.1141056611e-01
2.3583346138e+00
1.0712369924e+00
-1.5945984753e+00
-6.5762403079e-01
7.6024481461e-01
5.8469401692e-01
7.9002747431e-01
-1.0541323884e-01
-5.9674856504e-02
-1.5362244472e+00
-8.5008243280e-01
-2.2983868584e+00
-8.0155737260e-01
-7.4056598210e-01
7.8661029211e-01
-7.1111432769e-01
-6.8097036900e-01
