3.0347121133e-01
-1.2852991708e+00
6.5322743332e-01
2.6159179784e-01
7.3052013663e-01
5.3768687018e-01
-1.8908806397e+00
-4.3391262865e-01
-2.3451530932e+00
-2.8923646770e+00
-7.9105041064e-02
-1.6969631550e+00
2.3744133376e-02
1.1112335184e+00
-2.5925789916e-01
-6.9797061132e-01
6.5400026422e-02
-1.4444724163e+00
-3.6848863175e-01
1.8619668571e+00
1.2565726696e+00
1.3726471418e+00
-1.3122777973e+00
4.2568726027e-01
1.5337489250e-01
-2.6484496595e-01
-1.0746715847e-01
-2.1134725611e+00
-3.2611306718e-02
1.4194638228e+00
9.8061206136e-01
-2.0945180111e-01
-2.1695986221e+00
2.0876823222e+00
6.4950934123e-01
1.0480523525e+00
4.7257357256e-01
8.7276596578e-02
1.2453297943e-01
-1.1449800892e+00
3.2290058759e-01
9.0081096848e-02
8.9130824704e-01
1.4511541362e-01
8.7963810271e-01
-1.0407683171e+00
4.3290853311e-01
-4.2000919823e-02
1.0920165375e+00
1.0889479778e+00
1.8936027390e-01
-5.9060730461e-01
1.1738386586e+00
-2.0677923419e+00
-4.8875036189e-01
2.1064278086e+00
2.8967232378e-01
4.0594489120e-03
7.5582506312e-01
7.6930634742e-01
-1.2835362852e+00
8.6687154419e-01
6.4501824827e-01
5.9006814364e-01
-5.9580086145e-01
2.0770728490e-01
-7.3954802539e-02
-2.0639985965e+00
-2.2449233586e-01
-4.3210290078e-01
2.4068411670e-01
9.2159728171e-01
-3.5146539499e-01
-2.6870300173e-01
1.5513815932e+00
2.2738785957e-02
6.1518087419e-01
-8.5240175627e-01
-1.2282992238e+00
-6.5425670993e-01
8.5634116303e-01
4.5670639357e-01
3.5671077296e-02
9.7315751888e-01
-1.1028143606e+00
2.2239963039e+00
-8.5484383797e-02
1.0097911979e+00
1.3266699840e+00
-5.5824832469e-01
2.9436285443e-01
4.9336394865e-01
4.1845294370e-01
5.0427067580e-01
8.9969127830e-01
-2.8546460004e-03
8.7384984115e-01
-1.3320833437e+00
-2.3502390032e-01
2.9028531633e-01
1.6311328168e+00
1.2208889895e+00
7.2432762005e-01
-8.8507587266e-02
-1.7032972757e+00
1.7712263153e-01
-1.6133842586e+00
1.0437296540e+00
5.6668129610e-01
1.8340044570e+00
8.2170117877e-02
-3.8229375425e-01
5.5059291577e-01
-2.0234268940e+00
7.4150325068e-01
-1.5315475065e+00
3.7279811177e-01
-1.0280170754e+00
7.3850338641e-01
-6.3530578011e-01
-3.4001100374e-01
2.7513708476e+00
-7.3773281241e-02
-5.6005901056e-01
-4.7075643407e-01
1.4605708959e+00
2.9190072891e-01
2.5045911827e-01
-3.7709820086e-01
-1.4983267867e-01
-9.0643824044e-01
5.7290435307e-01
1.1291119602e-01
6.7466470481e-01
-7.9023351149e-01
-1.1567214796e+00
8.2013810210e-01
6.6673650575e-01
-1.3118782710e+00
-8.2198321894e-03
1.7989532706e+00
7.0345316767e-01
8.1971812384e-01
1.0801743128e+00
1.8474767319e+00
-1.3792895494e+00
6.7490810761e-01
-1.3004603322e+00
1.7132063608e-01
-1.2889982362e+00
-5.0288121798e-02
9.5394481460e-01
-5.8179289771e-01
1.1730455438e-01
-9.7295448086e-01
-1.2640101965e+00
-1.7166617083e+00
-1.5528549251e+00
5.7770360764e-01
2.0105685687e-01
-2.3338539655e-01
1.0697448434e+00
-6.1267064312e-01
6.9387244885e-01
1.3794237144e+00
-8.9584250045e-01
9.6683839759e-01
-6.0770830875e-01
-5.0955220655e-01
9.2736237079e-01
-7.1199479408e-01
-4.5195429139e-02
-1.1361972051e+00
2.4978706373e+00
1.2015489909e-01
-1.4876234688e+00
4.5604756025e-01
-9.0048059697e-02
-1.6209825433e+00
4.1770839032e-01
-2.7531911374e-02
-7.1915696580e-02
-8.8369838456e-01
-1.0309260745e+00
7.8047723062e-01
-1.3528982574e+00
8.4224453557e-01
3.2159865826e-01
-1.4712053545e+00
-2.0793112993e+00
-2.1694037702e+00
-8.3578278611e-01
7.7947327548e-01
-2.4513717743e+00
-2.0847149480e-01
5.2841710662e-01
5.9623837163e-01
1.1382870618e-01
7.4259337097e-01
-7.8423630036e-01
1.4290214838e-01
-4.1816517485e-01
-1.9754784367e+00
-3.7157427352e-01
-1.7567431391e+00
2.1840881133e+00
-2.7102931907e-01
3.2561824174e-02
-4.6953765984e-01
9.0543735676e-01
4.0917964040e-01
-1.4618524343e+00
1.2080545237e+00
7.7754752465e-01
-7.0023572167e-01
-3.1752941811e+00
1.0510624517e+00
3.4214917787e-01
-3.6589277312e-01
4.6185772683e-01
-4.4974956699e-01
1.3286597024e+00
1.0631426853e+00
1.5421350254e+00
-2.2733926397e-01
1.1746047389e+00
-4.0564651578e-01
-7.2946409903e-01
-7.0132848178e-01
3.2341158985e-01
-2.7088025377e+00
2.4232601983e+00
7.3391014150e-02
4.3168207013e-01
-1.2385513755e-01
1.5569721028e+00
-3.5602718577e-01
4.0570320740e-01
-4.8970228438e-02
-5.3330276800e-01
8.1953726783e-02
1.3313909967e+00
1.6836672384e+00
3.3465006410e-01
-1.1326705874e-05
2.6964848348e+00
8.7423700497e-01
-5.7919681484e-01
-1.3244976867e+00
-1.9252905158e-01
1.6448651273e+00
-1.9371119471e-01
6.4016349623e-01
9.8227437773e-01
-2.9658283204e-01
2.9283572073e+00
4.0101757269e-01
-2.0777388749e-01
-4.7385191410e-01
5.1005682368e-01
1.2387769674e+00
9.3664442818e-01
-3.3598874222e-01
-3.0750746745e-01
-7.6961989668e-01
-1.1962220161e-01
-6.0530366323e-01
1.6957501668e+00
-4.8115521710e-01
-6.7998557284e-01
-9.3337657931e-01
4.1135216876e-01
-7.9668945733e-01
-4.2226204331e-01
-1.1255795860e+00
2.2363736893e+00
2.4864876008e-01
-5.4993071809e-01
1.2316328429e+00
5.5426265441e-01
-1.6864976001e+00
2.0281404163e-01
3.7127492935e-02
-3.7301188668e-01
3.6096872960e-01
2.4111892918e+00
-5.2862771899e-01
-7.0603453569e-01
9.6082189257e-02
6.6778779781e-02
-1.7978148402e+00
8.5327275411e-01
-5.5499538571e-02
-1.9314447698e+00
1.0101162648e+00
-2.3905036732e+00
-1.8499111534e+00
-1.6943197942e-01
3.0275882594e-01
9.0437784265e-04
1.4325892557e+00
1.0832729537e+00
-2.6465218147e-01
8.1678616698e-03
1.4249948235e+00
8.0547093875e-01
-1.0504114512e+00
-1.9458555243e-01
-1.8969999083e-01
3.7047783201e-01
4.0608617462e-01
-1.0503542518e+00
-3.5407489564e-01
-1.4722182939e+00
1.3339122516e-01
1.2737758301e+00
-8.6998675375e-01
-4.1110850133e-01
5.3515190991e-02
2.2094959654e-02
8.2228470664e-01
-9.6928437925e-01
-8.7048127209e-01
-4.7406621537e-01
7.8529891778e-01
-2.3259269130e-01
-4.5062821748e-01
-7.3642448388e-01
3.4803935794e-01
1.0966910786e+00
6.0965898722e-01
-1.3398526295e+00
2.0440477450e-01
-6.6570315307e-01
-6.0616772851e-01
-2.0105274443e+00
-1.0320645164e+00
-2.2021062281e-01
-1.6864179334e+00
1.0508152743e+00
8.2315534731e-01
5.9095557473e-02
2.4785338432e+00
4.3665483193e-01
-2.0777696521e-01
-5.5212849646e-01
-3.9299800301e-01
1.0866583336e+00
-9.5726914463e-01
5.8749228540e-01
6.1602000339e-02
-1.2094693818e-01
9.3177943366e-01
-5.5367341638e-01
3.1392677196e+00
-2.4045103062e-01
1.2606848390e+00
2.0001429012e+00
1.3469139345e-01
7.8248095426e-02
-1.3874770140e+00
-8.0404223730e-01
7.2650862469e-01
-1.5943031706e+00
4.7233807001e-01
2.6661057445e-01
1.0630194927e+00
7.0481257228e-01
-1.2612803007e+00
-2.0536140475e-01
4.0415500634e-01
-5.9840584311e-01
1.1275564431e+00
3.5505749287e-01
-6.0273109905e-01
3.8071540499e-01
-2.5483054149e-01
7.1659361688e-01
1.1484329636e-01
-1.1506210058e+00
5.8826113528e-01
-5.0629861656e-01
1.9589167282e-01
-2.2344724911e+00
-5.8208813020e-01
7.1494749441e-01
7.9002381639e-02
3.6886596807e-01
-1.1454580920e+00
-1.7185551742e+00
1.2762781534e+00
1.6870824763e+00
1.3883813476e+00
-3.8169949323e-01
-3.2802417490e-01
9.8613792478e-01
1.0147315210e+00
-1.5239818544e+00
7.1813726574e-01
1.4757825426e+00
-4.6417930652e-01
-8.3060583449e-01
6.4655660585e-01
1.7393181372e+00
1.3556174039e+00
-3.0727185275e-01
4.5572907587e-01
1.0878345839e-01
1.2835327758e+00
4.2912181873e-01
-3.2281676820e-01
-4.6927310802e-01
-3.2138098908e-01
-7.6049671013e-01
1.2945713831e+00
-1.0550458114e+00
-1.8001988165e+00
-1.2982533915e+00
6.3308008828e-01
1.9528732980e+00
-1.2150926924e+00
7.3399888197e-02
-5.3693529662e-01
-3.8972504466e-01
3.2763381591e-01
-3.1563086362e-01
-1.1066429523e-01
2.9588303951e-01
-5.2471214244e-01
6.4426300911e-01
1.1614544982e+00
6.3868029423e-01
6.9414928556e-01
-8.3116444858e-01
-5.5314800015e-01
-1.5346520216e+00
1.6279965504e+00
-1.2088293250e+00
-1.5605814144e+00
2.3756723113e-01
-6.0693713192e-01
-1.5495493022e-01
-6.6738193496e-02
-4.7279936010e-01
1.6446401310e+00
-1.0471319937e+00
6.2315275617e-01
9.3259821656e-01
2.6627990213e-01
4.7658347235e-01
-3.2992431342e-01
-1.2042226389e+00
-3.1317387132e-02
7.4113180688e-01
4.4359257384e-01
2.6664168666e-01
3.8796127688e-01
-2.4335336983e+00
9.2098291900e-01
1.5017338158e-01
-3.3404725498e-01
-1.2577909671e+00
2.0492734562e+00
4.7406699054e-01
-1.8421056948e+00
-1.5097590731e+00
-1.1565628904e+00
1.2066947524e+00
-4.8100182473e-01
1.1701131651e+00
6.9894672723e-01
1.0717628867e+00
-4.2896704926e-01
-9.4835109604e-01
4.3389221101e-01
-8.2797956600e-01
-1.4877306630e+00
-2.0378984985e+00
1.4473248418e+00
-3.0748941197e-03
-1.6909834810e-01
1.0913342922e+00
-1.7148339662e+00
1.2139740453e+00
-1.2326970619e+00
7.4877820017e-01
2.3550959609e-01
-7.3377424170e-01
1.7569967922e+00
2.3885890209e-01
1.0183636244e+00
-1.1256870756e+00
-5.6642793139e-01
7.1543735735e-01
-6.3026184770e-01
7.8509276285e-01
-2.4941657716e-01
9.7932236186e-01
-4.6684345610e-01
2.0620449795e+00
8.7213933929e-01
1.2122093119e-01
-1.8590036561e+00
1.5705414848e+00
7.9666689726e-01
-1.7423934600e+00
-1.1011095078e+00
-4.1377039052e-01
-2.8464630810e-01
-2.8840687008e-01
-8.3104156364e-02
8.3226023744e-02
-5.2498419061e-01
-7.2992487292e-01
7.5117504878e-01
-1.6281978284e+00
4.0303910667e-01
2.7275722292e-01
4.9425409694e-01
1.4282144012e+00
-7.8594934214e-01
1.1675602839e+00
-7.7719772949e-01
4.6392680930e-01
-8.2597449688e-01
2.4728130500e+00
-1.0116740041e+00
-4.7267190383e-01
-7.0000382773e-01
1.0857836311e+00
5.7521005177e-01
1.5785864419e+00
5.0467802030e-01
1.5538582140e+00
2.5421177039e-01
1.2696643870e+00
3.4376644659e-01
4.1660465509e-01
-1.2190741784e+00
-8.9658667351e-01
