-5.8177651803e-01
7.5118172450e-01
-6.5018828170e-01
-1.4761199438e-01
9.0051658934e-02
-1.5437475173e-01
-3.7247123238e+00
-1.4355269925e-01
-1.9252476142e+00
8.4846457591e-01
1.1743706869e+00
-4.8729483452e-01
4.5662177035e-01
1.4656879174e+00
8.5310011159e-01
-2.3025341629e+00
-1.3375571628e+00
2.6642579868e-01
-5.3704142113e-01
7.7037713902e-01
-5.6003740586e-01
6.2507849032e-01
-1.4299128092e-01
-1.5396759114e+00
1.2961426152e+00
1.9537463269e+00
1.0370756465e+00
-3.2042851789e-01
-4.8291521268e-01
-7.2376191497e-01
6.7504262046e-01
1.9753092539e-01
1.5609789621e+00
-5.1047403454e-01
5.6369111902e-01
-7.3539800910e-01
-1.7869536293e+00
-5.7915409679e-01
1.1695675245e+00
-9.9836041667e-01
-8.5896704809e-01
5.9607289556e-01
8.5729101661e-01
-8.5269469172e-02
-1.2101891974e+00
-3.1695431425e-01
-2.3824088096e+00
-2.2186508337e-01
1.1441832642e+00
6.3679145453e-01
7.5532821891e-01
-2.6645887319e-01
-2.0122312509e+00
1.9276577212e+00
1.6646193874e+00
-5.6871367519e-01
-1.5045871055e+00
1.7610260144e+00
-7.7637871792e-02
1.3436453691e+00
-4.1286468726e-01
8.7371091951e-01
1.0939176697e+00
-1.8537580745e-02
4.2910955930e-01
-1.2735399519e+00
-4.2373983756e-01
-3.4363036481e-01
7.4302955966e-01
-1.6839366086e+00
-1.2681876670e+00
-1.5983742436e+00
-1.3642027059e+00
7.0204713161e-01
1.7027910775e+00
-1.5808698831e+00
1.3885669842e+00
3.4706467291e-01
-1.7909350423e-01
-3.6379181245e-01
-8.3125672444e-01
2.2259443749e-01
7.0204489185e-01
-1.3438911612e-01
4.6925927231e-01
1.4638245158e-01
5.0930322356e-01
-2.2405433572e-01
-1.3657634651e+00
-9.5653773439e-01
4.1296041254e-01
-4.0835182864e-01
-4.2220590827e-01
7.8838331964e-01
-4.3803333541e-01
1.4907839212e+00
-1.6838452321e+00
-1.8304844989e+00
-2.3206244480e+00
7.0293195958e-01
2.3716168038e-01
1.1497640622e+00
-4.3287953475e-02
6.7740830356e-01
5.0661323530e-01
1.1713706828e+00
-1.4911315098e+00
-6.6156281266e-02
-3.5936802987e-01
1.6323233820e-01
7.1629613423e-01
6.4857876933e-01
7.4475612917e-01
2.5573229815e-01
6.9559264145e-01
-4.4487377649e-01
1.6852150532e+00
-2.6970894843e-01
4.5443528104e-01
-1.3692089608e+00
4.7101795395e-01
1.0380157006e+00
2.0784076572e-01
-4.1436759371e-01
7.1568069813e-01
2.2388006736e+00
1.9558669622e+00
1.8945003947e-01
1.2461603382e+00
-2.1159233749e+00
1.0157170741e+00
1.7393670395e-02
3.8110216873e-03
3.4120496087e-02
-1.5233419188e+00
-3.2671594237e-01
1.1162446693e+00
3.6453046124e-01
-1.5597484587e+00
-4.6726748843e-01
-1.3414649195e+00
1.3148771530e+00
-1.7485133896e+00
1.0387030073e+00
1.6192074942e+00
1.3274631742e+00
9.3721697701e-01
-3.4365862682e-01
9.7881639216e-01
-5.7380232254e-02
9.3029098801e-01
-9.5247545246e-01
1.2407413877e+00
-2.1858438748e-01
-2.0236548857e+00
-4.9062534241e-01
1.7797853978e+00
-4.5781192871e-01
7.8885321375e-01
2.7027441037e-01
-6.2602799086e-01
1.6324705585e+00
-1.1575407440e+00
-1.6164422383e+00
4.6602231493e-01
1.8010055245e-01
-2.5894749316e-01
-6.6709143296e-01
-1.6281711775e-01
-8.2311106410e-02
8.3284082746e-01
-5.0090177468e-01
1.8687109300e+00
-2.4063269592e-01
-3.6802836934e-01
-2.3165818299e-01
7.5581207906e-01
-9.7668794524e-01
1.1315829184e+00
3.8451232789e-01
5.8701304559e-01
9.8619524829e-01
-4.6198056646e-01
-1.0514266152e+00
6.2217480107e-01
-6.5528176241e-01
1.7192045999e-01
-1.3882500330e-01
9.3836320888e-01
-1.0744707135e-01
-4.2377604349e-01
6.1848439656e-01
1.7361741610e+00
-4.9083851885e-01
-9.0987096835e-01
3.0583983428e-01
4.8775322207e-01
4.5962723655e-01
-7.6556413414e-01
3.7102850055e-01
1.4636611849e+00
2.1515961856e-01
-2.4556887099e+00
-4.2807958188e-02
1.9249123560e-01
-6.1638378566e-01
-4.0081620997e-01
7.3402855353e-02
-1.4966228574e-01
8.2556884495e-01
7.5836133754e-01
7.2502118168e-01
2.0577521259e-01
-7.4934338044e-01
-2.5153515995e-01
-2.8491057358e-01
-3.1056938463e-01
-5.5679665889e-01
-3.5248422389e-01
-1.7843651515e+00
-1.0973743392e+00
4.4680437294e-01
-2.4487538959e-02
1.7121658958e+00
-6.9550967657e-01
-7.4163957494e-01
1.6164147018e+00
-1.0595983531e+00
-6.3723322769e-01
-4.3240382957e-01
1.3410971692e+00
-1.0594657878e+00
4.1122114461e-01
8.2914054626e-01
4.7688286340e-01
-7.2415395257e-01
-7.8925009191e-01
6.5704312660e-01
3.8748764177e-01
-1.0578418182e-01
1.4499849014e+00
-1.5737943858e+00
-1.4258064995e+00
9.3521093240e-01
-1.0454991403e+00
-6.4589893775e-01
1.4894311055e+00
-4.0823847769e-01
1.0363928652e+00
-4.3614837426e-01
-4.1246516117e-01
-9.3899719279e-01
1.7139818916e+00
-8.2677163693e-01
1.1577876499e+00
9.1637558262e-02
4.4159432535e-03
3.3837527332e-01
-3.5721895073e-01
-1.1562157923e+00
1.8891570911e-01
-8.6580362092e-01
2.3501998064e+00
2.3461264067e-01
5.1143884122e-01
-9.2292118927e-01
-1.9487081225e-01
-1.1736529410e+00
1.2943687013e+00
1.3561995577e+00
-1.1976719979e+00
3.6972518416e-01
-1.1425242126e+00
-8.8068836995e-01
-4.2550851187e-01
-9.9385603732e-01
-3.9433942596e-01
-4.5576002061e-01
-1.7037014714e+00
7.5947891884e-01
1.3696013761e-02
-1.4906544618e+00
-4.1092677771e-01
5.9199249048e-01
2.1708673356e-01
-6.4370970323e-01
7.9849865279e-01
-6.1999278523e-01
3.3603700327e-01
1.1593828704e+00
7.3669936573e-01
2.7749593579e-01
-8.4307950584e-02
1.7793786998e-01
-1.5406708366e-02
1.0714382247e+00
1.7869880659e-01
1.3482540022e+00
4.8837872457e-01
-5.3771506896e-01
-8.1231331794e-01
-1.2565397512e-01
2.5457339099e-01
6.9848306350e-01
-1.6830872995e+00
-8.9649776532e-01
-5.9861052769e-01
-1.1615223914e+00
-2.0764942256e-01
2.4427678216e-01
-1.1170700358e+00
-7.9944180140e-02
1.7695890198e+00
1.5205691021e+00
-9.9490330260e-01
-3.5164569728e-01
1.1494485632e-01
9.1393236743e-01
-3.6055963799e-01
8.9899740405e-01
4.7804320643e-01
4.0188343960e-01
8.2478283118e-02
7.4145584984e-02
3.1585375565e-02
2.3840278618e-01
1.0447583052e+00
9.5493832313e-01
-1.0957807975e+00
9.9821569614e-01
-1.9437756937e-01
2.6449962732e+00
9.8748575155e-01
-3.1873138797e-01
2.4213790111e+00
1.5187192713e+00
8.3980846998e-01
-1.2515261595e-01
5.0523346112e-01
-3.5884847412e-02
1.3353628653e+00
-9.6757885735e-01
3.0195134019e-01
-1.8768747743e-01
1.3697923179e+00
-1.6443676848e+00
-1.8360575806e+00
-5.9618640649e-01
-1.5529586128e-01
-1.6332050447e-01
-1.9064963439e+00
1.6512765449e+00
8.4266824829e-01
2.6625730822e-01
9.8261963242e-01
2.4637908123e+00
-1.1326234429e+00
-1.5369107958e-01
-5.7795883656e-01
5.5042228982e-01
-8.7586771480e-01
-6.7150013631e-01
8.0274190201e-01
-8.9750101992e-01
1.9066069154e+00
5.9697063929e-01
7.1993534546e-02
4.8529961357e-01
1.1501421421e+00
-7.9599606620e-01
1.1968362014e+00
-1.1377972083e+00
1.5288001731e-01
4.6322923344e-03
1.4371884796e+00
-2.5697931322e-01
-2.5483299991e-01
-2.9289852917e-01
8.2738086733e-02
4.6222864680e-01
-5.9196928872e-01
7.9198746661e-01
1.9210035865e-02
-9.5983557705e-02
3.6138756665e-01
-1.1488171253e+00
2.7526756306e+00
3.9459252959e-02
-1.4513723101e+00
1.8302540774e+00
-2.2930098334e-01
-2.8987646125e-02
4.4443513088e-01
-7.1152504408e-01
-8.9087682531e-02
3.3012621724e-01
4.4204456136e-02
5.3110012613e-01
5.7609763167e-01
-2.2760326004e+00
4.8035813721e-01
2.5136809232e-01
-1.4153116517e+00
1.5420061957e+00
2.5768500329e-01
-2.0096237580e+00
7.7923022434e-01
1.0774308532e+00
-8.0906832034e-01
-1.4727998272e+00
-3.5305976190e-01
1.5827070137e+00
-5.8019966436e-01
-7.4678531057e-01
2.3331787239e-01
-2.3619087850e+00
-6.6010241114e-01
2.5600088254e-01
-5.4569959901e-01
3.8650804180e-01
-2.7483156680e-01
1.8380030612e+00
-4.6742910246e-01
8.9271734885e-01
-2.1593431508e+00
-8.8974906693e-03
1.5637229353e+00
1.5355978769e+00
1.1104455731e-01
-8.6526732576e-01
4.6831057495e-02
2.0631721623e+00
1.0417182638e+00
-2.2832116387e-01
2.8473199843e-02
-1.0912868348e+00
-2.3491125616e-01
-1.5095040259e+00
-1.4382658703e+00
-1.6086653175e-01
7.3821524960e-02
-4.5791175214e-01
7.7939594792e-02
6.1435424668e-02
-2.9647160052e-01
1.5199915018e+00
-4.1130498133e-01
9.8120262390e-01
8.9454733332e-01
-9.3725865959e-01
-4.6102520258e-01
7.6261984170e-01
9.4346953525e-02
9.5796991288e-02
-3.0547719809e-02
-1.3349318849e-01
4.9186164156e-01
-3.8854066700e-02
-8.2424175379e-01
-1.4499308760e-01
1.4589869759e+00
-1.5814281931e+00
4.3453959449e-01
-2.0765950127e-01
-9.2040569738e-01
9.1357551189e-02
-5.5170484095e-01
1.4706356193e+00
-5.5605027215e-01
-4.7806025815e-01
-2.1395702975e-01
1.2477753898e+00
9.2587280365e-01
-9.1681793338e-01
5.1284328574e-01
9.1812779465e-01
-9.1856430829e-01
-1.6774708293e+00
-4.7310270786e-01
-2.7819489297e-01
6.6333343342e-01
1.6311579552e+00
-1.8891024190e+00
-5.3897999092e-02
2.1251413366e+00
8.9706506108e-02
3.6031211972e-02
1.3001874636e-01
4.5399491217e-01
-5.0892498405e-01
1.6025700652e-01
8.9665399890e-02
1.2823366872e+00
8.3780768576e-01
1.4392060103e+00
-9.0355418453e-02
4.6016242768e-02
-5.0433395504e-01
-3.4923163261e-01
-1.8608293267e+00
2.1935030612e-01
-2.6113252036e+00
6.1486104449e-01
2.0192225119e-02
-1.3081754634e-01
-8.2465048488e-01
1.5524461982e-01
8.3502805039e-01
-2.9690865877e+00
-7.6731298062e-01
2.9627920940e+00
2.1214283631e-01
5.1595261244e-01
-1.1649783572e+00
4.1495397260e-01
1.3320085853e+00
-1.6968587576e+00
9.7310834884e-01
-1.2514399126e+00
-2.7881929380e+00
9.1901310767e-01
-6.5359401561e-01
-5.6365988245e-01
4.2196161222e-01
1.7953375578e+00
-4.2908240124e-01
-9.5210976376e-01
9.8419233094e-01
-6.0091544858e-01
5.1138571964e-01
-1.2525801378e+00
-5.5788329204e-01
-1.6379830800e+00
-2.8114431538e+00
-3.4394704943e-02
1.1958077013e+00
1.0077234009e-01
7.3137019735e-02
-3.3280147155e-01
-1.5240108559e-01
