9.3379201531e-01
1.1056726999e+00
-1.2933137070e+00
9.2189367701e-01
1.1092596282e+00
3.2337595111e-01
-6.1434956568e-01
1.1751148896e-02
-1.3596703957e+00
1.3187940336e+00
4.0072729429e-01
9.7033510640e-01
-8.4859855134e-01
-4.5852755601e-01
-7.6206931308e-02
1.7716296146e+00
-1.6945668430e+00
-1.6612189221e+00
-9.8771100483e-01
-1.3067291624e-01
1.0089584510e+00
-8.9799667033e-01
-8.2566342618e-01
1.3953557142e-01
-4.9981123156e-01
1.3288706297e+00
-2.3642091274e-01
1.1187886566e+00
1.3023116213e+00
-6.0283735507e-01
6.2685508861e-01
1.0528639907e+00
-4.0478418557e-01
1.6376985475e+00
1.2386899877e+00
2.5832376898e-01
1.5300440770e+00
-1.1853362029e+00
1.7560118304e+00
1.5009027575e-01
-1.9980480855e+00
7.2862632538e-01
-4.4311906290e-01
-8.1248965617e-01
-9.2597811132e-01
-1.0428134153e+00
1.6545867285e-01
-5.2516534236e-01
-1.1689250182e+00
-9.0930513142e-01
-4.8500740627e-01
1.0473862850e+00
1.7921327906e+00
1.6538657482e+00
1.1827077583e-01
-2.4401453507e-01
-5.4479677811e-01
-9.0083422839e-01
-8.3140598231e-02
-4.5162155309e-01
-1.8523404018e-02
7.6156987883e-01
-7.3012007392e-01
-2.4779191511e-01
9.5827064988e-01
-8.6401280120e-02
-3.1817925651e-01
2.5640064245e-01
-3.4360715862e-01
-2.1243832075e-01
-1.2911363668e-01
3.1546008060e-01
-1.0711444357e+00
1.1108710427e+00
-9.1173836360e-02
-6.5459380354e-01
2.2363625228e+00
6.7331213207e-01
5.6139158419e-01
-7.9791238887e-01
7.9370369335e-01
-1.8109934758e+00
-1.6539888189e-01
-1.6346260720e-01
2.1984012304e+00
-1.0678780983e+00
-2.2277524388e+00
5.9168966515e-01
3.4140638763e-01
3.5250848531e-01
1.9479655919e-01
2.3369694241e-01
-9.7635695822e-01
-5.5490122838e-01
-3.4245012623e-01
-3.4326163138e-01
1.1708395134e-01
-1.1979319610e+00
7.0298536528e-01
-2.7038299488e-01
-1.3214869304e+00
1.0431294559e-01
1.0106340929e+00
5.7859651475e-01
-1.7323725383e+00
-7.7703066055e-01
-1.4479148127e+00
2.5235702623e+00
6.0915858716e-01
-8.6656676668e-01
-6.2623826780e-01
1.0132516191e+00
2.9396834018e-01
-3.5133454305e-01
1.3499765266e+00
-1.2850448739e+00
-1.2220135027e+00
1.3922928248e+00
-1.0033655648e+00
-3.3913353319e-02
8.5917179772e-01
1.4480045706e+00
-1.0165370885e+00
-1.3910004335e-01
5.2322370011e-01
8.4077299340e-01
1.5540172522e-01
1.7154509235e-01
1.1333497705e-01
-6.6194575838e-01
-6.7990870696e-01
2.7028138541e-02
4.6643064781e-01
4.8512571895e-01
-6.2941398043e-01
-1.7405493936e-01
2.1062843871e+00
1.7985015262e+00
-1.7614206424e+00
-1.1493168373e-01
-7.6325748413e-01
7.8274581105e-01
-9.5180666624e-01
1.6079271384e+00
8.1346123552e-01
-1.4248499237e+00
6.0123652096e-01
-8.2100594302e-01
8.7010737115e-01
1.7431132619e-01
5.7610460436e-01
3.8156589622e-01
-3.8994108112e-02
-2.0257112402e-01
1.3630231373e+00
3.5632487581e-01
-1.6510019249e+00
1.2703633831e+00
-7.4002661104e-01
-1.3369353113e-01
1.0908198222e+00
-1.4759630608e+00
-6.1056018910e-01
1.7470482709e+00
-6.7945678962e-01
1.4968663823e+00
-7.8894003692e-01
1.2381081586e-01
-2.0941683670e-01
8.6290061562e-01
9.6480723418e-01
1.2019384946e+00
4.1482064493e-01
-7.2268311702e-03
6.0692924456e-01
-1.9312568980e+00
-3.7607283697e-01
1.5999630530e+00
-3.2631703764e-01
1.8627362603e+00
-7.2297455322e-01
1.6367444063e-01
1.0638932790e+00
-2.6356555546e-01
-1.5805038425e-01
-1.1468972839e+00
1.2971108843e+00
-6.5345731271e-01
-1.2455686714e+00
-2.8126459538e-01
-9.5852412985e-01
-6.6715852835e-01
7.1404886235e-01
1.9613537891e-01
3.6543217069e-01
-1.1499888568e+00
1.1277760984e+00
4.1343706982e-01
-8.5714427572e-01
-7.5511969794e-01
1.3708819902e+00
6.0307050580e-01
8.0393984592e-01
1.2175952413e+00
-4.2858938321e-01
6.1484124012e-01
1.4754735358e+00
4.9590336890e-02
-1.1720191937e+00
-1.5123992200e+00
-5.0742110247e-01
1.4463869670e-01
-1.5474342479e+00
-1.1936091805e+00
-9.3568974959e-01
5.5181077320e-01
7.6014487263e-01
-8.9443965500e-01
1.4353362255e+00
-4.7003290421e-01
1.2554230243e+00
-3.0674288728e-02
1.5404266088e+00
-6.1186348662e-01
2.5524780292e-01
8.6182728022e-01
1.8275113116e-01
-2.1308976619e+00
-1.6697249926e+00
3.1723657331e-01
-8.7727836742e-01
-1.4988810211e+00
1.6023948873e+00
3.9395870233e-01
7.6126210677e-01
1.1260583183e+00
6.3599738654e-02
-4.4039676634e-01
1.4412007172e+00
-1.8282288063e+00
9.2948752387e-01
-1.8837316562e-01
1.4585166511e+00
-1.8053328698e-01
-7.4378406462e-01
-8.1216434901e-01
-2.7989220824e-01
1.0142337998e+00
4.4222753252e-01
-8.6373658936e-01
4.9524391496e-01
-4.4811615721e-01
6.6496027735e-01
3.9260922464e-01
-1.1712560789e+00
-9.0461580545e-02
-1.8403420098e-01
1.7641914763e-01
-5.9355940805e-01
4.4005172543e-01
4.6501041951e-01
-3.2978766548e+00
-6.9141776188e-01
-4.0291160591e-01
-6.3044952228e-01
4.8425953063e-01
6.5864864772e-01
7.5279408936e-01
6.4023735943e-03
1.0422617687e+00
-9.1443148062e-01
6.6571216129e-01
4.6925603716e-01
-8.9596935749e-01
1.4621408231e-02
-1.0086412380e+00
9.4054144633e-01
-8.4603172129e-01
-1.8037554416e-01
2.4168731190e+00
7.2726813284e-01
8.9753578150e-01
1.0509892429e+00
2.3101184972e+00
7.2291966478e-01
5.1303291037e-01
7.3405016697e-01
-1.7153519025e-01
6.8646360056e-01
5.5365319488e-01
-1.2861511764e+00
-3.6692682542e-01
3.2510058837e-01
-4.3338291644e-01
-8.0582028102e-01
1.5822975615e+00
5.3671774725e-01
-1.2519231703e+00
7.0338605618e-01
-1.4022797257e+00
1.6387268023e+00
-3.3713916737e-01
1.0098638535e+00
4.9233086594e-01
-3.5256471713e-01
-7.2786023151e-03
2.1483050725e-01
-6.2708086236e-01
7.6625077114e-03
3.8291127996e-02
9.2985378574e-01
-4.5250898379e-01
-1.7602369015e-01
1.0625296226e+00
1.5217709520e+00
2.9512376800e-02
1.6781977592e+00
-1.9966103284e-01
1.1582334118e+00
1.0604783659e+00
1.7848093265e+00
1.1629185565e+00
-8.1883158286e-01
-3.4019394449e-01
1.1924262935e-01
-1.5097487931e+00
-6.5928564374e-01
1.9925604046e+00
1.0516209523e-02
-1.3880084500e+00
5.7581102329e-01
1.5639736875e+00
5.3690654264e-01
-1.0499295837e+00
-5.3551128824e-01
-4.6031540698e-01
4.0244155907e-01
4.8753548858e-01
-1.0328618722e+00
3.8864495386e-01
-1.1181864948e+00
-2.1706646072e+00
5.2087018852e-01
-1.1885086948e+00
-2.8090014133e-02
3.3315727931e-01
-2.9012079054e-01
-1.1354237252e+00
2.1670577751e+00
1.1559044579e+00
1.4698620969e+00
7.6361269079e-01
-8.2532682387e-01
-1.2632908110e+00
4.3813472411e-01
-1.3074457984e+00
2.4143094932e-01
2.2779116418e-01
7.6480903378e-01
-5.1151942654e-01
1.2295413313e+00
1.0765403725e+00
8.5017231744e-01
-5.1045464547e-01
2.2768839000e+00
1.1748790791e+00
4.8620246432e-01
9.9955607442e-02
-1.7644736140e+00
5.1704334812e-01
4.1702876991e-01
3.3369782989e-01
2.0260266106e+00
1.0182054337e+00
3.8933629167e-01
6.1448671154e-01
1.4910303555e-01
-5.3396301712e-01
-8.0040970744e-01
-8.9157753074e-02
6.7941379092e-01
-1.1758172813e+00
1.0868952541e-01
-3.5284220795e-01
1.0241175600e+00
4.9236645576e-01
-1.3101990293e-01
-1.4689092657e-01
5.9674917136e-01
7.1464312000e-01
1.5715879851e-01
4.2157800158e-01
8.3299957216e-01
-1.2159186200e+00
1.1213750247e+00
-8.3291656484e-01
1.0739197980e+00
3.3051771414e-01
1.2553483090e-01
-1.3853318326e+00
1.1169282406e-01
-1.5454335850e-01
1.1539963973e+00
1.3463021938e+00
-1.0720908452e+00
2.8917803534e-01
-7.7532526878e-01
8.6214655651e-01
4.7752100284e-02
-9.6432964281e-01
8.9635077798e-01
-8.7959543382e-01
5.0512260960e-02
-2.4440563662e+00
-6.4302090670e-01
-1.1517443288e+00
2.6474853407e+00
-1.4738719230e+00
1.0766738318e+00
6.0812847642e-01
1.4648611656e+00
5.1713638688e-01
-7.5389882348e-01
1.2664623406e+00
-1.5366941927e+00
-5.6128266895e-02
-4.7862203896e-01
-1.4116225551e+00
-1.0626128054e+00
1.3188997829e+00
-1.1316787461e+00
5.7971414848e-01
6.7713868978e-01
-4.2846965989e-01
-4.4421921207e-01
1.4577657131e-01
1.7403736923e+00
-5.7298674270e-01
1.6245233925e+00
-4.8299426147e-01
1.0988604978e-01
6.6281755748e-01
-5.9215541838e-02
1.6974521648e-01
1.6605767156e+00
7.4324801746e-01
-1.1080239157e-01
4.3993845847e-01
2.0343104638e-01
-1.3374610148e+00
-4.6483886712e-01
-1.2386970678e+00
1.1783948346e+00
-6.3669029676e-01
5.2266587515e-01
6.2898008691e-01
1.6231586257e+00
-2.8056133022e-01
-4.1916452152e-01
1.2329598537e-01
-1.1502185904e+00
-8.1622569124e-01
-2.1319093629e-01
1.0147819770e+00
4.5088351570e-01
-5.9858644546e-01
8.4148947257e-02
2.2144846081e-01
1.1580726719e+00
1.6652168856e-01
6.0088363441e-01
2.7034825775e-01
-1.1513800808e+00
-1.9950730774e-01
2.6355706617e+00
5.5353352430e-01
6.6570105503e-01
-2.7751644760e-01
1.5628263354e-01
-7.8357348532e-02
-3.8180251983e-01
-1.1267812752e+00
-1.5200348806e+00
-4.7386903446e-01
-1.0620462562e+00
1.3881006311e+00
-6.9603629729e-01
-9.4886977564e-01
5.2399117971e-01
4.2780928247e-01
2.9650360667e-01
2.6715941119e-01
-1.1135701655e+00
-9.2708290694e-01
-3.8860272079e-01
9.2603739151e-02
-1.4950254907e-01
1.5903948013e+00
-1.3126670450e+00
1.7186490157e+00
-6.5987793818e-03
1.9229342449e-01
-7.6605941054e-01
1.5779893978e+00
4.4250099111e-01
-6.1770543553e-01
-7.6133176661e-02
1.3835520200e+00
1.9221322044e-01
-7.1024536533e-01
9.9735702511e-02
-7.3412817392e-01
1.2012210814e+00
-1.2048052865e+00
-4.0557399459e-01
5.0368394478e-01
-2.6949202112e-01
-5.9967247427e-01
-2.3735447401e-01
-1.9460901215e-01
3.7624529646e-01
8.0501338523e-01
2.3385112595e-02
1.0919771275e+00
3.6179500287e-01
-1.1646612252e+00
-1.3735067508e-01
4.6703698188e-01
1.1222191244e+00
-1.9529051281e-01
-9.8470136563e-01
-2.9232549643e-01
4.1996501551e-01
4.8792548655e-01
1.6969317619e-01
9.8297405517e-01
7.5377063422e-01
-3.2542333832e-01
2.0370515303e+00
1.0366248329e+00
