-4.0901505904e-02
-5.4425778094e-05
4.9458444810e-02
-3.0995103129e-02
-1.1929303271e-02
-2.8787167800e-02
6.0107481096e-02
-1.7007977321e-02
-6.6049551806e-02
-5.1013974422e-02
-3.3473014855e-02
3.7531558590e-02
7.0991008257e-03
9.4384279273e-02
2.1281254381e-02
3.8071696765e-02
-9.6156154136e-02
4.4959569372e-02
-2.0552808222e-02
-5.6223947059e-02
-4.0352864357e-02
-9.9632304031e-03
2.4310054997e-02
-3.5659968420e-02
2.9680256410e-02
-2.7316047598e-02
-4.1649447443e-03
-3.5832276153e-02
9.4346252490e-03
-3.5685181233e-02
-6.1394759524e-02
1.7367912812e-02
-3.2847204257e-02
-3.6375118609e-02
1.5096414467e-02
-5.2401165178e-02
2.2891183111e-02
-7.0361695558e-02
-2.0100609365e-02
-1.8916895360e-02
1.5198389491e-02
-1.2931115527e-01
1.9880101465e-02
1.7342361761e-02
8.5098103075e-03
-3.6872744703e-02
6.1021224461e-02
5.9246446436e-02
-6.2278334137e-02
-1.6782507395e-02
1.0090874071e-02
-3.2023506724e-02
8.0231509435e-02
-3.2717450740e-02
1.3686302293e-02
-5.8205934266e-02
9.9393011407e-03
1.2826200197e-02
4.2419331545e-02
-7.1773310911e-02
-9.8785372955e-03
-1.0131487117e-02
1.4679582631e-02
3.8726537497e-02
-3.4089961031e-02
-1.4279316281e-02
5.1510942971e-02
9.6164558552e-02
2.8415480435e-02
2.7860358612e-03
-4.5763348877e-02
-5.4448351413e-03
1.2152411441e-02
-4.1552745045e-02
-5.4062719504e-02
-2.7030796898e-02
7.5825839138e-02
-6.7409295352e-02
-7.5923837055e-02
-5.3208298506e-02
-8.9872620066e-03
-4.9823515580e-02
-1.7048169763e-03
2.9274792811e-02
-5.2846602417e-02
-8.2383910292e-02
-1.0802266644e-01
1.0584814840e-04
7.7248211715e-02
-1.3452385573e-02
-1.5522743898e-02
-4.5171602554e-02
-1.4861951745e-02
-2.3084824414e-02
-6.3436827540e-02
-3.9325973102e-02
9.0478249319e-03
1.4512791330e-02
1.7576829940e-03
-5.1776989877e-02
2.1931132594e-02
5.6708230248e-02
-4.4687695224e-02
5.9086087712e-02
8.9059364067e-02
4.2842079310e-02
8.2832129091e-03
-8.1537942081e-03
-8.4730972707e-04
8.6521174637e-03
-1.6905288749e-02
-2.4099328557e-02
-4.4339552358e-03
-1.2371415406e-02
-1.8208111574e-02
-3.0014639190e-02
1.0585956406e-01
5.3577038899e-02
-3.9304080599e-02
-4.7373780980e-02
1.4195779759e-01
6.0558495038e-02
-1.2000072914e-01
6.8943825675e-03
-8.2426343544e-03
-1.8726917602e-03
1.0671139578e-02
-1.8969151888e-02
8.6041618202e-02
8.3811735806e-02
-3.7645568311e-02
2.0755826009e-02
4.6880507627e-02
7.2016675897e-02
-3.0603540286e-02
4.5692784326e-02
-4.4807876951e-02
5.2388539580e-02
-4.2315951090e-02
-7.9322535205e-02
5.0366041269e-02
-3.1287161693e-03
6.9891172351e-02
-3.2158314370e-02
-2.0522939506e-02
-3.3989851843e-02
-4.0158146426e-02
1.2316396016e-01
7.9944489130e-02
-4.9025753239e-02
3.6237279749e-02
6.5152399042e-03
2.1642427881e-02
-8.6378457741e-02
1.9990831635e-02
-3.5870871943e-02
7.4881243586e-02
-6.3894987019e-02
-1.0296915533e-02
2.5151828658e-02
-2.0472179905e-02
-3.6756939595e-02
-2.0305729354e-02
-4.2247202035e-02
7.6298434889e-03
-1.8641031140e-02
7.8722112630e-02
1.4974968028e-02
2.6974065611e-02
-2.2488271763e-03
-9.2643602175e-02
-3.4858376309e-02
2.9075989036e-02
-2.9354904958e-02
2.7127329298e-02
-8.6143977214e-02
1.6854712417e-02
2.9738070008e-02
-8.8626412635e-03
-7.3863212083e-02
6.6812364181e-02
-5.5986122743e-02
6.2399883917e-02
1.9392928427e-02
-9.8476202376e-03
4.2081735801e-02
-8.1979196053e-02
-6.9493168209e-03
1.8030555847e-03
8.1727482358e-02
-7.0325924519e-02
2.5046938893e-02
2.3393773080e-03
-6.0660805847e-02
6.8396025772e-02
-7.4239616260e-02
-8.5539411237e-03
7.2487636886e-02
-1.6939146330e-02
-3.5032759334e-02
-1.7527793155e-02
-3.6380622483e-02
-5.2526136024e-02
-5.0143125062e-02
-7.2901104484e-02
6.3225504637e-02
-2.1228135323e-02
2.3937381853e-02
-7.2078705164e-05
9.9048609073e-02
-9.3204438152e-02
2.7626997989e-02
-1.4300533699e-02
-7.5505482597e-02
4.9902203081e-02
2.3065948832e-02
8.0653168894e-02
-1.4017393768e-05
1.8978998622e-02
1.5102231609e-02
-1.3272999616e-02
2.1290338325e-02
3.2546782000e-02
7.6002754199e-02
-1.9672707867e-02
-7.2688670249e-03
-8.0687900254e-03
-3.3528729377e-02
6.4698747691e-02
-1.5642948614e-02
1.3285417024e-02
1.1400658475e-02
-4.1483450830e-02
3.9969721315e-02
3.4864548050e-02
2.2523473046e-02
2.0115562603e-02
-4.4554917791e-02
3.8138242505e-03
-5.9331275830e-03
3.5090201215e-02
-2.9781080198e-02
-3.5919454772e-02
7.9190203322e-02
6.7917632991e-02
-1.7853136139e-02
1.3682392174e-02
-2.2723757836e-02
5.0269545057e-02
5.5583946325e-05
8.0524763264e-03
7.7834569833e-02
-4.7785519386e-02
7.6123599150e-02
-4.6940867899e-02
8.7948688497e-02
-4.2860116194e-02
8.2781002344e-02
1.7736844955e-02
1.6600595095e-02
5.5503285433e-02
4.8340128728e-03
-3.1542913008e-02
1.7518696434e-02
-3.7190654992e-02
-1.1303304621e-04
-2.2177707009e-02
2.7165428133e-02
-3.5057267736e-02
4.3989868183e-02
2.2093591841e-02
-1.5708185969e-02
4.5792466058e-02
7.4871330950e-05
2.3110016801e-02
-6.7045988501e-02
-5.7063840152e-02
-1.0812790857e-05
-1.7892822554e-02
-3.7807502029e-02
7.2521910851e-02
6.6774894573e-02
5.4459068505e-02
4.7778210394e-02
-7.7780307450e-02
-1.0516352375e-02
2.2083090621e-02
4.4919823821e-03
1.1969878386e-04
-5.8679060974e-02
4.9917916832e-02
9.0350765072e-02
-5.7922007061e-02
4.7051446304e-02
3.7025690219e-02
-3.8815820881e-02
2.4322084219e-02
-3.5098760889e-02
8.3317721481e-03
1.5830546639e-02
-3.6539021408e-02
-4.9650978092e-02
-7.9117955963e-03
8.2495749993e-02
-2.6474742864e-02
-2.8428485713e-02
1.3635509709e-02
-9.9057608028e-02
4.2103651720e-02
-7.2144152473e-02
-1.9950764395e-02
-5.0419324684e-02
2.9139396298e-02
1.4393970385e-02
5.6172919565e-02
-3.6355237087e-02
-2.5987001318e-02
7.2045752918e-02
2.8109130929e-02
2.4774907314e-02
-4.3857061502e-03
2.1467022236e-02
-1.6646731951e-02
7.2783856031e-02
6.3396692014e-02
3.9986676542e-02
-2.7975068000e-02
7.6468871042e-02
3.6083132587e-03
9.2709150702e-02
6.4778391757e-02
1.7600255968e-02
-9.1272656089e-02
-8.3939347615e-03
-7.2870127276e-02
-7.4318406436e-02
-8.0369729328e-03
5.2525407731e-02
-3.0255777131e-02
4.9450073431e-02
2.4426758442e-02
3.1157148946e-02
6.3642972279e-03
-1.3742761740e-02
-1.8655913897e-02
-6.8974883160e-02
-6.8411052231e-02
-1.5442093920e-02
-8.7267657774e-02
-2.4295589448e-02
8.5942039169e-03
-7.5465910564e-02
7.0564493019e-02
-9.1488148437e-02
-2.3432263884e-02
2.8460865085e-02
-7.8634272294e-02
9.4726136387e-02
1.8399999576e-02
1.1364901911e-02
-2.5575338002e-02
3.5384935888e-02
2.4859731985e-02
-2.7060538799e-02
-3.3964523369e-03
6.8850335166e-02
9.7573468085e-02
-1.0490436512e-02
-4.7284732132e-02
-5.0998317094e-02
-7.3158200953e-03
5.6753254376e-02
-6.9475954709e-03
-7.1740994647e-02
-8.1794479611e-03
4.1908606670e-02
-8.0842160079e-02
-1.1974431374e-01
2.6203913635e-02
1.1320421947e-01
-9.7669385389e-03
1.2808732933e-01
-2.9864872542e-03
3.4493891206e-02
-5.2492623037e-02
-4.1290938780e-02
-3.9294391134e-02
2.9130233123e-02
-3.1515108529e-02
-3.5885616102e-02
-4.4168766734e-02
-6.4745398838e-03
2.5215546055e-02
2.4778310545e-02
-4.8575767260e-02
-4.2651514422e-02
-8.2330421691e-03
-1.1616124920e-02
-2.6190223021e-02
-4.0953954696e-02
2.1859468462e-02
7.1752184746e-02
3.8615014544e-03
-3.6317352935e-02
4.2748644461e-02
1.8746521699e-02
4.6420988667e-02
-1.3654925865e-01
-2.4106085950e-02
2.6833464001e-02
1.3247916095e-01
5.1826169800e-02
9.2308911715e-02
-1.8169512560e-02
-1.6429776240e-02
-4.0266080012e-02
-4.0358576543e-02
-5.5122584694e-02
-7.3257673959e-03
-3.7542311495e-02
1.0738609700e-02
1.0668136965e-01
-6.1518517297e-02
7.2677170766e-03
5.1121385969e-02
-4.4705739182e-02
2.0610612728e-02
-5.2625210000e-02
1.4947122597e-02
-4.2530439727e-02
-1.7522496747e-02
-1.0074850605e-02
-1.1643641258e-01
1.3325669057e-04
4.0995700191e-02
-4.5177681492e-02
-4.1308202540e-05
1.2036817111e-04
-4.0634479700e-02
-3.7641662311e-02
-5.9348536478e-02
-6.9007237276e-02
-2.5685988906e-02
-6.0997656196e-02
-5.6993200003e-04
1.2142163820e-01
2.5700640121e-02
-1.2944529334e-02
-1.7697112680e-02
6.9159024647e-02
-4.3525386077e-02
-3.2272743793e-02
-1.0307842047e-02
-3.5033199109e-03
3.4122434132e-02
6.6694384220e-02
8.1625974319e-03
-2.7117592816e-02
-5.3153648425e-02
-1.0516878908e-02
2.3368821270e-02
1.4997384104e-02
6.6738321478e-02
4.1590092660e-02
2.4766808643e-03
-1.5911588569e-04
-9.6430884698e-03
6.5387946287e-02
-7.0595220164e-02
6.1867987642e-02
-2.3144317351e-03
4.1256146600e-02
7.5239274574e-03
1.2301037794e-02
1.0727109602e-02
3.7243711982e-02
-1.4348625446e-01
5.3193369250e-02
-3.7293873277e-02
-8.5773344666e-02
5.8764590362e-05
-4.1131754817e-02
-2.0288033923e-02
1.7063800164e-02
1.4013015155e-01
-5.9760726895e-02
4.8120092472e-03
-6.2736873580e-02
3.9543467156e-02
5.5976370716e-02
5.5443955626e-02
-2.9511168246e-02
-8.2866586497e-02
6.3038505155e-02
-2.9887381899e-02
1.2277219422e-02
-3.7653605509e-02
-2.2828360079e-04
2.9482463274e-02
-1.1382305414e-02
-2.6206659219e-02
2.0756800152e-02
3.3176638349e-02
5.1561827501e-02
-4.8438071853e-02
5.1763670975e-02
5.9323976815e-05
5.3477756498e-02
-4.7048272227e-02
9.0446447278e-02
7.5408248736e-02
5.7847687858e-02
-2.3354251229e-02
-2.1249696082e-02
-8.1874267501e-05
-2.6773761930e-02
5.1013535777e-02
8.6887075510e-02
7.3576773042e-02
2.0670086966e-02
4.8770854472e-02
-4.8065827689e-02
-5.5043221427e-02
-2.2775703843e-02
-3.0855632411e-02
7.0511586356e-02
2.1008670888e-04
-4.6592082305e-02
4.8544074472e-02
3.6242484292e-02
-4.5783901729e-02
-6.0131637326e-03
1.3203159943e-01
2.2891752968e-03
-1.0146133349e-02
1.3619804993e-02
5.0719582901e-02
1.5990516285e-02
6.5624574078e-03
8.8173804358e-05
