-2.6026975738e-01
-1.6329801893e-01
-3.1117188030e-02
-1.0836182961e-01
2.5455903382e-01
1.4641653711e-01
-7.4982883008e-02
-2.8205469652e-02
1.3981326953e-01
-2.9336791356e-01
-3.2306618096e-01
-9.6077686925e-02
8.1041277209e-02
2.4723214515e-01
-1.0742554879e-01
1.8026522142e-01
8.3712921624e-02
-2.1382721286e-01
-1.6860680488e-01
7.5309350704e-02
-1.7728762288e-01
-2.9107131562e-01
2.8207366144e-01
1.4456496556e-01
1.7864552092e-01
4.9093158084e-02
1.8676791444e-01
1.6710395026e-01
7.1473506313e-02
2.9475642318e-01
2.3779617530e-01
2.1835835185e-01
5.5516878308e-02
3.1312999687e-01
-1.8911181989e-01
-9.8933692161e-02
1.4091325434e-01
-1.4599249708e-01
7.6185485533e-02
-5.9228724117e-02
1.4432445008e-01
4.8412984395e-02
-2.0642531587e-01
8.3262728088e-02
-3.0792625696e-01
-4.1227994803e-02
5.8745619828e-02
1.1600065214e-01
-1.1147953817e-01
-1.1405112252e-01
1.3305842284e-01
-2.8603239522e-01
-6.3422667026e-02
1.9633383802e-01
2.4961413291e-01
2.7764400729e-01
1.7725429025e-01
-1.6143123120e-01
1.7977426791e-01
-1.4966342886e-01
3.5658294456e-02
-1.7214567257e-01
2.2160225004e-01
3.0060913492e-01
2.7986310274e-01
1.7827722630e-02
2.7264410979e-01
-1.8478896269e-01
-7.0455244143e-02
1.3440987195e-01
-3.5187117178e-01
-2.9943452199e-01
-5.4447758816e-02
1.2633970158e-01
1.0451771614e-01
1.6374114207e-01
-1.0956254935e-01
-9.3108530101e-02
1.3241830943e-01
7.0246337104e-02
-2.9901308990e-01
-2.8540363566e-01
-2.6877397259e-01
1.9205124050e-01
