1.7183567699e-01 -1.0564338755e+00 -1.0734500121e+00 4.4295571628e-01 -3.8293144984e-01 5.8326211559e-01 2.4829860882e-01 4.3306974701e-01 1.0794453963e-01 -3.2037354262e-01 1.4694308405e-02 1.0231641857e+00
-1.1223129865e-01 -3.8128907985e-01 -1.8244373999e-01 2.7929175535e-01 -1.0028128002e-01 3.6974833824e-01 -3.8483910822e-03 -2.1575350136e-01 -3.7017678893e-01 4.9848173749e-01 -5.2427492152e-01 -1.0897068035e-01
-2.1287174140e-01 5.1998168544e-01 1.2755679531e-01 -3.4536521356e-01 -6.7527159574e-01 4.5821923896e-02 2.3474810742e-01 -8.4346785015e-03 5.7340626403e-01 -1.0243504758e-01 5.7331981494e-02 -3.5315314256e-01
-5.6330736363e-01 -4.9149870224e-02 1.5268090572e-01 7.7585182946e-01 -1.2469315050e+00 -4.5025703869e-01 -3.9826657528e-01 -2.6809108201e-02 6.9725698185e-01 -4.6214784542e-01 -4.4904720886e-01 -7.0425060448e-01
-7.2787444477e-01 6.7358329718e-01 1.6169087675e-01 2.4987066676e-01 -4.4512740968e-01 -9.1131570196e-01 -2.8883458692e-01 -5.7279047861e-01 2.7754856231e-01 -1.9979771184e-01 -2.8512024770e-01 -8.4807640164e-01
1.2833975736e-01 -4.0626360602e-01 1.1166508838e+00 -8.4293153272e-01 1.2193901881e+00 6.1748466780e-01 -1.7002196057e-01 4.6247481734e-02 -7.6549193733e-01 6.6102509191e-01 5.3860973944e-01 1.1242391925e+00
5.8346600366e-01 -7.2767494865e-02 -1.4912520642e-01 5.1384236830e-01 1.6074549341e-01 -2.4525729762e-01 -2.1948148054e-01 -1.6561916004e-01 -9.3755802314e-01 1.8842173780e-01 2.3872735925e-01 -1.6207493418e-01
1.7175688893e-01 -8.1490263710e-01 5.9334280163e-01 -6.1261140484e-01 1.1678964118e+00 2.4327459081e-01 1.2217661826e-01 -2.1286365967e-02 -3.3744241766e-01 6.0419374686e-01 3.6639153192e-01 5.7522034963e-01
-9.0082489777e-01 2.0020576445e-01 2.6515244355e-01 2.3312445482e-01 6.0401682675e-01 -5.0001656976e-01 -4.5360377500e-01 1.5436233232e-02 -2.2974621760e-01 3.9439262404e-01 1.5260819924e-01 7.0356900302e-02
-1.2665210225e-01 -1.7158423829e-01 1.7684379231e-01 -4.5110947110e-01 2.8808152518e-01 -3.8748661798e-01 1.9165711988e-01 -2.0233102787e-02 5.4658777795e-01 1.3129124386e+00 5.8488295239e-01 -5.5819535505e-01
5.0958484038e-01 -1.3337712518e-01 6.5049716127e-01 4.5169442240e-01 1.0766184535e+00 3.8931555369e-01 -3.3268241454e-01 -3.1562644090e-02 -6.5600019633e-01 -2.5261462331e-02 -5.1462113824e-01 1.2324380983e-01
1.6770092975e-01 1.7820531242e-01 -1.0250362262e+00 6.6235671044e-03 -1.0960630622e+00 -6.4715232530e-01 2.5287447976e-01 3.8330635052e-01 -1.6527837285e-01 -3.8289401924e-01 3.3542044885e-01 -1.3698778808e+00
