-4.0922903489e-02
4.8321178385e-01
-1.5653607590e+00
-7.8231435774e-01
-1.5941082250e+00
-7.6547752229e-01
-2.2192465747e+00
1.8826875226e+00
6.0625381290e-01
1.1871228936e-01
-6.9809275054e-02
1.8116483959e-01
-1.2425757222e+00
2.3920507442e-01
-1.5862230484e+00
-7.2881757650e-01
7.1598485392e-01
9.7939339876e-01
-5.0904108989e-01
5.5428498637e-01
3.2680150721e-01
1.6819474144e+00
1.6027424257e+00
-2.7708535667e-01
-4.5097659616e-01
1.0222857604e+00
1.7553495027e-01
-4.2570544243e-01
-5.0166753778e-01
3.1982604345e+00
-6.4655998404e-01
4.9936967551e-01
1.1152629295e+00
5.7793923568e-01
-9.5855238947e-02
-3.7726217805e-01
8.5880573408e-01
1.4253491638e-02
1.1177732961e-01
1.8741427080e+00
-4.0112886066e-01
1.5655153316e+00
-1.1425395843e+00
1.0785369438e-01
2.2252331931e-01
-1.9888923191e-02
1.5526057186e+00
-1.9608490866e+00
8.2529855151e-01
9.8354589887e-02
3.6363340295e-03
-1.2340469470e+00
-5.8465955734e-01
-3.3145050466e-01
9.5638294769e-01
-4.9724608749e-01
4.8731514824e-02
-2.0151272637e+00
6.6478231407e-01
7.5774508302e-01
5.2218517641e-01
2.1583135006e-01
-5.4683409120e-01
-5.7896913420e-01
-3.8460807320e-02
-1.7733870868e+00
3.4377246673e-01
6.5120631741e-01
-1.7049508584e+00
5.1906012000e-01
-4.3848662372e-01
-1.0502601238e+00
-8.7878991062e-01
2.2754288276e-01
1.4799832142e+00
-7.4069953340e-01
-1.9895464950e-02
1.4900919893e+00
1.6832764422e-01
2.4320598281e-01
5.5740359914e-01
6.0335148049e-01
5.3702049609e-01
1.2764336549e-01
