# loss | a0 ... a9
3.026498e+03	-3.703704e-01	-7.037037e-01	8.296296e+00	4.888889e+00	0.000000e+00	4.666667e-01	2.777778e-01	-7.777778e-01	9.740741e+00
6.906936e+02	-5.203704e-01	-8.537037e-01	8.446296e+00	4.738889e+00	0.000000e+00	3.166667e-01	1.277779e-01	-6.277778e-01	9.890741e+00
8.766351e+02	-6.995797e-01	-1.045280e+00	8.642276e+00	4.560468e+00	0.000000e+00	1.223927e-01	-7.402377e-02	-4.295757e-01	1.008042e+01
7.996610e+02	-7.976110e-01	-1.089912e+00	8.672015e+00	4.634297e+00	0.000000e+00	1.737679e-01	-2.264648e-01	-2.745065e-01	1.020903e+01
6.064584e+02	-8.466823e-01	-1.097158e+00	8.645288e+00	4.736740e+00	0.000000e+00	2.426555e-01	-4.000360e-01	-8.172904e-02	1.025411e+01
4.728972e+02	-8.843291e-01	-1.102601e+00	8.623581e+00	4.826760e+00	0.000000e+00	3.065401e-01	-6.161633e-01	1.474811e-01	1.029208e+01
3.473747e+02	-8.853213e-01	-1.082092e+00	8.626822e+00	4.895948e+00	0.000000e+00	3.881404e-01	-8.615844e-01	3.989566e-01	1.030626e+01
2.190812e+02	-8.369567e-01	-1.007905e+00	8.677684e+00	4.893181e+00	0.000000e+00	5.047817e-01	-1.065854e+00	6.292454e-01	1.024977e+01
3.593203e+02	-7.825462e-01	-9.407444e-01	8.714512e+00	4.900101e+00	0.000000e+00	6.076730e-01	-1.154233e+00	8.846510e-01	1.020088e+01
2.814180e+02	-7.856851e-01	-9.740670e-01	8.627259e+00	5.007251e+00	0.000000e+00	6.015639e-01	-1.213938e+00	1.056020e+00	1.025281e+01
2.431713e+02	-7.911798e-01	-1.008215e+00	8.543487e+00	5.105966e+00	0.000000e+00	5.932120e-01	-1.271805e+00	1.202184e+00	1.030421e+01
2.144058e+02	-7.881854e-01	-1.039174e+00	8.461262e+00	5.197175e+00	0.000000e+00	5.838332e-01	-1.384999e+00	1.170942e+00	1.035118e+01
2.159231e+02	-7.819355e-01	-1.069866e+00	8.386454e+00	5.283204e+00	0.000000e+00	5.729810e-01	-1.479955e+00	1.148483e+00	1.039398e+01
2.187516e+02	-7.551375e-01	-1.090638e+00	8.323221e+00	5.361760e+00	0.000000e+00	5.675589e-01	-1.575790e+00	1.114853e+00	1.043009e+01
2.117125e+02	-7.124852e-01	-1.097154e+00	8.267922e+00	5.433363e+00	0.000000e+00	5.704635e-01	-1.672187e+00	1.072592e+00	1.042780e+01
1.975305e+02	-6.619080e-01	-1.106215e+00	8.211293e+00	5.503599e+00	0.000000e+00	5.673388e-01	-1.683308e+00	1.111051e+00	1.043265e+01
1.810814e+02	-6.129048e-01	-1.108322e+00	8.177198e+00	5.570532e+00	0.000000e+00	5.727077e-01	-1.666339e+00	1.176975e+00	1.042421e+01
1.798589e+02	-5.710096e-01	-1.108978e+00	8.144894e+00	5.623524e+00	0.000000e+00	5.759986e-01	-1.701461e+00	1.161961e+00	1.041566e+01
1.833768e+02	-5.422628e-01	-1.108530e+00	8.127460e+00	5.676234e+00	0.000000e+00	5.815482e-01	-1.714036e+00	1.167504e+00	1.039211e+01
1.838506e+02	-5.373053e-01	-1.113462e+00	8.142526e+00	5.735547e+00	0.000000e+00	5.866562e-01	-1.722905e+00	1.173728e+00	1.036447e+01
1.763554e+02	-5.630218e-01	-1.128155e+00	8.185840e+00	5.794029e+00	0.000000e+00	5.873634e-01	-1.728736e+00	1.179316e+00	1.033967e+01
1.734107e+02	-5.812949e-01	-1.140961e+00	8.225785e+00	5.845080e+00	0.000000e+00	5.887935e-01	-1.720044e+00	1.198035e+00	1.031732e+01
1.701975e+02	-5.885884e-01	-1.152212e+00	8.257755e+00	5.891179e+00	0.000000e+00	5.891829e-01	-1.675460e+00	1.254681e+00	1.029490e+01
1.670924e+02	-5.834350e-01	-1.169668e+00	8.273058e+00	5.929593e+00	0.000000e+00	5.782580e-01	-1.634283e+00	1.307020e+00	1.028249e+01
1.655828e+02	-5.655880e-01	-1.179828e+00	8.280286e+00	5.966095e+00	0.000000e+00	5.718173e-01	-1.583961e+00	1.367714e+00	1.025475e+01
1.632077e+02	-5.549594e-01	-1.191899e+00	8.284917e+00	5.995745e+00	0.000000e+00	5.617267e-01	-1.613753e+00	1.333567e+00	1.023307e+01
1.712142e+02	-5.567026e-01	-1.205891e+00	8.304605e+00	6.030106e+00	0.000000e+00	5.521996e-01	-1.653394e+00	1.288930e+00	1.021133e+01
1.651808e+02	-5.374560e-01	-1.206280e+00	8.310019e+00	6.060310e+00	0.000000e+00	5.549439e-01	-1.694217e+00	1.243679e+00	1.018361e+01
1.608441e+02	-5.163657e-01	-1.203744e+00	8.310523e+00	6.089268e+00	0.000000e+00	5.591707e-01	-1.730333e+00	1.203407e+00	1.015167e+01
1.604202e+02	-4.919824e-01	-1.199722e+00	8.307747e+00	6.114641e+00	0.000000e+00	5.642188e-01	-1.762027e+00	1.167165e+00	1.012188e+01
1.658389e+02	-4.651982e-01	-1.193962e+00	8.299403e+00	6.137798e+00	0.000000e+00	5.692267e-01	-1.787674e+00	1.137179e+00	1.008439e+01
1.771051e+02	-4.382836e-01	-1.188843e+00	8.297638e+00	6.158509e+00	0.000000e+00	5.749970e-01	-1.810395e+00	1.110299e+00	1.004660e+01
2.038951e+02	-4.012800e-01	-1.184132e+00	8.290938e+00	6.164249e+00	0.000000e+00	5.809162e-01	-1.825657e+00	1.090081e+00	1.001601e+01
2.009693e+02	-3.835725e-01	-1.193564e+00	8.301745e+00	6.156567e+00	0.000000e+00	5.736165e-01	-1.831968e+00	1.078149e+00	9.996321e+00
1.953322e+02	-3.641079e-01	-1.206188e+00	8.308407e+00	6.140575e+00	0.000000e+00	5.617954e-01	-1.848512e+00	1.055178e+00	9.979652e+00
1.709686e+02	-3.685466e-01	-1.227829e+00	8.345052e+00	6.128187e+00	0.000000e+00	5.452429e-01	-1.851037e+00	1.047740e+00	9.969050e+00
1.600367e+02	-3.705233e-01	-1.242876e+00	8.374084e+00	6.126243e+00	0.000000e+00	5.344576e-01	-1.822088e+00	1.074921e+00	9.954328e+00
1.580659e+02	-3.688821e-01	-1.257531e+00	8.408590e+00	6.118198e+00	0.000000e+00	5.262672e-01	-1.785648e+00	1.107550e+00	9.941190e+00
1.557987e+02	-3.666971e-01	-1.269033e+00	8.447773e+00	6.114549e+00	0.000000e+00	5.233963e-01	-1.732616e+00	1.155416e+00	9.926904e+00
1.485609e+02	-3.683274e-01	-1.280441e+00	8.501062e+00	6.118566e+00	0.000000e+00	5.239560e-01	-1.665005e+00	1.216922e+00	9.911681e+00
1.473908e+02	-3.883131e-01	-1.291879e+00	8.579070e+00	6.137403e+00	0.000000e+00	5.316435e-01	-1.604832e+00	1.270859e+00	9.895702e+00
1.426708e+02	-4.039319e-01	-1.293369e+00	8.644361e+00	6.166379e+00	0.000000e+00	5.488171e-01	-1.551421e+00	1.318328e+00	9.876434e+00
1.413452e+02	-4.103811e-01	-1.287449e+00	8.694942e+00	6.203240e+00	0.000000e+00	5.704880e-01	-1.503201e+00	1.361100e+00	9.851853e+00
1.447249e+02	-4.084478e-01	-1.278033e+00	8.730036e+00	6.238023e+00	0.000000e+00	5.924202e-01	-1.467256e+00	1.391582e+00	9.826265e+00
1.475868e+02	-4.027102e-01	-1.269186e+00	8.753029e+00	6.266799e+00	0.000000e+00	6.096355e-01	-1.472419e+00	1.380044e+00	9.801052e+00
1.507579e+02	-4.026974e-01	-1.266859e+00	8.785191e+00	6.289843e+00	0.000000e+00	6.211585e-01	-1.475312e+00	1.370546e+00	9.778275e+00
1.510042e+02	-3.981921e-01	-1.264946e+00	8.809549e+00	6.306539e+00	0.000000e+00	6.300981e-01	-1.500313e+00	1.339341e+00	9.757967e+00
1.457548e+02	-4.080686e-01	-1.271084e+00	8.848906e+00	6.317627e+00	0.000000e+00	6.331737e-01	-1.521858e+00	1.311815e+00	9.740168e+00
1.412613e+02	-4.145279e-01	-1.276703e+00	8.882806e+00	6.325125e+00	0.000000e+00	6.356177e-01	-1.541191e+00	1.287039e+00	9.724177e+00
1.411671e+02	-4.152545e-01	-1.278107e+00	8.905068e+00	6.334818e+00	0.000000e+00	6.393317e-01	-1.557264e+00	1.265682e+00	9.707091e+00
1.367597e+02	-4.287318e-01	-1.292345e+00	8.933715e+00	6.334532e+00	0.000000e+00	6.288505e-01	-1.571532e+00	1.246591e+00	9.694198e+00
1.449334e+02	-4.443944e-01	-1.314110e+00	8.963563e+00	6.326794e+00	0.000000e+00	6.097498e-01	-1.581694e+00	1.232014e+00	9.684906e+00
1.616436e+02	-4.538631e-01	-1.331065e+00	8.985907e+00	6.320973e+00	0.000000e+00	5.943808e-01	-1.589302e+00	1.220261e+00	9.675702e+00
1.654297e+02	-4.474714e-01	-1.336857e+00	8.989367e+00	6.319209e+00	0.000000e+00	5.876005e-01	-1.596129e+00	1.209711e+00	9.664190e+00
1.629719e+02	-4.336872e-01	-1.338926e+00	8.984660e+00	6.316129e+00	0.000000e+00	5.837970e-01	-1.601364e+00	1.200742e+00	9.653684e+00
1.639424e+02	-4.210989e-01	-1.340495e+00	8.977164e+00	6.318017e+00	0.000000e+00	5.784003e-01	-1.631071e+00	1.166187e+00	9.642307e+00
1.569069e+02	-4.017913e-01	-1.338284e+00	8.963403e+00	6.316554e+00	0.000000e+00	5.768552e-01	-1.638611e+00	1.153051e+00	9.630608e+00
1.393491e+02	-3.778485e-01	-1.326163e+00	8.947707e+00	6.324000e+00	0.000000e+00	5.890300e-01	-1.627038e+00	1.158483e+00	9.617978e+00
1.319214e+02	-3.443503e-01	-1.309273e+00	8.918460e+00	6.328848e+00	0.000000e+00	6.039038e-01	-1.613425e+00	1.166248e+00	9.604997e+00
1.439691e+02	-3.155120e-01	-1.295701e+00	8.894594e+00	6.332866e+00	0.000000e+00	6.151284e-01	-1.624372e+00	1.148820e+00	9.592268e+00
1.703472e+02	-2.884749e-01	-1.284128e+00	8.873017e+00	6.333357e+00	0.000000e+00	6.251424e-01	-1.634421e+00	1.132953e+00	9.581720e+00
1.712692e+02	-2.832001e-01	-1.286906e+00	8.887398e+00	6.325136e+00	0.000000e+00	6.266209e-01	-1.639745e+00	1.121781e+00	9.573689e+00
1.551481e+02	-2.905032e-01	-1.297312e+00	8.916050e+00	6.310570e+00	0.000000e+00	6.216243e-01	-1.643379e+00	1.112688e+00	9.567142e+00
1.417452e+02	-3.009963e-01	-1.309489e+00	8.949090e+00	6.295939e+00	0.000000e+00	6.151828e-01	-1.645655e+00	1.105044e+00	9.561274e+00
1.344391e+02	-3.171018e-01	-1.323321e+00	8.992945e+00	6.284084e+00	0.000000e+00	6.096139e-01	-1.645214e+00	1.099750e+00	9.554347e+00
1.347519e+02	-3.320503e-01	-1.336200e+00	9.033592e+00	6.272295e+00	0.000000e+00	6.044111e-01	-1.640622e+00	1.098391e+00	9.548121e+00
1.398926e+02	-3.447309e-01	-1.346890e+00	9.069163e+00	6.263568e+00	0.000000e+00	6.000348e-01	-1.636475e+00	1.097173e+00	9.541453e+00
1.459294e+02	-3.545978e-01	-1.354395e+00	9.096461e+00	6.258623e+00	0.000000e+00	5.964945e-01	-1.629980e+00	1.098536e+00	9.534020e+00
1.428099e+02	-3.504648e-01	-1.355188e+00	9.106294e+00	6.252220e+00	0.000000e+00	5.973458e-01	-1.610285e+00	1.112199e+00	9.525604e+00
1.400040e+02	-3.466571e-01	-1.356148e+00	9.115458e+00	6.246080e+00	0.000000e+00	5.980249e-01	-1.589192e+00	1.127441e+00	9.518190e+00
1.352562e+02	-3.386555e-01	-1.355270e+00	9.122171e+00	6.236522e+00	0.000000e+00	6.014584e-01	-1.570238e+00	1.141084e+00	9.511479e+00
1.311100e+02	-3.314378e-01	-1.353844e+00	9.133098e+00	6.230139e+00	0.000000e+00	6.072833e-01	-1.550669e+00	1.155474e+00	9.505297e+00
1.249249e+02	-3.159602e-01	-1.346385e+00	9.130281e+00	6.227762e+00	0.000000e+00	6.163945e-01	-1.533068e+00	1.168424e+00	9.497484e+00
1.239549e+02	-2.984258e-01	-1.336743e+00	9.123635e+00	6.227545e+00	0.000000e+00	6.271289e-01	-1.517243e+00	1.180060e+00	9.489457e+00
1.261479e+02	-2.864787e-01	-1.332636e+00	9.121675e+00	6.222118e+00	0.000000e+00	6.313863e-01	-1.505333e+00	1.188224e+00	9.482707e+00
1.286958e+02	-2.783684e-01	-1.331540e+00	9.133736e+00	6.213243e+00	0.000000e+00	6.367908e-01	-1.492653e+00	1.197107e+00	9.476845e+00
1.314844e+02	-2.688078e-01	-1.332044e+00	9.144688e+00	6.198874e+00	0.000000e+00	6.407992e-01	-1.480187e+00	1.206111e+00	9.472321e+00
1.342930e+02	-2.575837e-01	-1.333542e+00	9.151884e+00	6.178627e+00	0.000000e+00	6.427500e-01	-1.468971e+00	1.214216e+00	9.468167e+00
1.237350e+02	-2.578997e-01	-1.348083e+00	9.178166e+00	6.147862e+00	0.000000e+00	6.325521e-01	-1.458427e+00	1.221775e+00	9.465754e+00
1.196570e+02	-2.571387e-01	-1.361772e+00	9.201400e+00	6.116207e+00	0.000000e+00	6.225922e-01	-1.447885e+00	1.229003e+00	9.463644e+00
1.209326e+02	-2.607093e-01	-1.374598e+00	9.222661e+00	6.096401e+00	0.000000e+00	6.102710e-01	-1.439842e+00	1.234016e+00	9.458475e+00
1.241546e+02	-2.617685e-01	-1.382288e+00	9.234799e+00	6.088083e+00	0.000000e+00	6.009862e-01	-1.464333e+00	1.206894e+00	9.452854e+00
1.298446e+02	-2.616245e-01	-1.387529e+00	9.243562e+00	6.085137e+00	0.000000e+00	5.931425e-01	-1.485877e+00	1.182613e+00	9.445580e+00
1.350089e+02	-2.627250e-01	-1.388951e+00	9.248771e+00	6.096114e+00	0.000000e+00	5.870490e-01	-1.505243e+00	1.160769e+00	9.436423e+00
1.348518e+02	-2.557167e-01	-1.387619e+00	9.245449e+00	6.100496e+00	0.000000e+00	5.840614e-01	-1.522655e+00	1.141114e+00	9.428189e+00
1.331046e+02	-2.451205e-01	-1.385167e+00	9.237414e+00	6.100133e+00	0.000000e+00	5.822139e-01	-1.534696e+00	1.126478e+00	9.420765e+00
1.316418e+02	-2.320997e-01	-1.383012e+00	9.229400e+00	6.092205e+00	0.000000e+00	5.810737e-01	-1.545466e+00	1.113335e+00	9.414132e+00
1.290161e+02	-2.164023e-01	-1.377008e+00	9.215428e+00	6.091492e+00	0.000000e+00	5.834441e-01	-1.554601e+00	1.101708e+00	9.407306e+00
1.276674e+02	-2.077917e-01	-1.371610e+00	9.219930e+00	6.093517e+00	0.000000e+00	5.913668e-01	-1.562537e+00	1.091372e+00	9.400904e+00
1.305328e+02	-1.945083e-01	-1.360948e+00	9.213954e+00	6.103972e+00	0.000000e+00	6.026477e-01	-1.567100e+00	1.084226e+00	9.393453e+00
1.322955e+02	-1.919225e-01	-1.358250e+00	9.222740e+00	6.107717e+00	0.000000e+00	6.062182e-01	-1.571145e+00	1.077818e+00	9.386587e+00
1.330147e+02	-1.914085e-01	-1.357225e+00	9.236197e+00	6.108045e+00	0.000000e+00	6.093574e-01	-1.574355e+00	1.072102e+00	9.380381e+00
1.284884e+02	-2.028253e-01	-1.362436e+00	9.271878e+00	6.110494e+00	0.000000e+00	6.109791e-01	-1.574941e+00	1.068423e+00	9.374856e+00
1.264125e+02	-2.171306e-01	-1.368342e+00	9.314644e+00	6.116246e+00	0.000000e+00	6.141444e-01	-1.580651e+00	1.059793e+00	9.369415e+00
1.268436e+02	-2.294004e-01	-1.373655e+00	9.351283e+00	6.121134e+00	0.000000e+00	6.156883e-01	-1.585716e+00	1.052088e+00	9.363957e+00
1.255480e+02	-2.318916e-01	-1.374699e+00	9.374203e+00	6.120919e+00	0.000000e+00	6.202337e-01	-1.576052e+00	1.057823e+00	9.358988e+00
1.244149e+02	-2.358661e-01	-1.376938e+00	9.399073e+00	6.119150e+00	0.000000e+00	6.238590e-01	-1.563909e+00	1.065904e+00	9.353918e+00
1.227025e+02	-2.344134e-01	-1.376404e+00	9.415473e+00	6.116760e+00	0.000000e+00	6.288735e-01	-1.550511e+00	1.075254e+00	9.349087e+00
1.222416e+02	-2.317388e-01	-1.375110e+00	9.428037e+00	6.113465e+00	0.000000e+00	6.335037e-01	-1.547240e+00	1.074599e+00	9.344430e+00
1.219709e+02	-2.358803e-01	-1.377216e+00	9.447189e+00	6.110944e+00	0.000000e+00	6.346777e-01	-1.540253e+00	1.077395e+00	9.339946e+00
1.216537e+02	-2.390202e-01	-1.379592e+00	9.467455e+00	6.104795e+00	0.000000e+00	6.368793e-01	-1.530906e+00	1.082556e+00	9.335990e+00
1.206207e+02	-2.378388e-01	-1.379470e+00	9.482720e+00	6.099353e+00	0.000000e+00	6.414193e-01	-1.513749e+00	1.095406e+00	9.331764e+00
1.197422e+02	-2.317368e-01	-1.376539e+00	9.489689e+00	6.094510e+00	0.000000e+00	6.466462e-01	-1.498303e+00	1.106975e+00	9.327193e+00
1.186961e+02	-2.258314e-01	-1.374825e+00	9.493989e+00	6.090896e+00	0.000000e+00	6.482343e-01	-1.484422e+00	1.117373e+00	9.322328e+00
1.171153e+02	-2.244779e-01	-1.378237e+00	9.505961e+00	6.082508e+00	0.000000e+00	6.449002e-01	-1.470741e+00	1.127233e+00	9.317549e+00
1.163696e+02	-2.158491e-01	-1.376640e+00	9.508318e+00	6.076544e+00	0.000000e+00	6.456114e-01	-1.456192e+00	1.138152e+00	9.312501e+00
1.174783e+02	-2.051764e-01	-1.372604e+00	9.507043e+00	6.074109e+00	0.000000e+00	6.483076e-01	-1.441836e+00	1.148903e+00	9.307140e+00
1.166141e+02	-2.032261e-01	-1.374254e+00	9.516687e+00	6.066441e+00	0.000000e+00	6.462961e-01	-1.428824e+00	1.158613e+00	9.302343e+00
1.153849e+02	-2.042905e-01	-1.377892e+00	9.529101e+00	6.059815e+00	0.000000e+00	6.425026e-01	-1.416299e+00	1.167987e+00	9.297623e+00
1.147868e+02	-2.072481e-01	-1.383134e+00	9.543333e+00	6.050108e+00	0.000000e+00	6.368969e-01	-1.405085e+00	1.175969e+00	9.292933e+00
1.155200e+02	-2.079755e-01	-1.388321e+00	9.554224e+00	6.037562e+00	0.000000e+00	6.305664e-01	-1.395211e+00	1.182940e+00	9.288716e+00
1.161718e+02	-2.066845e-01	-1.392371e+00	9.561441e+00	6.028064e+00	0.000000e+00	6.236989e-01	-1.408808e+00	1.166735e+00	9.284129e+00
1.168947e+02	-2.051352e-01	-1.393611e+00	9.569886e+00	6.021856e+00	0.000000e+00	6.213908e-01	-1.420694e+00	1.152407e+00	9.279485e+00
1.185553e+02	-2.096741e-01	-1.393513e+00	9.582816e+00	6.030207e+00	0.000000e+00	6.192282e-01	-1.431902e+00	1.138976e+00	9.273529e+00
1.179223e+02	-2.075341e-01	-1.390543e+00	9.588657e+00	6.034876e+00	0.000000e+00	6.204321e-01	-1.440243e+00	1.128477e+00	9.268101e+00
1.160706e+02	-2.026265e-01	-1.383001e+00	9.587413e+00	6.050636e+00	0.000000e+00	6.247814e-01	-1.447769e+00	1.119010e+00	9.261898e+00
1.161223e+02	-1.940507e-01	-1.372498e+00	9.579874e+00	6.069174e+00	0.000000e+00	6.308902e-01	-1.453635e+00	1.111232e+00	9.255093e+00
1.173311e+02	-1.888517e-01	-1.368421e+00	9.576681e+00	6.075582e+00	0.000000e+00	6.302093e-01	-1.458884e+00	1.104253e+00	9.249360e+00
1.180757e+02	-1.857715e-01	-1.366414e+00	9.580007e+00	6.076664e+00	0.000000e+00	6.301099e-01	-1.460665e+00	1.099912e+00	9.244295e+00
1.182914e+02	-1.805583e-01	-1.366159e+00	9.580956e+00	6.070566e+00	0.000000e+00	6.274598e-01	-1.460311e+00	1.097872e+00	9.239962e+00
1.185010e+02	-1.745137e-01	-1.366460e+00	9.585305e+00	6.058122e+00	0.000000e+00	6.264797e-01	-1.458416e+00	1.097389e+00	9.236034e+00
1.201968e+02	-1.649419e-01	-1.364378e+00	9.582906e+00	6.046916e+00	0.000000e+00	6.264056e-01	-1.456895e+00	1.096765e+00	9.231778e+00
1.215560e+02	-1.559571e-01	-1.363944e+00	9.583450e+00	6.031172e+00	0.000000e+00	6.256460e-01	-1.454654e+00	1.096715e+00	9.228025e+00
1.173228e+02	-1.608334e-01	-1.373109e+00	9.606688e+00	6.005802e+00	0.000000e+00	6.190307e-01	-1.451438e+00	1.097568e+00	9.224900e+00
1.161982e+02	-1.615278e-01	-1.378927e+00	9.622353e+00	5.986055e+00	0.000000e+00	6.141908e-01	-1.442801e+00	1.103150e+00	9.221288e+00
1.170492e+02	-1.686833e-01	-1.387578e+00	9.649769e+00	5.970760e+00	0.000000e+00	6.093759e-01	-1.434914e+00	1.108210e+00	9.217944e+00
1.178847e+02	-1.719833e-01	-1.390490e+00	9.666679e+00	5.969484e+00	0.000000e+00	6.076632e-01	-1.428236e+00	1.112385e+00	9.213941e+00
1.171997e+02	-1.723835e-01	-1.390769e+00	9.680332e+00	5.966691e+00	0.000000e+00	6.091860e-01	-1.420050e+00	1.118078e+00	9.210098e+00
1.152894e+02	-1.698396e-01	-1.387663e+00	9.687445e+00	5.968218e+00	0.000000e+00	6.125160e-01	-1.412744e+00	1.123140e+00	9.205777e+00
1.137571e+02	-1.648587e-01	-1.384829e+00	9.692978e+00	5.963038e+00	0.000000e+00	6.160680e-01	-1.402995e+00	1.130431e+00	9.201891e+00
1.131153e+02	-1.598357e-01	-1.382814e+00	9.698680e+00	5.953972e+00	0.000000e+00	6.187471e-01	-1.393692e+00	1.137129e+00	9.197938e+00
1.132326e+02	-1.565508e-01	-1.383882e+00	9.705728e+00	5.939307e+00	0.000000e+00	6.174083e-01	-1.385350e+00	1.143115e+00	9.194446e+00
1.136634e+02	-1.546389e-01	-1.386685e+00	9.716042e+00	5.921784e+00	0.000000e+00	6.156480e-01	-1.377106e+00	1.148962e+00	9.191492e+00
1.135480e+02	-1.504193e-01	-1.384073e+00	9.718700e+00	5.919716e+00	0.000000e+00	6.166217e-01	-1.372294e+00	1.151784e+00	9.187476e+00
1.137409e+02	-1.512531e-01	-1.385129e+00	9.730264e+00	5.913157e+00	0.000000e+00	6.154601e-01	-1.367812e+00	1.154394e+00	9.183575e+00
1.127887e+02	-1.509432e-01	-1.381272e+00	9.739160e+00	5.920294e+00	0.000000e+00	6.191298e-01	-1.383109e+00	1.137696e+00	9.179323e+00
1.131778e+02	-1.482181e-01	-1.374960e+00	9.743105e+00	5.931989e+00	0.000000e+00	6.240142e-01	-1.396747e+00	1.122780e+00	9.174686e+00
1.150853e+02	-1.475791e-01	-1.368598e+00	9.752177e+00	5.948105e+00	0.000000e+00	6.313208e-01	-1.406944e+00	1.110539e+00	9.170286e+00
1.177273e+02	-1.475815e-01	-1.363976e+00	9.763088e+00	5.958707e+00	0.000000e+00	6.376886e-01	-1.416072e+00	1.099544e+00	9.166370e+00
1.210223e+02	-1.473330e-01	-1.359449e+00	9.772975e+00	5.969928e+00	0.000000e+00	6.427198e-01	-1.423761e+00	1.090059e+00	9.162051e+00
1.224034e+02	-1.500615e-01	-1.357966e+00	9.791445e+00	5.974541e+00	0.000000e+00	6.468761e-01	-1.430469e+00	1.081620e+00	9.157416e+00
1.249379e+02	-1.513317e-01	-1.355564e+00	9.806292e+00	5.979211e+00	0.000000e+00	6.514852e-01	-1.435710e+00	1.074740e+00	9.153162e+00
1.168629e+02	-1.640544e-01	-1.366245e+00	9.834254e+00	5.967412e+00	0.000000e+00	6.420115e-01	-1.440487e+00	1.068465e+00	9.149855e+00
1.169143e+02	-1.779523e-01	-1.380932e+00	9.863592e+00	5.949612e+00	0.000000e+00	6.277616e-01	-1.442469e+00	1.064874e+00	9.147074e+00
1.238933e+02	-1.858199e-01	-1.392187e+00	9.883073e+00	5.933098e+00	0.000000e+00	6.147373e-01	-1.444544e+00	1.061381e+00	9.144038e+00
1.252760e+02	-1.843452e-01	-1.393050e+00	9.888465e+00	5.928673e+00	0.000000e+00	6.110721e-01	-1.444027e+00	1.060303e+00	9.140152e+00
1.223142e+02	-1.845217e-01	-1.387889e+00	9.893727e+00	5.939749e+00	0.000000e+00	6.137801e-01	-1.436052e+00	1.065974e+00	9.135426e+00
1.200319e+02	-1.836223e-01	-1.383570e+00	9.897609e+00	5.946559e+00	0.000000e+00	6.154890e-01	-1.426555e+00	1.073117e+00	9.131170e+00
1.188564e+02	-1.852298e-01	-1.381650e+00	9.905885e+00	5.950700e+00	0.000000e+00	6.162499e-01	-1.417205e+00	1.080000e+00	9.127423e+00
1.167616e+02	-1.854695e-01	-1.377641e+00	9.912562e+00	5.958498e+00	0.000000e+00	6.184084e-01	-1.408740e+00	1.086216e+00	9.122922e+00
1.136705e+02	-1.789092e-01	-1.370922e+00	9.909675e+00	5.963451e+00	0.000000e+00	6.222068e-01	-1.401141e+00	1.091801e+00	9.118852e+00
1.123046e+02	-1.713301e-01	-1.363428e+00	9.903878e+00	5.971044e+00	0.000000e+00	6.261107e-01	-1.393127e+00	1.097767e+00	9.115097e+00
1.141472e+02	-1.592380e-01	-1.354679e+00	9.893990e+00	5.972826e+00	0.000000e+00	6.316481e-01	-1.385377e+00	1.103557e+00	9.111648e+00
1.212410e+02	-1.453055e-01	-1.345657e+00	9.882756e+00	5.970809e+00	0.000000e+00	6.379154e-01	-1.378356e+00	1.108771e+00	9.108411e+00
1.284551e+02	-1.356737e-01	-1.340264e+00	9.878724e+00	5.963689e+00	0.000000e+00	6.416135e-01	-1.371772e+00	1.113670e+00	9.105099e+00
1.235063e+02	-1.316809e-01	-1.344207e+00	9.882178e+00	5.950020e+00	0.000000e+00	6.341348e-01	-1.365872e+00	1.118039e+00	9.102149e+00
1.153358e+02	-1.313978e-01	-1.352576e+00	9.887689e+00	5.933577e+00	0.000000e+00	6.205192e-01	-1.382194e+00	1.100911e+00	9.099522e+00
1.128253e+02	-1.395217e-01	-1.365080e+00	9.906156e+00	5.918215e+00	0.000000e+00	6.055409e-01	-1.396177e+00	1.085898e+00	9.097208e+00
1.170983e+02	-1.427333e-01	-1.373261e+00	9.917964e+00	5.904383e+00	0.000000e+00	5.946772e-01	-1.408766e+00	1.072383e+00	9.094932e+00
1.222551e+02	-1.458376e-01	-1.379620e+00	9.930889e+00	5.894973e+00	0.000000e+00	5.873294e-01	-1.419689e+00	1.060240e+00	9.092524e+00
1.264544e+02	-1.438770e-01	-1.383333e+00	9.936248e+00	5.882812e+00	0.000000e+00	5.811914e-01	-1.429555e+00	1.049278e+00	9.089870e+00
1.305495e+02	-1.405619e-01	-1.385850e+00	9.939226e+00	5.870262e+00	0.000000e+00	5.754655e-01	-1.438500e+00	1.039321e+00	9.086853e+00
1.284960e+02	-1.370186e-01	-1.382149e+00	9.941542e+00	5.875307e+00	0.000000e+00	5.764205e-01	-1.445916e+00	1.030612e+00	9.082870e+00
1.223556e+02	-1.271908e-01	-1.372812e+00	9.933260e+00	5.887543e+00	0.000000e+00	5.811222e-01	-1.449894e+00	1.025034e+00	9.078352e+00
1.204162e+02	-1.190664e-01	-1.365049e+00	9.927478e+00	5.898457e+00	0.000000e+00	5.849400e-01	-1.461442e+00	1.012070e+00	9.074324e+00
1.207192e+02	-1.102627e-01	-1.358403e+00	9.922913e+00	5.903676e+00	0.000000e+00	5.889717e-01	-1.471841e+00	1.000387e+00	9.070766e+00
1.215394e+02	-1.087764e-01	-1.355717e+00	9.927647e+00	5.905636e+00	0.000000e+00	5.895656e-01	-1.478384e+00	9.921726e-01	9.067388e+00
1.228923e+02	-1.026550e-01	-1.350649e+00	9.927154e+00	5.905835e+00	0.000000e+00	5.932390e-01	-1.479779e+00	9.880580e-01	9.064308e+00
1.231378e+02	-1.003583e-01	-1.347339e+00	9.930380e+00	5.908237e+00	0.000000e+00	5.953405e-01	-1.471582e+00	9.925746e-01	9.061462e+00
