# loss | a0 ... a4
2.472613e+03	-1.620698e+00	-1.069593e+00	9.183140e+00	5.090901e+00
3.314233e+02	-1.305857e+00	-7.547522e-01	9.497980e+00	4.776060e+00
3.266173e+02	-1.300382e+00	-7.576074e-01	9.521243e+00	4.752952e+00
3.266173e+02	-1.300382e+00	-7.576074e-01	9.521243e+00	4.752952e+00
2.587553e+02	-1.311574e+00	-7.904218e-01	9.530918e+00	4.745644e+00
2.332618e+02	-1.325140e+00	-8.070875e-01	9.538292e+00	4.741497e+00
2.332618e+02	-1.325140e+00	-8.070875e-01	9.538292e+00	4.741497e+00
2.103737e+02	-1.337381e+00	-8.348431e-01	9.552716e+00	4.726335e+00
2.174171e+02	-1.320908e+00	-8.229128e-01	9.571279e+00	4.711948e+00
2.174171e+02	-1.320908e+00	-8.229128e-01	9.571279e+00	4.711948e+00
2.122126e+02	-1.313248e+00	-8.291817e-01	9.591487e+00	4.695168e+00
2.029319e+02	-1.315857e+00	-8.446637e-01	9.605050e+00	4.682299e+00
2.029319e+02	-1.315857e+00	-8.446637e-01	9.605050e+00	4.682299e+00
2.004044e+02	-1.308837e+00	-8.503367e-01	9.615796e+00	4.677306e+00
2.003040e+02	-1.294201e+00	-8.437570e-01	9.646021e+00	4.644371e+00
2.003040e+02	-1.294201e+00	-8.437570e-01	9.646021e+00	4.644371e+00
1.994521e+02	-1.278415e+00	-8.430119e-01	9.672320e+00	4.617223e+00
1.930451e+02	-1.285447e+00	-8.608098e-01	9.686989e+00	4.603598e+00
1.930451e+02	-1.285447e+00	-8.608098e-01	9.686989e+00	4.603598e+00
1.973752e+02	-1.290468e+00	-8.774690e-01	9.706612e+00	4.583850e+00
2.178091e+02	-1.236170e+00	-8.229385e-01	9.744162e+00	4.545969e+00
2.178091e+02	-1.236170e+00	-8.229385e-01	9.744162e+00	4.545969e+00
1.867513e+02	-1.250395e+00	-8.573052e-01	9.774367e+00	4.506700e+00
1.832432e+02	-1.246214e+00	-8.658991e-01	9.790887e+00	4.491787e+00
1.832432e+02	-1.246214e+00	-8.658991e-01	9.790887e+00	4.491787e+00
1.983863e+02	-1.220526e+00	-8.389477e-01	9.815187e+00	4.474227e+00
1.792061e+02	-1.232046e+00	-8.799811e-01	9.846282e+00	4.428476e+00
1.792061e+02	-1.232046e+00	-8.799811e-01	9.846282e+00	4.428476e+00
1.864305e+02	-1.202045e+00	-8.503468e-01	9.880484e+00	4.395338e+00
1.740732e+02	-1.204629e+00	-8.702908e-01	9.904290e+00	4.364336e+00
1.740732e+02	-1.204629e+00	-8.702908e-01	9.904290e+00	4.364336e+00
1.728481e+02	-1.199541e+00	-8.901885e-01	9.926790e+00	4.331781e+00
1.916450e+02	-1.165336e+00	-8.434508e-01	9.956841e+00	4.307525e+00
1.916450e+02	-1.165336e+00	-8.434508e-01	9.956841e+00	4.307525e+00
1.717689e+02	-1.163368e+00	-8.663000e-01	9.979979e+00	4.270728e+00
1.747788e+02	-1.182320e+00	-9.058119e-01	1.001325e+01	4.235423e+00
1.747788e+02	-1.182320e+00	-9.058119e-01	1.001325e+01	4.235423e+00
1.750851e+02	-1.144116e+00	-8.578378e-01	1.003886e+01	4.209666e+00
1.618990e+02	-1.146798e+00	-8.778209e-01	1.006764e+01	4.174330e+00
1.618990e+02	-1.146798e+00	-8.778209e-01	1.006764e+01	4.174330e+00
1.604098e+02	-1.146207e+00	-8.971046e-01	1.008872e+01	4.147161e+00
1.687009e+02	-1.119529e+00	-8.622994e-01	1.011589e+01	4.119304e+00
1.687009e+02	-1.119529e+00	-8.622994e-01	1.011589e+01	4.119304e+00
1.593244e+02	-1.111623e+00	-8.746453e-01	1.014761e+01	4.068886e+00
1.627674e+02	-1.125310e+00	-9.134599e-01	1.017927e+01	4.034869e+00
1.627674e+02	-1.125310e+00	-9.134599e-01	1.017927e+01	4.034869e+00
1.606861e+02	-1.081674e+00	-8.697255e-01	1.018909e+01	4.032451e+00
1.515154e+02	-1.093579e+00	-9.067981e-01	1.023380e+01	3.969338e+00
1.515154e+02	-1.093579e+00	-9.067981e-01	1.023380e+01	3.969338e+00
1.525854e+02	-1.088634e+00	-9.116160e-01	1.025633e+01	3.940915e+00
1.894161e+02	-1.045052e+00	-8.434760e-01	1.027041e+01	3.937690e+00
1.894161e+02	-1.045052e+00	-8.434760e-01	1.027041e+01	3.937690e+00
1.680752e+02	-1.046417e+00	-8.580306e-01	1.029042e+01	3.913722e+00
1.658808e+02	-1.078689e+00	-9.312165e-01	1.036210e+01	3.808081e+00
1.658808e+02	-1.078689e+00	-9.312165e-01	1.036210e+01	3.808081e+00
1.474784e+02	-1.046419e+00	-8.767038e-01	1.037841e+01	3.796575e+00
1.402229e+02	-1.042182e+00	-8.899634e-01	1.041035e+01	3.750976e+00
1.402229e+02	-1.042182e+00	-8.899634e-01	1.041035e+01	3.750976e+00
1.374172e+02	-1.029704e+00	-8.964043e-01	1.043014e+01	3.714624e+00
1.380317e+02	-1.024919e+00	-8.888014e-01	1.046062e+01	3.683181e+00
1.380317e+02	-1.024919e+00	-8.888014e-01	1.046062e+01	3.683181e+00
1.409576e+02	-1.002192e+00	-8.799952e-01	1.046794e+01	3.665529e+00
1.455150e+02	-1.024089e+00	-9.227585e-01	1.052986e+01	3.582901e+00
1.455150e+02	-1.024089e+00	-9.227585e-01	1.052986e+01	3.582901e+00
1.461244e+02	-9.968301e-01	-8.675283e-01	1.055103e+01	3.586625e+00
1.387258e+02	-9.877299e-01	-8.759089e-01	1.057288e+01	3.550774e+00
1.387258e+02	-9.877299e-01	-8.759089e-01	1.057288e+01	3.550774e+00
1.294213e+02	-9.839229e-01	-8.972226e-01	1.059694e+01	3.512688e+00
1.287080e+02	-9.779541e-01	-8.932245e-01	1.063088e+01	3.464479e+00
1.287080e+02	-9.779541e-01	-8.932245e-01	1.063088e+01	3.464479e+00
1.323229e+02	-9.600967e-01	-8.797166e-01	1.064776e+01	3.430629e+00
1.298789e+02	-9.719967e-01	-9.136419e-01	1.069795e+01	3.359029e+00
1.298789e+02	-9.719967e-01	-9.136419e-01	1.069795e+01	3.359029e+00
1.759636e+02	-9.395200e-01	-8.378333e-01	1.070139e+01	3.369610e+00
1.472356e+02	-9.666371e-01	-9.338502e-01	1.077833e+01	3.227324e+00
1.472356e+02	-9.666371e-01	-9.338502e-01	1.077833e+01	3.227324e+00
2.274465e+02	-9.168803e-01	-8.092777e-01	1.075588e+01	3.269281e+00
1.559274e+02	-9.689090e-01	-9.376499e-01	1.088481e+01	3.062467e+00
1.559274e+02	-9.689090e-01	-9.376499e-01	1.088481e+01	3.062467e+00
2.247373e+02	-9.320354e-01	-8.032865e-01	1.088582e+01	3.085229e+00
1.185601e+02	-9.270933e-01	-9.042070e-01	1.091492e+01	2.978836e+00
1.185601e+02	-9.270933e-01	-9.042070e-01	1.091492e+01	2.978836e+00
1.283305e+02	-8.995656e-01	-8.632226e-01	1.090700e+01	2.974059e+00
1.164344e+02	-9.067733e-01	-9.054225e-01	1.096165e+01	2.879913e+00
1.164344e+02	-9.067733e-01	-9.054225e-01	1.096165e+01	2.879913e+00
1.473960e+02	-8.706936e-01	-8.440112e-01	1.092846e+01	2.910235e+00
1.145048e+02	-8.985274e-01	-9.030601e-01	1.102883e+01	2.754332e+00
1.145048e+02	-8.985274e-01	-9.030601e-01	1.102883e+01	2.754332e+00
1.221398e+02	-8.811654e-01	-8.617641e-01	1.103576e+01	2.741888e+00
1.094844e+02	-8.715733e-01	-8.922053e-01	1.104951e+01	2.677901e+00
1.094844e+02	-8.715733e-01	-8.922053e-01	1.104951e+01	2.677901e+00
1.171695e+02	-8.578290e-01	-8.644732e-01	1.105522e+01	2.663688e+00
1.067006e+02	-8.447240e-01	-8.887584e-01	1.106793e+01	2.597856e+00
1.067006e+02	-8.447240e-01	-8.887584e-01	1.106793e+01	2.597856e+00
1.256294e+02	-8.362813e-01	-9.257326e-01	1.108398e+01	2.531630e+00
1.253888e+02	-8.080037e-01	-8.516607e-01	1.105028e+01	2.589682e+00
1.253888e+02	-8.080037e-01	-8.516607e-01	1.105028e+01	2.589682e+00
1.037535e+02	-8.104058e-01	-9.015161e-01	1.110977e+01	2.461567e+00
1.007897e+02	-7.905592e-01	-8.828271e-01	1.108956e+01	2.464613e+00
1.007897e+02	-7.905592e-01	-8.828271e-01	1.108956e+01	2.464613e+00
1.018665e+02	-7.775841e-01	-8.751322e-01	1.107953e+01	2.460348e+00
9.650977e+01	-7.634266e-01	-8.932665e-01	1.110456e+01	2.357370e+00
9.650977e+01	-7.634266e-01	-8.932665e-01	1.110456e+01	2.357370e+00
9.413830e+01	-7.404824e-01	-8.951944e-01	1.106563e+01	2.388137e+00
9.363527e+01	-7.288167e-01	-8.789507e-01	1.109359e+01	2.289033e+00
9.363527e+01	-7.288167e-01	-8.789507e-01	1.109359e+01	2.289033e+00
9.108363e+01	-7.147513e-01	-8.818972e-01	1.109257e+01	2.250380e+00
8.799359e+01	-6.979772e-01	-8.871665e-01	1.109690e+01	2.173413e+00
8.799359e+01	-6.979772e-01	-8.871665e-01	1.109690e+01	2.173413e+00
8.691888e+01	-6.893119e-01	-8.821269e-01	1.112123e+01	2.110406e+00
8.375250e+01	-6.626013e-01	-8.805492e-01	1.107940e+01	2.085555e+00
8.375250e+01	-6.626013e-01	-8.805492e-01	1.107940e+01	2.085555e+00
8.067956e+01	-6.434682e-01	-8.804195e-01	1.108620e+01	2.002604e+00
7.786601e+01	-6.281940e-01	-8.855788e-01	1.106545e+01	1.966128e+00
7.786601e+01	-6.281940e-01	-8.855788e-01	1.106545e+01	1.966128e+00
7.617165e+01	-6.074858e-01	-8.817588e-01	1.101029e+01	1.988112e+00
7.352365e+01	-5.958906e-01	-8.962135e-01	1.105737e+01	1.833848e+00
7.352365e+01	-5.958906e-01	-8.962135e-01	1.105737e+01	1.833848e+00
6.890166e+01	-5.703748e-01	-8.890830e-01	1.102067e+01	1.763145e+00
8.454913e+01	-5.580866e-01	-8.524993e-01	1.099685e+01	1.764814e+00
8.454913e+01	-5.580866e-01	-8.524993e-01	1.099685e+01	1.764814e+00
6.605292e+01	-5.467855e-01	-8.955747e-01	1.102372e+01	1.551338e+00
7.484054e+01	-5.341151e-01	-8.541701e-01	1.100834e+01	1.540492e+00
7.484054e+01	-5.341151e-01	-8.541701e-01	1.100834e+01	1.540492e+00
6.541662e+01	-5.185897e-01	-9.048197e-01	1.096489e+01	1.498301e+00
6.211265e+01	-5.020974e-01	-8.686337e-01	1.091354e+01	1.521783e+00
6.211265e+01	-5.020974e-01	-8.686337e-01	1.091354e+01	1.521783e+00
6.290061e+01	-5.029980e-01	-9.036509e-01	1.094947e+01	1.451906e+00
6.049153e+01	-4.792580e-01	-8.671088e-01	1.085250e+01	1.442574e+00
6.049153e+01	-4.792580e-01	-8.671088e-01	1.085250e+01	1.442574e+00
5.506297e+01	-4.761566e-01	-8.759336e-01	1.090333e+01	1.251654e+00
5.384953e+01	-4.718898e-01	-8.853724e-01	1.084205e+01	1.285749e+00
5.384953e+01	-4.718898e-01	-8.853724e-01	1.084205e+01	1.285749e+00
5.347783e+01	-4.722531e-01	-8.836420e-01	1.082795e+01	1.246169e+00
5.510210e+01	-4.630978e-01	-8.720277e-01	1.079301e+01	1.247110e+00
5.510210e+01	-4.630978e-01	-8.720277e-01	1.079301e+01	1.247110e+00
5.303439e+01	-4.588732e-01	-8.833296e-01	1.079918e+01	1.207149e+00
5.347205e+01	-4.669535e-01	-8.762305e-01	1.079609e+01	1.178301e+00
5.347205e+01	-4.669535e-01	-8.762305e-01	1.079609e+01	1.178301e+00
5.343040e+01	-4.797129e-01	-8.781706e-01	1.080923e+01	1.102946e+00
5.541848e+01	-4.674993e-01	-8.686778e-01	1.077622e+01	1.133397e+00
5.541848e+01	-4.674993e-01	-8.686778e-01	1.077622e+01	1.133397e+00
5.331688e+01	-4.645643e-01	-8.860524e-01	1.074599e+01	1.233039e+00
5.351346e+01	-4.749002e-01	-8.763052e-01	1.080289e+01	1.076934e+00
5.351346e+01	-4.749002e-01	-8.763052e-01	1.080289e+01	1.076934e+00
5.757974e+01	-4.770102e-01	-8.635126e-01	1.076627e+01	1.102682e+00
6.061631e+01	-4.778907e-01	-9.031990e-01	1.080491e+01	1.008900e+00
6.061631e+01	-4.778907e-01	-9.031990e-01	1.080491e+01	1.008900e+00
7.978451e+01	-4.710569e-01	-8.356111e-01	1.078665e+01	1.043916e+00
6.846394e+01	-4.808186e-01	-8.471168e-01	1.077795e+01	1.008277e+00
6.846394e+01	-4.808186e-01	-8.471168e-01	1.077795e+01	1.008277e+00
6.353839e+01	-4.846998e-01	-9.079312e-01	1.079203e+01	1.033478e+00
6.030903e+01	-4.812478e-01	-8.588782e-01	1.073708e+01	1.057245e+00
6.030903e+01	-4.812478e-01	-8.588782e-01	1.073708e+01	1.057245e+00
5.459373e+01	-4.775244e-01	-8.935559e-01	1.076025e+01	1.066913e+00
5.551085e+01	-4.876086e-01	-8.976956e-01	1.073168e+01	1.088918e+00
5.551085e+01	-4.876086e-01	-8.976956e-01	1.073168e+01	1.088918e+00
1.003823e+02	-4.776386e-01	-8.269966e-01	1.063434e+01	1.146505e+00
7.311830e+01	-5.148268e-01	-9.043851e-01	1.092597e+01	7.812314e-01
7.311830e+01	-5.148268e-01	-9.043851e-01	1.092597e+01	7.812314e-01
1.055802e+02	-5.150404e-01	-8.143608e-01	1.084785e+01	8.931959e-01
1.061511e+02	-5.007726e-01	-9.355812e-01	1.082185e+01	8.338844e-01
1.061511e+02	-5.007726e-01	-9.355812e-01	1.082185e+01	8.338844e-01
4.034201e+02	-4.857603e-01	-7.222095e-01	1.075248e+01	8.830516e-01
2.222090e+02	-5.189026e-01	-9.694048e-01	1.090406e+01	6.267869e-01
2.222090e+02	-5.189026e-01	-9.694048e-01	1.090406e+01	6.267869e-01
7.877204e+03	-5.099799e-01	-3.875980e-01	1.073571e+01	7.177854e-01
1.420027e+04	-5.978902e-01	-2.278500e+00	1.166423e+01	-9.915390e-01
1.420027e+04	-5.978902e-01	-2.278500e+00	1.166423e+01	-9.915390e-01
