# loss | a0 ... a3
4.442274e+03	-1.000000e+00	-4.500000e-01	1.094000e+01	3.090000e+00
1.324874e+04	-1.000000e+00	-3.000000e-01	1.430000e+01	1.690000e+00
1.499162e+04	-1.000000e+00	-2.700000e-01	1.334000e+01	3.090000e+00
1.832152e+04	-1.000000e+00	-2.100000e-01	1.034000e+01	2.040000e+00
1.707457e+04	-1.000000e+00	-1.800000e-01	1.046000e+01	3.930000e+00
7.329146e+03	-9.400000e-01	-1.440000e+00	1.202000e+01	1.550000e+00
3.211803e+03	-9.400000e-01	-1.230000e+00	1.310000e+01	3.370000e+00
2.305745e+03	-9.400000e-01	-1.170000e+00	1.106000e+01	1.060000e+00
1.529208e+02	-9.400000e-01	-8.400000e-01	1.418000e+01	1.690000e+00
4.321626e+04	-9.400000e-01	-3.000000e-02	1.202000e+01	3.860000e+00
5.325779e+03	-8.800000e-01	-1.350000e+00	9.500000e+00	1.270000e+00
8.090477e+02	-8.800000e-01	-1.050000e+00	1.274000e+01	2.950000e+00
1.817029e+02	-8.800000e-01	-8.100000e-01	1.346000e+01	3.370000e+00
1.111493e+03	-8.800000e-01	-6.300000e-01	1.334000e+01	2.180000e+00
3.132992e+03	-8.800000e-01	-5.100000e-01	1.250000e+01	5.000000e-01
3.273295e+03	-8.200000e-01	-1.230000e+00	1.526000e+01	3.020000e+00
2.501204e+02	-8.200000e-01	-9.600000e-01	1.478000e+01	3.580000e+00
3.942707e+03	-8.200000e-01	-4.800000e-01	1.286000e+01	7.800000e-01
6.023576e+03	-8.200000e-01	-4.200000e-01	1.190000e+01	3.370000e+00
5.310830e+04	-8.200000e-01	-3.000000e-02	1.214000e+01	2.320000e+00
7.547068e+01	-7.600000e-01	-8.700000e-01	9.980000e+00	7.100000e-01
3.158427e+02	-7.600000e-01	-7.500000e-01	1.322000e+01	1.340000e+00
8.117019e+02	-7.600000e-01	-6.600000e-01	1.118000e+01	7.100000e-01
1.117969e+03	-7.600000e-01	-6.300000e-01	1.370000e+01	2.460000e+00
7.461907e+03	-7.600000e-01	-3.900000e-01	1.322000e+01	5.700000e-01
5.509638e+03	-7.000000e-01	-1.350000e+00	1.214000e+01	5.000000e-01
4.547540e+03	-7.000000e-01	-1.320000e+00	1.106000e+01	2.670000e+00
6.212765e+02	-7.000000e-01	-6.900000e-01	1.262000e+01	2.320000e+00
6.258486e+03	-7.000000e-01	-4.200000e-01	1.070000e+01	1.060000e+00
1.588568e+04	-7.000000e-01	-2.700000e-01	1.478000e+01	1.200000e+00
6.616814e+03	-6.400000e-01	-1.410000e+00	1.382000e+01	3.020000e+00
4.331466e+03	-6.400000e-01	-1.290000e+00	1.526000e+01	3.090000e+00
2.963420e+03	-6.400000e-01	-5.400000e-01	9.860000e+00	1.340000e+00
4.175745e+03	-6.400000e-01	-4.800000e-01	1.262000e+01	2.950000e+00
4.237398e+04	-6.400000e-01	-9.000000e-02	1.418000e+01	1.620000e+00
8.546915e+03	-5.800000e-01	-1.500000e+00	1.358000e+01	8.500000e-01
7.763591e+03	-5.800000e-01	-1.470000e+00	1.034000e+01	7.800000e-01
1.107591e+02	-5.800000e-01	-9.300000e-01	1.046000e+01	2.670000e+00
3.543643e+02	-5.800000e-01	-7.500000e-01	1.406000e+01	3.790000e+00
1.176939e+04	-5.800000e-01	-3.300000e-01	1.046000e+01	2.530000e+00
5.443276e+03	-5.200000e-01	-1.380000e+00	1.166000e+01	3.230000e+00
4.399421e+02	-5.200000e-01	-7.200000e-01	1.514000e+01	9.900000e-01
2.079455e+03	-5.200000e-01	-5.700000e-01	1.406000e+01	3.580000e+00
6.363794e+03	-5.200000e-01	-4.200000e-01	1.466000e+01	3.790000e+00
1.621703e+04	-5.200000e-01	-2.700000e-01	1.190000e+01	1.550000e+00
2.141297e+03	-4.600000e-01	-1.170000e+00	1.130000e+01	1.970000e+00
1.250776e+03	-4.600000e-01	-1.110000e+00	1.022000e+01	1.620000e+00
1.724067e+02	-4.600000e-01	-8.100000e-01	1.310000e+01	9.900000e-01
1.052375e+03	-4.600000e-01	-6.600000e-01	1.010000e+01	7.100000e-01
9.252920e+03	-4.600000e-01	-3.600000e-01	1.346000e+01	2.180000e+00
1.384538e+02	-4.000000e-01	-9.300000e-01	1.370000e+01	3.300000e+00
3.549801e+02	-4.000000e-01	-7.500000e-01	1.286000e+01	3.020000e+00
3.208400e+02	-4.000000e-01	-7.500000e-01	1.538000e+01	1.130000e+00
8.191241e+02	-4.000000e-01	-6.600000e-01	1.430000e+01	6.400000e-01
3.731474e+03	-4.000000e-01	-5.400000e-01	1.022000e+01	1.900000e+00
2.379107e+03	-3.400000e-01	-1.200000e+00	1.034000e+01	1.830000e+00
2.726392e+03	-3.400000e-01	-1.200000e+00	1.178000e+01	1.270000e+00
1.062329e+03	-3.400000e-01	-1.080000e+00	1.310000e+01	2.600000e+00
5.595491e+02	-3.400000e-01	-1.050000e+00	9.860000e+00	2.390000e+00
1.172373e+04	-3.400000e-01	-3.300000e-01	1.250000e+01	2.390000e+00
1.854956e+03	-2.800000e-01	-1.140000e+00	1.214000e+01	8.500000e-01
1.767209e+02	-2.800000e-01	-9.300000e-01	1.442000e+01	2.320000e+00
1.168488e+03	-2.800000e-01	-6.300000e-01	1.130000e+01	1.200000e+00
2.011921e+03	-2.800000e-01	-5.700000e-01	1.238000e+01	1.900000e+00
1.419222e+04	-2.800000e-01	-3.000000e-01	1.406000e+01	3.510000e+00
8.522805e+03	-2.200000e-01	-1.500000e+00	1.322000e+01	1.620000e+00
8.542159e+03	-2.200000e-01	-1.500000e+00	1.346000e+01	9.900000e-01
4.533911e+03	-2.200000e-01	-1.320000e+00	1.010000e+01	1.480000e+00
2.322264e+03	-2.200000e-01	-1.170000e+00	1.406000e+01	9.200000e-01
8.276152e+02	-2.200000e-01	-7.200000e-01	1.058000e+01	1.550000e+00
4.395193e+03	-1.600000e-01	-1.290000e+00	1.118000e+01	5.000000e-01
3.288648e+03	-1.600000e-01	-1.230000e+00	1.466000e+01	1.480000e+00
2.483774e+02	-1.600000e-01	-9.900000e-01	1.094000e+01	2.110000e+00
1.742316e+02	-1.600000e-01	-9.300000e-01	1.370000e+01	1.760000e+00
3.156789e+02	-1.600000e-01	-7.500000e-01	1.514000e+01	2.250000e+00
4.349019e+03	-1.000000e-01	-1.290000e+00	1.394000e+01	1.900000e+00
1.505854e+02	-1.000000e-01	-9.300000e-01	1.298000e+01	1.760000e+00
5.115359e+03	-1.000000e-01	-5.100000e-01	1.094000e+01	2.180000e+00
1.493423e+04	-1.000000e-01	-4.200000e-01	9.500000e+00	1.480000e+00
1.726855e+04	-1.000000e-01	-2.700000e-01	1.202000e+01	1.830000e+00
6.750251e+03	-4.000000e-02	-1.410000e+00	1.058000e+01	9.900000e-01
4.765041e+03	-4.000000e-02	-1.350000e+00	9.740000e+00	1.970000e+00
5.861749e+02	-4.000000e-02	-1.020000e+00	1.430000e+01	2.110000e+00
1.550552e+02	-4.000000e-02	-8.400000e-01	1.466000e+01	5.700000e-01
5.339993e+02	-4.000000e-02	-8.100000e-01	1.082000e+01	1.130000e+00
1.773339e+03	2.000000e-02	-1.140000e+00	1.142000e+01	1.690000e+00
9.091869e+02	2.000000e-02	-1.080000e+00	1.298000e+01	3.020000e+00
1.564651e+02	2.000000e-02	-9.000000e-01	1.442000e+01	5.700000e-01
2.644828e+02	2.000000e-02	-8.400000e-01	1.214000e+01	3.440000e+00
1.029542e+03	2.000000e-02	-6.600000e-01	1.418000e+01	3.650000e+00
6.378129e+03	8.000000e-02	-1.440000e+00	9.500000e+00	2.180000e+00
2.445325e+03	8.000000e-02	-5.400000e-01	1.526000e+01	9.200000e-01
3.838268e+04	8.000000e-02	-2.700000e-01	9.620000e+00	2.600000e+00
6.571769e+04	8.000000e-02	-9.000000e-02	9.500000e+00	1.270000e+00
6.655416e+04	8.000000e-02	-6.000000e-02	1.070000e+01	2.880000e+00
7.419991e+03	1.400000e-01	-1.470000e+00	1.034000e+01	1.900000e+00
7.145039e+03	1.400000e-01	-1.440000e+00	1.250000e+01	2.040000e+00
5.711044e+03	1.400000e-01	-1.380000e+00	1.106000e+01	1.970000e+00
1.433587e+04	1.400000e-01	-4.800000e-01	9.980000e+00	1.690000e+00
1.967398e+04	1.400000e-01	-2.400000e-01	1.250000e+01	1.130000e+00
7.662805e+03	2.000000e-01	-1.410000e+00	9.620000e+00	1.970000e+00
4.366514e+03	2.000000e-01	-1.290000e+00	1.514000e+01	1.620000e+00
3.200041e+03	2.000000e-01	-6.300000e-01	1.166000e+01	3.160000e+00
1.898515e+03	2.000000e-01	-5.700000e-01	1.502000e+01	1.690000e+00
9.378709e+03	2.000000e-01	-3.600000e-01	1.334000e+01	1.620000e+00
1.887131e+03	2.600000e-01	-1.140000e+00	1.358000e+01	6.400000e-01
6.204663e+02	2.600000e-01	-9.900000e-01	1.130000e+01	3.930000e+00
9.663639e+03	2.600000e-01	-3.900000e-01	1.190000e+01	1.760000e+00
4.161974e+04	2.600000e-01	-1.500000e-01	1.262000e+01	3.510000e+00
3.155136e+04	2.600000e-01	-1.500000e-01	1.310000e+01	6.400000e-01
3.828460e+03	3.200000e-01	-1.200000e+00	9.860000e+00	3.020000e+00
9.933348e+03	3.200000e-01	-9.600000e-01	1.034000e+01	7.100000e-01
2.509448e+04	3.200000e-01	-2.100000e-01	1.514000e+01	3.720000e+00
4.732351e+04	3.200000e-01	-1.200000e-01	1.106000e+01	1.270000e+00
8.297560e+04	3.200000e-01	-6.000000e-02	9.980000e+00	1.200000e+00
7.980872e+03	3.800000e-01	-1.470000e+00	1.262000e+01	8.500000e-01
9.474377e+03	3.800000e-01	-1.320000e+00	1.094000e+01	5.700000e-01
1.145844e+03	3.800000e-01	-1.080000e+00	1.490000e+01	1.830000e+00
6.224731e+03	3.800000e-01	-1.020000e+00	9.860000e+00	3.650000e+00
3.168430e+04	3.800000e-01	-1.500000e-01	1.478000e+01	2.040000e+00
5.756631e+03	4.400000e-01	-1.410000e+00	1.262000e+01	3.230000e+00
3.626276e+03	4.400000e-01	-8.400000e-01	1.142000e+01	1.130000e+00
3.522371e+04	4.400000e-01	-5.100000e-01	9.980000e+00	7.800000e-01
5.156973e+03	4.400000e-01	-4.500000e-01	1.334000e+01	1.550000e+00
5.181035e+04	4.400000e-01	-1.800000e-01	1.154000e+01	3.510000e+00
5.503189e+03	5.000000e-01	-1.350000e+00	1.334000e+01	9.200000e-01
1.204480e+03	5.000000e-01	-1.080000e+00	1.154000e+01	2.880000e+00
4.410487e+02	5.000000e-01	-1.020000e+00	1.490000e+01	3.650000e+00
1.000841e+03	5.000000e-01	-6.900000e-01	1.346000e+01	3.300000e+00
4.170893e+04	5.000000e-01	-1.200000e-01	1.226000e+01	1.200000e+00
1.062833e+04	5.600000e-01	-1.380000e+00	1.010000e+01	2.390000e+00
3.114102e+03	5.600000e-01	-5.100000e-01	1.502000e+01	7.800000e-01
4.696105e+04	5.600000e-01	-4.500000e-01	9.980000e+00	2.600000e+00
3.053096e+04	5.600000e-01	-2.100000e-01	1.394000e+01	3.860000e+00
7.812892e+04	5.600000e-01	-6.000000e-02	1.226000e+01	3.580000e+00
7.677102e+03	6.200000e-01	-1.470000e+00	1.490000e+01	3.230000e+00
6.254053e+03	6.200000e-01	-1.410000e+00	1.382000e+01	3.160000e+00
6.549184e+04	6.200000e-01	-1.320000e+00	9.740000e+00	7.100000e-01
2.662530e+03	6.200000e-01	-5.700000e-01	1.454000e+01	3.720000e+00
1.102036e+04	6.200000e-01	-3.300000e-01	1.502000e+01	1.410000e+00
3.820459e+03	6.800000e-01	-1.380000e+00	1.178000e+01	3.790000e+00
8.001020e+03	6.800000e-01	-1.380000e+00	1.226000e+01	9.200000e-01
1.607737e+03	6.800000e-01	-1.140000e+00	1.298000e+01	2.670000e+00
2.445060e+03	6.800000e-01	-5.400000e-01	1.358000e+01	5.000000e-01
3.587997e+04	6.800000e-01	-3.900000e-01	1.130000e+01	3.790000e+00
3.189486e+03	7.400000e-01	-1.170000e+00	1.154000e+01	2.810000e+00
3.105547e+04	7.400000e-01	-9.600000e-01	9.860000e+00	2.740000e+00
1.836907e+02	7.400000e-01	-9.000000e-01	1.322000e+01	1.270000e+00
1.290576e+05	7.400000e-01	-2.400000e-01	9.740000e+00	2.810000e+00
3.773945e+04	7.400000e-01	-1.200000e-01	1.526000e+01	2.460000e+00
3.300154e+03	8.000000e-01	-1.290000e+00	1.238000e+01	3.300000e+00
7.819347e+02	8.000000e-01	-1.050000e+00	1.490000e+01	2.740000e+00
3.585917e+04	8.000000e-01	-1.500000e-01	1.382000e+01	2.460000e+00
6.418846e+04	8.000000e-01	-9.000000e-02	1.238000e+01	2.390000e+00
5.315703e+04	8.000000e-01	-6.000000e-02	1.454000e+01	2.530000e+00
7.917735e+03	8.600000e-01	-1.470000e+00	1.418000e+01	1.550000e+00
7.135959e+03	8.600000e-01	-1.440000e+00	1.538000e+01	3.160000e+00
3.808200e+03	8.600000e-01	-1.260000e+00	1.526000e+01	1.830000e+00
4.626195e+04	8.600000e-01	-9.900000e-01	9.620000e+00	3.510000e+00
4.351147e+04	8.600000e-01	-9.000000e-02	1.538000e+01	2.250000e+00
7.739346e+04	9.200000e-01	-8.700000e-01	1.070000e+01	7.800000e-01
3.473006e+03	9.200000e-01	-6.900000e-01	1.274000e+01	9.900000e-01
5.139067e+04	9.200000e-01	-6.300000e-01	1.046000e+01	3.860000e+00
2.535998e+04	9.200000e-01	-4.500000e-01	1.190000e+01	1.410000e+00
1.098969e+04	9.200000e-01	-3.900000e-01	1.346000e+01	2.740000e+00
7.602796e+02	9.800000e-01	-7.200000e-01	1.406000e+01	3.300000e+00
6.367519e+04	9.800000e-01	-6.900000e-01	1.022000e+01	3.860000e+00
7.663214e+04	9.800000e-01	-5.100000e-01	1.058000e+01	2.320000e+00
2.786939e+04	9.800000e-01	-1.800000e-01	1.514000e+01	2.460000e+00
4.784002e+04	9.800000e-01	-1.200000e-01	1.430000e+01	3.440000e+00
3.539905e+03	1.040000e+00	-1.260000e+00	1.286000e+01	2.600000e+00
1.403506e+03	1.040000e+00	-1.110000e+00	1.538000e+01	2.950000e+00
5.295234e+02	1.040000e+00	-1.020000e+00	1.394000e+01	2.250000e+00
1.718965e+04	1.040000e+00	-6.000000e-01	1.190000e+01	2.670000e+00
1.161736e+05	1.040000e+00	-2.400000e-01	1.094000e+01	2.530000e+00
1.636484e+05	1.100000e+00	-7.800000e-01	9.740000e+00	2.180000e+00
4.765051e+04	1.100000e+00	-6.000000e-01	1.118000e+01	2.670000e+00
3.025988e+03	1.100000e+00	-5.400000e-01	1.394000e+01	2.320000e+00
1.822120e+05	1.100000e+00	-3.000000e-01	1.022000e+01	2.950000e+00
3.688984e+04	1.100000e+00	-2.400000e-01	1.370000e+01	3.930000e+00
1.931556e+02	1.160000e+00	-8.100000e-01	1.430000e+01	2.880000e+00
1.256982e+05	1.160000e+00	-3.600000e-01	1.082000e+01	3.510000e+00
2.639232e+04	1.160000e+00	-2.100000e-01	1.478000e+01	2.950000e+00
1.998676e+05	1.160000e+00	-3.000000e-02	1.142000e+01	3.440000e+00
1.672905e+05	1.160000e+00	-3.000000e-02	1.166000e+01	2.810000e+00
1.785880e+05	1.220000e+00	-1.230000e+00	1.082000e+01	9.200000e-01
3.697336e+03	1.220000e+00	-9.600000e-01	1.250000e+01	2.530000e+00
3.926582e+02	1.220000e+00	-9.000000e-01	1.358000e+01	3.230000e+00
1.574013e+05	1.220000e+00	-6.000000e-01	1.046000e+01	2.110000e+00
3.036807e+04	1.220000e+00	-3.900000e-01	1.274000e+01	3.580000e+00
6.939250e+03	1.280000e+00	-1.200000e+00	1.238000e+01	2.040000e+00
4.020254e+03	1.280000e+00	-4.800000e-01	1.502000e+01	2.040000e+00
6.978504e+04	1.280000e+00	-4.500000e-01	1.178000e+01	1.830000e+00
2.900628e+04	1.280000e+00	-3.300000e-01	1.310000e+01	3.160000e+00
1.287075e+04	1.280000e+00	-3.300000e-01	1.454000e+01	2.600000e+00
3.412501e+02	1.340000e+00	-9.900000e-01	1.466000e+01	2.530000e+00
8.559891e+04	1.340000e+00	-8.700000e-01	1.058000e+01	3.790000e+00
2.532015e+05	1.340000e+00	-7.800000e-01	9.500000e+00	3.300000e+00
4.829008e+04	1.340000e+00	-7.800000e-01	1.202000e+01	1.410000e+00
2.018974e+05	1.340000e+00	-6.000000e-01	1.118000e+01	1.130000e+00
5.031504e+04	1.400000e+00	-1.170000e+00	1.142000e+01	2.250000e+00
1.378381e+02	1.400000e+00	-8.700000e-01	1.478000e+01	3.720000e+00
3.718595e+04	1.400000e+00	-7.200000e-01	1.178000e+01	3.440000e+00
7.503396e+03	1.400000e+00	-4.200000e-01	1.466000e+01	2.810000e+00
1.542787e+04	1.400000e+00	-3.600000e-01	1.358000e+01	2.460000e+00
3.839410e+03	1.460000e+00	-1.260000e+00	1.298000e+01	2.880000e+00
3.947970e+05	1.460000e+00	-1.110000e+00	1.022000e+01	6.400000e-01
3.387043e+05	1.460000e+00	-9.600000e-01	1.082000e+01	8.500000e-01
2.658464e+05	1.460000e+00	-8.100000e-01	9.740000e+00	3.440000e+00
4.375148e+04	1.460000e+00	-1.500000e-01	1.322000e+01	1.200000e+00
2.742227e+03	1.520000e+00	-1.200000e+00	1.442000e+01	1.900000e+00
3.978300e+05	1.520000e+00	-7.800000e-01	1.082000e+01	6.400000e-01
1.497781e+03	1.520000e+00	-6.000000e-01	1.442000e+01	1.760000e+00
7.548824e+04	1.520000e+00	-6.000000e-02	1.454000e+01	3.650000e+00
3.436537e+05	1.520000e+00	-3.000000e-02	1.130000e+01	3.580000e+00
1.155764e+05	1.580000e+00	-1.440000e+00	1.070000e+01	2.810000e+00
3.870431e+04	1.580000e+00	-1.050000e+00	1.226000e+01	1.480000e+00
2.901358e+02	1.580000e+00	-9.900000e-01	1.502000e+01	3.090000e+00
5.690294e+05	1.580000e+00	-2.400000e-01	9.620000e+00	1.340000e+00
4.110976e+05	1.580000e+00	-1.200000e-01	1.106000e+01	1.410000e+00
2.196491e+05	1.640000e+00	-1.260000e+00	1.010000e+01	3.230000e+00
1.093902e+03	1.640000e+00	-1.110000e+00	1.418000e+01	3.370000e+00
3.689608e+04	1.640000e+00	-8.400000e-01	1.226000e+01	2.110000e+00
2.779761e+04	1.640000e+00	-2.100000e-01	1.382000e+01	1.760000e+00
1.299835e+05	1.640000e+00	-1.800000e-01	1.274000e+01	3.930000e+00
3.671026e+04	1.700000e+00	-1.140000e+00	1.166000e+01	3.860000e+00
2.203631e+05	1.700000e+00	-9.000000e-01	1.118000e+01	1.970000e+00
1.911330e+03	1.700000e+00	-8.700000e-01	1.370000e+01	3.720000e+00
8.758500e+04	1.700000e+00	-7.800000e-01	1.166000e+01	3.090000e+00
1.733813e+03	1.700000e+00	-6.600000e-01	1.490000e+01	3.720000e+00
1.113242e+04	1.760000e+00	-1.500000e+00	1.274000e+01	2.110000e+00
6.703964e+03	1.760000e+00	-1.110000e+00	1.298000e+01	1.060000e+00
3.113215e+04	1.760000e+00	-1.050000e+00	1.202000e+01	3.650000e+00
5.213340e+05	1.760000e+00	-5.700000e-01	1.010000e+01	8.500000e-01
6.270501e+05	1.760000e+00	-3.000000e-01	9.620000e+00	1.410000e+00
2.078133e+04	1.820000e+00	-1.020000e+00	1.238000e+01	3.930000e+00
1.570562e+05	1.820000e+00	-9.000000e-01	1.154000e+01	2.250000e+00
3.549277e+05	1.820000e+00	-7.200000e-01	1.142000e+01	1.060000e+00
1.568939e+05	1.820000e+00	-4.800000e-01	1.214000e+01	1.480000e+00
3.263749e+04	1.820000e+00	-1.800000e-01	1.538000e+01	3.160000e+00
3.326832e+04	1.880000e+00	-1.500000e+00	1.286000e+01	5.700000e-01
3.599608e+05	1.880000e+00	-6.900000e-01	1.070000e+01	2.740000e+00
2.938579e+04	1.880000e+00	-3.600000e-01	1.382000e+01	3.370000e+00
3.367781e+05	1.880000e+00	-3.000000e-01	1.178000e+01	1.060000e+00
1.625513e+05	1.880000e+00	-9.000000e-02	1.286000e+01	2.880000e+00
5.468584e+03	1.940000e+00	-1.350000e+00	1.442000e+01	5.000000e-01
4.780190e+03	1.940000e+00	-1.320000e+00	1.454000e+01	2.390000e+00
2.611936e+05	1.940000e+00	-1.260000e+00	1.154000e+01	1.340000e+00
3.008699e+05	1.940000e+00	-1.230000e+00	1.058000e+01	2.740000e+00
1.119626e+03	1.940000e+00	-1.080000e+00	1.394000e+01	1.340000e+00
8.848844e+02	-2.200000e-02	-1.056000e+00	1.304000e+01	1.284000e+00
7.820874e+02	3.459396e-01	-6.880604e-01	1.267206e+01	1.651940e+00
6.611816e+02	-2.191309e-02	-1.034710e+00	1.303964e+01	1.979507e+00
9.348980e+02	-5.469404e-03	-6.573225e-01	1.300509e+01	2.417450e+00
9.171385e+02	-7.680789e-02	-1.062452e+00	1.307144e+01	1.976156e+00
1.116936e+02	-5.637915e-02	-8.364433e-01	1.303162e+01	2.191759e+00
9.155964e+01	-5.320384e-02	-8.712005e-01	1.302098e+01	2.237846e+00
9.279052e+01	-2.784958e-02	-8.574070e-01	1.298126e+01	2.414040e+00
8.478485e+01	-2.239000e-02	-8.891917e-01	1.296644e+01	2.446302e+00
7.964279e+01	-3.260599e-03	-8.852693e-01	1.293045e+01	2.585647e+00
8.300784e+01	1.602887e-02	-8.683957e-01	1.289241e+01	2.723260e+00
9.190930e+01	-6.776551e-03	-9.210062e-01	1.290209e+01	2.699006e+00
9.318669e+01	4.445317e-02	-8.618726e-01	1.283408e+01	2.943142e+00
9.641231e+01	7.056402e-02	-8.629571e-01	1.279791e+01	3.003200e+00
9.373861e+01	3.477869e-03	-9.323365e-01	1.284005e+01	2.898403e+00
1.746636e+02	6.515968e-02	-8.283014e-01	1.275902e+01	3.223291e+00
1.587769e+02	-7.056994e-02	-9.625527e-01	1.286572e+01	2.897716e+00
2.660312e+02	7.829829e-03	-7.945498e-01	1.277430e+01	3.246829e+00
1.834490e+02	-1.184116e-01	-9.683861e-01	1.287321e+01	2.891987e+00
1.003489e+03	-2.946541e-02	-6.810479e-01	1.277770e+01	3.313284e+00
2.388829e+03	-2.866219e-01	-1.181822e+00	1.302901e+01	2.511963e+00
3.366848e+03	-1.782751e-01	-5.226009e-01	1.290938e+01	2.961689e+00
8.086634e+03	-7.346963e-01	-1.478090e+00	1.335374e+01	2.056943e+00
2.798028e+03	-7.183409e-01	-1.201429e+00	1.334299e+01	2.108046e+00
3.111700e+03	-6.559248e-01	-5.125127e-01	1.331063e+01	2.217959e+00
8.896138e+02	-6.798324e-01	-1.055881e+00	1.332334e+01	2.171839e+00
1.355869e+02	-6.422414e-01	-8.424241e-01	1.329705e+01	2.237828e+00
1.296056e+02	-6.138601e-01	-8.510388e-01	1.328026e+01	2.251921e+00
1.212333e+02	-5.792561e-01	-8.672034e-01	1.324954e+01	2.299708e+00
2.724060e+03	1.058000e+00	-1.200000e+00	1.433600e+01	2.166000e+00
2.638047e+02	1.425940e+00	-8.320604e-01	1.396806e+01	2.533940e+00
2.063206e+03	1.380939e+00	-6.307243e-01	1.390933e+01	2.724283e+00
4.245285e+02	1.055856e+00	-7.300996e-01	1.423197e+01	2.424952e+00
1.416189e+02	8.538917e-01	-8.205874e-01	1.443425e+01	2.217574e+00
1.258987e+02	7.317565e-01	-8.909340e-01	1.455570e+01	2.095609e+00
1.675868e+02	6.595657e-01	-9.264949e-01	1.462607e+01	2.029086e+00
2.127795e+02	6.158053e-01	-9.469097e-01	1.466733e+01	1.994293e+00
1.830088e+02	5.905646e-01	-9.336624e-01	1.469026e+01	1.982584e+00
1.543985e+02	5.755012e-01	-9.145119e-01	1.470283e+01	1.982809e+00
1.346561e+02	5.679507e-01	-8.913971e-01	1.470753e+01	1.990803e+00
1.282195e+02	5.637808e-01	-8.709978e-01	1.470933e+01	2.001388e+00
1.307197e+02	5.633664e-01	-8.554402e-01	1.470673e+01	2.017145e+00
1.356554e+02	5.646033e-01	-8.425797e-01	1.470284e+01	2.035165e+00
1.333982e+02	5.668558e-01	-8.459899e-01	1.469825e+01	2.052817e+00
1.311288e+02	5.697777e-01	-8.499960e-01	1.469311e+01	2.071391e+00
1.269754e+02	5.733961e-01	-8.594410e-01	1.468734e+01	2.090883e+00
1.253652e+02	5.777319e-01	-8.631105e-01	1.468039e+01	2.109692e+00
1.238473e+02	5.821133e-01	-8.691243e-01	1.467278e+01	2.132860e+00
1.229607e+02	5.871071e-01	-8.682847e-01	1.466425e+01	2.157610e+00
1.219461e+02	5.922292e-01	-8.702672e-01	1.465598e+01	2.182994e+00
1.211082e+02	5.984601e-01	-8.747232e-01	1.464662e+01	2.210778e+00
1.197933e+02	6.040926e-01	-8.703077e-01	1.463823e+01	2.238382e+00
1.187068e+02	6.106352e-01	-8.675876e-01	1.462791e+01	2.269558e+00
1.181732e+02	6.170877e-01	-8.636298e-01	1.461761e+01	2.298693e+00
1.179552e+02	6.240182e-01	-8.601468e-01	1.460717e+01	2.328886e+00
1.160852e+02	6.312525e-01	-8.622096e-01	1.459601e+01	2.359414e+00
1.134116e+02	6.390932e-01	-8.705408e-01	1.458408e+01	2.389535e+00
1.120087e+02	6.471759e-01	-8.695255e-01	1.457208e+01	2.423514e+00
1.114505e+02	6.554894e-01	-8.644590e-01	1.456029e+01	2.456769e+00
1.094261e+02	6.644883e-01	-8.665872e-01	1.454684e+01	2.493428e+00
1.091588e+02	6.754952e-01	-8.613060e-01	1.453120e+01	2.538586e+00
1.055955e+02	6.844605e-01	-8.694871e-01	1.451842e+01	2.571051e+00
1.038423e+02	6.946123e-01	-8.705371e-01	1.450464e+01	2.608138e+00
1.018707e+02	7.043616e-01	-8.750590e-01	1.449133e+01	2.644800e+00
1.009186e+02	7.134791e-01	-8.819411e-01	1.447957e+01	2.673875e+00
9.852267e+01	7.249879e-01	-8.764561e-01	1.446258e+01	2.720181e+00
9.759931e+01	7.365935e-01	-8.709439e-01	1.444666e+01	2.762552e+00
9.652540e+01	7.471551e-01	-8.695961e-01	1.443033e+01	2.805974e+00
9.525010e+01	7.533884e-01	-8.707489e-01	1.441896e+01	2.837346e+00
9.317937e+01	7.649965e-01	-8.735951e-01	1.440121e+01	2.880629e+00
9.075269e+01	7.726253e-01	-8.811439e-01	1.438605e+01	2.922841e+00
8.967239e+01	7.837453e-01	-8.803370e-01	1.436993e+01	2.962977e+00
9.295519e+01	7.899349e-01	-8.687661e-01	1.435625e+01	3.008874e+00
8.799735e+01	7.985914e-01	-8.811457e-01	1.434325e+01	3.037091e+00
8.754609e+01	7.959308e-01	-8.944186e-01	1.433934e+01	3.056269e+00
8.681148e+01	8.062672e-01	-8.968359e-01	1.432438e+01	3.096587e+00
8.653401e+01	8.197445e-01	-8.999558e-01	1.430739e+01	3.129950e+00
8.508978e+01	8.242495e-01	-8.893847e-01	1.429364e+01	3.178292e+00
8.481606e+01	8.220471e-01	-8.893709e-01	1.428426e+01	3.219669e+00
8.651935e+01	8.231599e-01	-8.838472e-01	1.427549e+01	3.252751e+00
9.089588e+01	8.329134e-01	-8.776878e-01	1.425974e+01	3.290991e+00
8.441743e+01	8.160866e-01	-8.905534e-01	1.426532e+01	3.295325e+00
8.326044e+01	7.922540e-01	-9.006916e-01	1.427451e+01	3.299190e+00
8.367969e+01	7.867798e-01	-9.073208e-01	1.426956e+01	3.321203e+00
8.492793e+01	7.728124e-01	-9.138396e-01	1.427072e+01	3.336439e+00
8.268904e+01	7.773607e-01	-9.057920e-01	1.425636e+01	3.377691e+00
8.500044e+01	7.909624e-01	-8.903633e-01	1.423482e+01	3.427832e+00
8.321663e+01	7.803661e-01	-8.950918e-01	1.423231e+01	3.444406e+00
8.166228e+01	7.622633e-01	-9.015041e-01	1.423457e+01	3.458207e+00
8.143440e+01	7.550961e-01	-9.055332e-01	1.423200e+01	3.471805e+00
8.148948e+01	7.577180e-01	-9.031057e-01	1.422267e+01	3.495088e+00
8.121078e+01	7.473693e-01	-9.038094e-01	1.422085e+01	3.510951e+00
8.074060e+01	7.272846e-01	-9.051362e-01	1.422570e+01	3.520495e+00
8.081506e+01	7.247098e-01	-9.029441e-01	1.421815e+01	3.541094e+00
8.295081e+01	7.143474e-01	-8.943799e-01	1.421345e+01	3.567822e+00
8.066923e+01	7.100253e-01	-9.025854e-01	1.421003e+01	3.572291e+00
1.720790e+03	-5.080000e-01	-1.128000e+00	1.329200e+01	1.515000e+00
2.617709e+02	-1.400604e-01	-7.600604e-01	1.292406e+01	1.882940e+00
3.067626e+02	1.871827e-01	-7.649877e-01	1.256397e+01	2.036041e+00
1.190541e+02	-2.772377e-01	-8.565380e-01	1.301878e+01	1.574015e+00
1.125287e+02	-2.599656e-01	-8.636999e-01	1.296502e+01	1.675862e+00
1.013423e+02	-1.970523e-01	-8.785049e-01	1.284383e+01	1.861927e+00
8.579002e+01	-5.355674e-02	-8.740347e-01	1.264578e+01	2.023730e+00
8.305242e+01	5.360037e-02	-8.756108e-01	1.246307e+01	2.199572e+00
7.629466e+01	-1.190303e-01	-8.915137e-01	1.248452e+01	2.357048e+00
8.766194e+01	2.070011e-02	-8.739124e-01	1.225887e+01	2.616838e+00
1.075716e+02	-3.082165e-01	-9.158110e-01	1.255484e+01	2.250061e+00
7.746936e+01	-1.553513e-01	-8.700266e-01	1.239329e+01	2.412254e+00
7.614813e+01	8.565408e-03	-8.915758e-01	1.226646e+01	2.345666e+00
7.677278e+01	-2.420098e-01	-8.892011e-01	1.237588e+01	2.460481e+00
6.993734e+01	-7.401799e-02	-9.029906e-01	1.221997e+01	2.525340e+00
7.420322e+01	-7.905526e-02	-8.872010e-01	1.212314e+01	2.664851e+00
8.085737e+01	-1.382466e-01	-9.162768e-01	1.224300e+01	2.354219e+00
9.578216e+01	2.954559e-02	-8.803426e-01	1.203355e+01	2.512384e+00
1.147174e+02	-5.463902e-01	-9.028935e-01	1.254248e+01	2.205428e+00
9.220653e+01	-4.002045e-01	-8.657876e-01	1.242233e+01	2.370642e+00
8.159437e+01	-3.008120e-01	-8.868033e-01	1.236073e+01	2.316631e+00
7.174629e+01	-1.364513e-01	-8.796766e-01	1.217189e+01	2.498601e+00
7.829806e+01	-1.246014e-01	-9.091193e-01	1.222141e+01	2.226585e+00
6.858883e+01	-1.522707e-01	-8.892784e-01	1.211798e+01	2.419061e+00
8.059298e+01	-3.128207e-03	-9.044309e-01	1.200539e+01	2.334673e+00
1.596110e+02	-5.640890e-01	-9.377425e-01	1.245011e+01	2.173727e+00
2.068235e+02	-4.222306e-01	-7.881352e-01	1.228330e+01	2.510991e+00
2.102849e+02	-3.757762e-01	-9.620753e-01	1.237040e+01	2.111364e+00
1.344455e+03	-1.375345e-01	-6.404642e-01	1.208676e+01	2.605136e+00
1.668766e+02	-2.560000e-01	-9.660000e-01	1.066400e+01	2.187000e+00
1.841158e+03	-6.239396e-01	-5.980604e-01	1.103194e+01	2.554940e+00
2.390349e+02	-9.951523e-01	-9.589162e-01	1.140198e+01	2.195637e+00
2.729305e+02	-1.024572e+00	-9.661707e-01	1.145546e+01	2.142264e+00
1.229809e+02	-9.886794e-01	-8.793243e-01	1.145362e+01	2.141966e+00
1.205446e+02	-9.532126e-01	-8.669461e-01	1.144193e+01	2.146180e+00
1.166062e+02	-9.223351e-01	-8.712315e-01	1.143147e+01	2.145015e+00
1.133040e+02	-8.947187e-01	-8.782003e-01	1.142494e+01	2.138030e+00
1.085934e+02	-8.485557e-01	-8.836232e-01	1.140255e+01	2.143358e+00
1.025665e+02	-7.908928e-01	-8.896746e-01	1.136970e+01	2.150596e+00
9.733506e+01	-7.515703e-01	-8.781918e-01	1.135488e+01	2.148482e+00
9.491526e+01	-7.237464e-01	-8.910403e-01	1.135573e+01	2.120872e+00
8.591047e+01	-6.555984e-01	-8.831137e-01	1.130510e+01	2.134677e+00
7.986244e+01	-5.959781e-01	-8.797830e-01	1.126774e+01	2.133412e+00
7.509286e+01	-5.569438e-01	-8.960824e-01	1.127226e+01	2.085100e+00
6.964911e+01	-5.048213e-01	-8.897743e-01	1.123739e+01	2.079462e+00
6.765457e+01	-4.639658e-01	-9.050462e-01	1.124170e+01	2.017081e+00
6.275051e+01	-4.188817e-01	-8.954605e-01	1.120463e+01	2.019374e+00
6.141613e+01	-3.940648e-01	-9.013336e-01	1.122088e+01	1.947326e+00
6.301363e+01	-3.988735e-01	-9.060759e-01	1.122302e+01	1.915086e+00
6.162666e+01	-3.561387e-01	-8.828873e-01	1.119128e+01	1.900218e+00
6.011494e+01	-3.490762e-01	-9.011839e-01	1.124539e+01	1.798835e+00
5.987800e+01	-3.836300e-01	-8.823154e-01	1.124305e+01	1.807767e+00
6.537385e+01	-3.977250e-01	-9.063193e-01	1.128006e+01	1.729602e+00
7.044863e+01	-3.614346e-01	-8.608924e-01	1.119897e+01	1.768755e+00
6.387689e+01	-4.186058e-01	-9.038526e-01	1.123448e+01	1.726493e+00
5.985070e+01	-3.676249e-01	-8.761101e-01	1.117717e+01	1.704653e+00
6.241816e+01	-3.500171e-01	-9.052792e-01	1.120523e+01	1.621705e+00
5.928614e+01	-3.962307e-01	-8.997652e-01	1.115562e+01	1.668565e+00
5.765261e+01	-3.895723e-01	-8.932082e-01	1.114611e+01	1.634104e+00
5.739383e+01	-3.838171e-01	-8.862992e-01	1.106222e+01	1.671942e+00
5.805161e+01	-3.536395e-01	-8.913580e-01	1.103289e+01	1.633967e+00
6.701501e+01	-4.573971e-01	-9.094724e-01	1.110122e+01	1.593240e+00
5.991794e+01	-4.406960e-01	-8.714197e-01	1.104707e+01	1.581510e+00
6.147669e+01	-3.926211e-01	-8.703801e-01	1.098675e+01	1.590789e+00
5.716162e+01	-4.542067e-01	-8.836847e-01	1.101453e+01	1.563869e+00
5.794240e+01	-4.068885e-01	-9.023872e-01	1.098804e+01	1.487729e+00
7.032149e+01	-4.553797e-01	-9.171467e-01	1.096999e+01	1.485423e+00
1.454077e+02	-3.786090e-01	-8.126644e-01	1.086490e+01	1.518599e+00
2.337214e+02	-5.263691e-01	-9.678802e-01	1.132345e+01	1.084602e+00
1.630662e+03	-4.789861e-01	-5.899574e-01	1.126851e+01	1.087341e+00
4.230193e+02	1.220000e+00	-8.940000e-01	1.336400e+01	2.145000e+00
3.797045e+03	8.520604e-01	-1.261940e+00	1.373194e+01	1.777060e+00
1.507032e+02	6.415176e-01	-9.204176e-01	1.393709e+01	1.736581e+00
5.154623e+02	5.353225e-01	-7.026199e-01	1.403354e+01	1.794211e+00
2.866939e+02	4.602967e-01	-7.546858e-01	1.410403e+01	1.766503e+00
1.320699e+02	4.197424e-01	-8.429191e-01	1.414022e+01	1.782780e+00
1.554332e+02	4.006995e-01	-9.193853e-01	1.415455e+01	1.847159e+00
1.717617e+02	3.953665e-01	-9.320828e-01	1.415296e+01	1.946716e+00
1.267973e+02	3.991033e-01	-9.003047e-01	1.414253e+01	2.076829e+00
1.113457e+02	4.087791e-01	-8.715093e-01	1.412519e+01	2.208680e+00
1.173587e+02	4.251633e-01	-8.421546e-01	1.410239e+01	2.371284e+00
1.351368e+02	4.433456e-01	-8.217386e-01	1.407712e+01	2.535090e+00
9.581952e+01	4.613554e-01	-8.765000e-01	1.405415e+01	2.633394e+00
9.763440e+01	4.888428e-01	-9.060036e-01	1.402058e+01	2.787812e+00
9.871513e+01	5.083859e-01	-9.163341e-01	1.399386e+01	2.919604e+00
8.449473e+01	5.281253e-01	-9.012967e-01	1.396673e+01	3.079755e+00
8.436328e+01	5.513750e-01	-8.815816e-01	1.393823e+01	3.240028e+00
8.482336e+01	5.348012e-01	-8.814191e-01	1.393566e+01	3.317002e+00
7.988705e+01	5.355056e-01	-8.955907e-01	1.392299e+01	3.381584e+00
7.908398e+01	5.502731e-01	-9.109310e-01	1.390118e+01	3.464256e+00
7.894711e+01	5.269369e-01	-9.168893e-01	1.390249e+01	3.509461e+00
7.849453e+01	5.269851e-01	-9.117617e-01	1.389124e+01	3.569462e+00
8.082988e+01	4.970493e-01	-9.271528e-01	1.389656e+01	3.600404e+00
8.132242e+01	4.773645e-01	-9.292207e-01	1.389690e+01	3.635479e+00
7.826323e+01	4.722680e-01	-9.100473e-01	1.388369e+01	3.746680e+00
8.253857e+01	4.706762e-01	-9.027286e-01	1.387056e+01	3.829476e+00
7.738713e+01	4.371254e-01	-9.188060e-01	1.387876e+01	3.812159e+00
7.767464e+01	4.131639e-01	-9.150641e-01	1.387942e+01	3.851313e+00
7.796279e+01	3.968264e-01	-9.270992e-01	1.388026e+01	3.841062e+00
8.810324e+01	3.898215e-01	-9.432187e-01	1.387951e+01	3.811880e+00
7.791486e+01	4.048705e-01	-9.176487e-01	1.385755e+01	3.916071e+00
9.893057e+01	4.086740e-01	-8.910070e-01	1.383920e+01	4.027513e+00
7.751528e+01	3.784186e-01	-9.283183e-01	1.385232e+01	3.934818e+00
7.728843e+01	3.916558e-01	-9.260263e-01	1.384010e+01	3.944271e+00
9.416921e+01	3.682484e-01	-9.527649e-01	1.384626e+01	3.901829e+00
4.135136e+02	8.600000e-02	-1.002000e+00	1.232000e+01	1.746000e+00
1.112285e+03	-2.819396e-01	-6.340604e-01	1.268794e+01	2.113940e+00
1.766783e+02	-4.330804e-01	-9.365916e-01	1.300758e+01	1.827200e+00
1.095985e+02	-3.671575e-01	-8.781645e-01	1.287308e+01	1.901228e+00
1.023937e+02	-2.715483e-01	-8.881302e-01	1.274249e+01	1.937292e+00
8.816429e+01	-1.769230e-01	-8.833998e-01	1.257343e+01	2.001833e+00
9.013160e+01	-3.368381e-02	-8.555127e-01	1.231184e+01	2.117197e+00
9.569940e+01	-2.108724e-01	-9.223820e-01	1.224076e+01	2.209018e+00
8.736832e+01	-1.037082e-01	-8.580973e-01	1.206851e+01	2.308524e+00
1.953843e+02	-4.435176e-01	-9.610455e-01	1.221288e+01	2.309758e+00
1.012982e+03	-2.147781e-01	-6.641890e-01	1.195232e+01	2.464162e+00
2.685097e+03	-9.185940e-01	-1.193696e+00	1.265659e+01	1.836126e+00
5.018891e+02	-8.847386e-01	-1.007198e+00	1.260810e+01	1.883349e+00
8.731449e+02	-7.897911e-01	-6.552790e-01	1.252766e+01	1.961835e+00
3.535795e+03	-8.266915e-01	-1.244820e+00	1.259756e+01	1.862106e+00
1.214509e+04	-6.244609e-01	-3.162742e-01	1.252461e+01	2.018901e+00
2.741718e+03	-1.349102e+00	-1.195150e+00	1.267441e+01	2.041537e+00
2.455708e+03	-1.326394e+00	-1.176960e+00	1.265351e+01	2.069265e+00
2.478203e+02	-1.165261e+00	-7.768526e-01	1.283512e+01	1.838979e+00
1.988876e+02	-1.139029e+00	-8.003829e-01	1.284226e+01	1.835237e+00
1.547866e+02	-1.090034e+00	-8.356879e-01	1.284075e+01	1.839280e+00
1.406798e+02	-1.059532e+00	-8.611418e-01	1.282109e+01	1.856470e+00
1.397765e+02	-9.965798e-01	-8.568480e-01	1.280127e+01	1.867896e+00
1.347003e+02	-9.452922e-01	-8.694521e-01	1.277430e+01	1.884658e+00
1.319037e+02	-8.816282e-01	-8.639142e-01	1.272123e+01	1.924541e+00
1.279299e+02	-8.132862e-01	-8.612203e-01	1.264780e+01	1.988381e+00
1.212759e+02	-7.351667e-01	-8.714887e-01	1.259996e+01	1.995435e+00
1.123869e+02	-6.368915e-01	-8.735717e-01	1.249314e+01	2.050350e+00
1.017792e+02	-5.415911e-01	-8.727676e-01	1.237050e+01	2.113290e+00
8.498065e+01	-4.149026e-01	-8.762598e-01	1.217904e+01	2.220669e+00
7.315019e+01	-2.910274e-01	-8.776447e-01	1.205486e+01	2.211178e+00
6.877212e+01	-2.482102e-01	-8.845987e-01	1.198075e+01	2.227832e+00
6.936413e+01	-1.585832e-01	-8.864250e-01	1.176348e+01	2.268067e+00
7.573478e+01	-3.462513e-01	-8.955990e-01	1.197927e+01	2.180274e+00
6.917408e+01	-1.874444e-01	-8.901534e-01	1.165128e+01	2.319275e+00
6.915930e+01	-3.608979e-01	-8.924435e-01	1.174004e+01	2.313131e+00
6.578813e+01	-2.365758e-01	-9.085720e-01	1.163093e+01	2.239337e+00
6.443893e+01	-2.673236e-01	-9.048848e-01	1.160289e+01	2.221306e+00
6.593612e+01	-2.758764e-01	-9.115443e-01	1.151331e+01	2.247855e+00
6.859586e+01	-3.166144e-01	-9.142857e-01	1.153002e+01	2.205243e+00
7.071233e+01	-2.297347e-01	-9.054610e-01	1.133856e+01	2.251734e+00
9.297818e+01	-4.311153e-01	-9.197192e-01	1.169303e+01	1.966917e+00
6.655611e+01	-2.627949e-01	-9.130566e-01	1.140970e+01	2.128793e+00
7.326418e+01	-3.955968e-01	-9.121139e-01	1.151509e+01	2.052168e+00
7.384721e+01	-2.355654e-01	-9.032803e-01	1.123424e+01	2.182298e+00
8.546540e+01	-4.976317e-01	-9.116486e-01	1.155053e+01	1.982989e+00
6.205189e+01	-3.105452e-01	-9.021076e-01	1.131924e+01	2.058107e+00
3.756317e+02	-3.820000e-01	-7.590000e-01	1.142000e+01	2.460000e+00
1.653786e+03	-7.499396e-01	-1.126940e+00	1.178794e+01	2.092060e+00
4.175585e+02	-6.650435e-01	-1.003413e+00	1.172757e+01	2.125658e+00
9.062023e+01	-5.075836e-01	-8.554702e-01	1.162440e+01	2.176383e+00
7.058515e+01	-4.000704e-01	-9.018868e-01	1.161419e+01	2.108500e+00
1.280184e+02	-2.137358e-01	-8.363614e-01	1.146600e+01	2.180016e+00
7.412255e+02	-4.793649e-01	-1.047178e+00	1.179292e+01	1.870384e+00
8.322349e+01	-3.707829e-01	-9.143792e-01	1.170799e+01	1.928576e+00
1.480410e+02	-2.063475e-01	-8.159068e-01	1.155440e+01	1.996946e+00
5.301040e+02	-2.909700e-01	-1.025486e+00	1.166768e+01	1.812847e+00
7.927236e+01	-1.921568e-01	-9.202614e-01	1.152221e+01	1.936967e+00
8.671272e+01	-2.375889e-01	-8.549749e-01	1.146893e+01	2.002268e+00
8.048818e+01	-2.912405e-01	-9.243319e-01	1.151382e+01	1.951386e+00
9.227830e+01	-1.700387e-01	-8.716339e-01	1.134754e+01	2.028556e+00
3.457134e+02	-4.746702e-01	-9.947319e-01	1.160117e+01	1.806280e+00
2.846214e+02	-2.917069e-01	-7.678689e-01	1.140725e+01	1.970983e+00
5.350492e+02	-4.833150e-01	-1.022288e+00	1.159573e+01	1.709739e+00
6.091523e+01	-2.971911e-01	-8.926457e-01	1.136395e+01	1.848181e+00
8.533809e+01	-2.534507e-01	-9.273234e-01	1.136263e+01	1.775339e+00
1.501292e+02	-2.283757e-01	-8.211446e-01	1.126462e+01	1.865763e+00
1.023728e+03	-6.027968e-01	-1.072768e+00	1.165820e+01	1.472562e+00
8.186147e+01	-5.105679e-01	-8.629638e-01	1.155464e+01	1.527698e+00
1.095285e+02	-3.215622e-01	-8.217287e-01	1.141845e+01	1.582966e+00
8.810541e+01	-2.881636e-01	-9.263425e-01	1.134148e+01	1.606703e+00
7.108775e+01	-2.274970e-01	-8.853562e-01	1.125220e+01	1.635120e+00
6.463301e+01	-3.634832e-01	-8.654596e-01	1.127513e+01	1.681030e+00
1.500815e+02	-3.141445e-01	-9.568895e-01	1.126640e+01	1.591227e+00
8.932369e+01	-2.253523e-01	-8.687818e-01	1.109705e+01	1.690352e+00
5.571636e+02	-6.129253e-01	-1.022964e+00	1.139653e+01	1.523389e+00
1.897611e+03	-3.280000e-01	-5.700000e-01	1.296800e+01	1.221000e+00
2.051722e+02	-6.959396e-01	-9.379396e-01	1.333594e+01	8.530604e-01
1.963602e+02	-6.111745e-01	-9.343851e-01	1.327400e+01	8.586301e-01
1.406961e+02	-4.569298e-01	-8.916365e-01	1.309764e+01	9.194682e-01
1.230714e+02	-1.425495e-01	-8.846765e-01	1.280127e+01	9.893712e-01
1.294744e+02	-5.360550e-01	-8.748995e-01	1.292308e+01	1.251558e+00
1.120155e+02	-3.166804e-01	-8.748137e-01	1.266648e+01	1.389048e+00
1.178007e+02	5.596351e-02	-8.817977e-01	1.226285e+01	1.575911e+00
1.172385e+02	-6.064143e-01	-8.728021e-01	1.289046e+01	2.175352e+00
1.142972e+02	-5.942897e-01	-8.707108e-01	1.285446e+01	2.297189e+00
1.058678e+02	-5.160089e-01	-8.746739e-01	1.274891e+01	2.386179e+00
9.309372e+01	-3.888152e-01	-8.789811e-01	1.261486e+01	2.439875e+00
8.367039e+01	-3.055984e-01	-8.758482e-01	1.248760e+01	2.542870e+00
7.953224e+01	-2.422062e-01	-8.842815e-01	1.246535e+01	2.416420e+00
7.254219e+01	-1.463808e-01	-8.805254e-01	1.223643e+01	2.603280e+00
7.235143e+01	-1.922834e-01	-8.988670e-01	1.227150e+01	2.490452e+00
6.868964e+01	-1.277443e-01	-8.963310e-01	1.215259e+01	2.537235e+00
7.759407e+01	-2.976358e-01	-8.909153e-01	1.229543e+01	2.517366e+00
6.881178e+01	-1.786569e-01	-8.915547e-01	1.210206e+01	2.578753e+00
6.798876e+01	-1.659528e-01	-8.962152e-01	1.206851e+01	2.491659e+00
6.874192e+01	-2.046456e-01	-8.928729e-01	1.209138e+01	2.468909e+00
7.690019e+01	-2.428078e-01	-9.087725e-01	1.212616e+01	2.329684e+00
1.006314e+02	-1.059063e-01	-8.625936e-01	1.188284e+01	2.552509e+00
1.092707e+02	-2.843064e-01	-9.178820e-01	1.234014e+01	1.944480e+00
8.228897e+01	-1.992568e-01	-9.054121e-01	1.218368e+01	2.043581e+00
7.440207e+01	-1.557945e-01	-8.703256e-01	1.196475e+01	2.272426e+00
7.545189e+01	-3.196538e-01	-8.741528e-01	1.205677e+01	2.235774e+00
8.365891e+01	-3.287924e-01	-9.051039e-01	1.208196e+01	2.117493e+00
7.358532e+01	-1.163644e-01	-8.860247e-01	1.178742e+01	2.276170e+00
1.051923e+02	-4.623360e-01	-9.136457e-01	1.212478e+01	2.088372e+00
7.074059e+01	-2.935616e-01	-8.763873e-01	1.192188e+01	2.239705e+00
6.900091e+01	-1.482031e-01	-9.050562e-01	1.176514e+01	2.200998e+00
9.327141e+01	-5.523352e-01	-8.968065e-01	1.198465e+01	2.282735e+00
7.362254e+01	-3.999640e-01	-8.899128e-01	1.182986e+01	2.343416e+00
8.680770e+01	-2.102483e-01	-8.670979e-01	1.164944e+01	2.410459e+00
1.004217e+02	-4.664199e-01	-9.157419e-01	1.196751e+01	2.121978e+00
8.826384e+01	-2.558719e-01	-8.511641e-01	1.177955e+01	2.219920e+00
6.691665e+02	-3.460000e-01	-1.029000e+00	1.412000e+01	1.620000e+00
8.115082e+02	2.193964e-02	-6.610604e-01	1.375206e+01	1.987940e+00
1.441678e+02	-2.005830e-01	-8.371451e-01	1.396280e+01	1.675133e+00
1.161982e+02	7.168722e-02	-8.742898e-01	1.362466e+01	1.845543e+00
1.042741e+02	4.426667e-01	-8.721875e-01	1.322027e+01	2.111449e+00
1.103433e+02	-1.265693e-01	-8.804524e-01	1.376632e+01	2.504701e+00
1.015860e+02	-8.285971e-02	-8.784038e-01	1.368350e+01	2.709293e+00
9.047425e+01	5.887361e-02	-8.689886e-01	1.351147e+01	2.976622e+00
8.214949e+01	1.520047e-01	-8.987570e-01	1.340047e+01	2.939839e+00
8.613266e+01	2.419915e-01	-8.804961e-01	1.321153e+01	3.249291e+00
9.104271e+01	-3.980849e-03	-9.025463e-01	1.345193e+01	2.947877e+00
8.856180e+01	1.487534e-01	-8.711521e-01	1.324072e+01	3.190153e+00
9.541123e+01	-8.368548e-02	-9.056911e-01	1.343122e+01	2.973612e+00
9.967300e+01	6.908244e-02	-8.592943e-01	1.322858e+01	3.233163e+00
7.668004e+01	1.924274e-01	-8.925423e-01	1.312493e+01	3.154045e+00
8.032568e+01	-3.196897e-02	-9.016659e-01	1.320127e+01	3.230462e+00
7.475003e+01	9.760674e-02	-9.017301e-01	1.306736e+01	3.300735e+00
7.526114e+01	3.958290e-02	-9.014854e-01	1.303680e+01	3.330571e+00
7.426511e+01	8.933762e-02	-9.056522e-01	1.297869e+01	3.308516e+00
9.542641e+01	3.026109e-03	-9.371755e-01	1.304231e+01	3.207715e+00
2.968926e+02	3.172365e-01	-8.486182e-01	1.268749e+01	3.657833e+00
7.348583e+02	-6.655652e-01	-1.039995e+00	1.369111e+01	2.653867e+00
1.527106e+04	-5.402269e-01	-2.789496e-01	1.368529e+01	2.826928e+00
3.624801e+03	-1.506990e+00	-1.244399e+00	1.359963e+01	3.068565e+00
4.626656e+02	-1.278723e+00	-7.160403e-01	1.382123e+01	2.608648e+00
2.313467e+02	-1.277210e+00	-7.845157e-01	1.382847e+01	2.614539e+00
1.617487e+02	-1.252592e+00	-8.320897e-01	1.383365e+01	2.616510e+00
1.453739e+02	-1.231126e+00	-8.622045e-01	1.383585e+01	2.615468e+00
1.448495e+02	-1.197094e+00	-8.609765e-01	1.383481e+01	2.620240e+00
1.421062e+02	-5.620000e-01	-9.120000e-01	1.444400e+01	3.237000e+00
2.765758e+03	-1.940604e-01	-5.440604e-01	1.407606e+01	3.604940e+00
1.415484e+02	-5.612029e-01	-9.114974e-01	1.444328e+01	3.237541e+00
1.325994e+02	-5.321962e-01	-9.030489e-01	1.441603e+01	3.256792e+00
1.252592e+02	-5.070268e-01	-8.905001e-01	1.439148e+01	3.274904e+00
1.242063e+02	-4.738013e-01	-8.933439e-01	1.435758e+01	3.296906e+00
1.183995e+02	-4.338165e-01	-8.777692e-01	1.431648e+01	3.322995e+00
1.169816e+02	-3.970284e-01	-8.855828e-01	1.427724e+01	3.337848e+00
1.142391e+02	-3.493653e-01	-8.722359e-01	1.422711e+01	3.372447e+00
1.106257e+02	-2.876888e-01	-8.725742e-01	1.415952e+01	3.406016e+00
1.078319e+02	-2.612976e-01	-8.847971e-01	1.413555e+01	3.410317e+00
1.035584e+02	-1.998256e-01	-8.837828e-01	1.406648e+01	3.436702e+00
9.986002e+01	-1.457262e-01	-8.805865e-01	1.399030e+01	3.474724e+00
9.592142e+01	-7.673001e-02	-8.795354e-01	1.391239e+01	3.500956e+00
9.086769e+01	-2.968616e-02	-8.949429e-01	1.385381e+01	3.517697e+00
8.923972e+01	5.921183e-03	-9.014243e-01	1.381354e+01	3.516990e+00
8.144443e+01	1.152471e-01	-8.945304e-01	1.364120e+01	3.604608e+00
8.044109e+01	1.398623e-01	-9.127429e-01	1.363465e+01	3.564886e+00
8.654160e+01	2.232077e-01	-8.881112e-01	1.347075e+01	3.653561e+00
7.576444e+01	2.429083e-01	-9.169217e-01	1.344925e+01	3.616792e+00
7.628708e+01	2.100934e-01	-9.128305e-01	1.346117e+01	3.615928e+00
7.828504e+01	2.910579e-01	-9.124960e-01	1.335277e+01	3.644962e+00
7.745508e+01	1.647825e-01	-9.205138e-01	1.347146e+01	3.622056e+00
7.986091e+01	1.791795e-01	-9.285305e-01	1.345403e+01	3.606942e+00
1.210588e+02	3.047645e-01	-8.807990e-01	1.323996e+01	3.755041e+00
7.589932e+01	2.362985e-01	-9.155500e-01	1.337916e+01	3.615106e+00
7.667400e+01	1.814052e-01	-9.225090e-01	1.340768e+01	3.606707e+00
8.419510e+01	2.629543e-01	-9.009181e-01	1.329158e+01	3.659226e+00
7.759060e+01	1.385663e-01	-9.206088e-01	1.341481e+01	3.591009e+00
8.517144e+01	1.790343e-01	-8.943365e-01	1.329466e+01	3.680291e+00
8.873975e+01	1.451487e-01	-9.384047e-01	1.339724e+01	3.546361e+00
9.815260e+01	2.448404e-01	-8.889457e-01	1.320509e+01	3.667385e+00
9.045038e+01	1.885353e-01	-9.457339e-01	1.328834e+01	3.547229e+00
2.173952e+02	3.663338e-01	-8.621423e-01	1.298576e+01	3.754912e+00
2.934296e+02	-4.813210e-01	-9.797852e-01	1.389451e+01	3.299047e+00
2.212971e+02	-3.458989e-01	-7.906040e-01	1.375443e+01	3.468404e+00
1.133837e+02	-3.539475e-01	-9.066575e-01	1.380803e+01	3.343856e+00
1.036929e+02	-2.350660e-01	-8.684106e-01	1.367686e+01	3.438806e+00
9.515924e+01	-1.798980e-01	-8.826508e-01	1.364485e+01	3.425250e+00
1.036495e+02	-5.116273e-02	-8.615945e-01	1.349811e+01	3.510812e+00
1.481790e+02	-9.499362e-02	-9.537792e-01	1.359038e+01	3.362075e+00
2.131690e+02	9.674260e-02	-8.131659e-01	1.332133e+01	3.607678e+00
1.295130e+02	-1.654080e-01	-9.354181e-01	1.366882e+01	3.258616e+00
9.046850e+01	-2.080989e-02	-8.749458e-01	1.351129e+01	3.374563e+00
9.399047e+01	8.352723e-03	-9.245809e-01	1.347888e+01	3.342099e+00
1.017265e+02	1.102887e-01	-8.646357e-01	1.333105e+01	3.467062e+00
8.669434e+01	1.532079e-01	-8.804865e-01	1.328568e+01	3.426797e+00
8.104898e+01	1.675396e-01	-9.280102e-01	1.326998e+01	3.359585e+00
1.320574e+02	2.206072e-01	-8.574472e-01	1.314275e+01	3.506210e+00
1.535293e+02	-4.360000e-01	-8.130000e-01	1.224800e+01	2.565000e+00
2.240671e+03	-6.806036e-02	-1.180940e+00	1.188006e+01	2.197060e+00
9.511020e+02	3.573020e-01	-8.586391e-01	1.150000e+01	2.547075e+00
5.288054e+02	5.597286e-02	-7.832600e-01	1.178775e+01	2.911261e+00
1.283053e+02	-1.957254e-01	-8.425513e-01	1.207646e+01	2.857073e+00
8.129669e+01	-3.612123e-01	-9.038457e-01	1.226884e+01	2.801936e+00
1.419190e+02	-4.709597e-01	-9.449902e-01	1.239704e+01	2.762543e+00
1.298275e+02	-5.412433e-01	-9.311243e-01	1.247938e+01	2.751384e+00
1.023523e+02	-5.823734e-01	-8.876988e-01	1.252806e+01	2.761567e+00
1.151499e+02	-6.068277e-01	-8.537688e-01	1.255850e+01	2.773760e+00
1.199753e+02	-6.210014e-01	-8.483547e-01	1.257758e+01	2.779726e+00
1.168367e+02	-6.278806e-01	-8.535887e-01	1.258873e+01	2.783741e+00
1.076817e+02	-6.295180e-01	-8.708933e-01	1.259488e+01	2.784434e+00
1.061745e+02	-6.273951e-01	-8.824203e-01	1.259581e+01	2.790283e+00
1.076276e+02	-6.216171e-01	-8.936709e-01	1.259348e+01	2.795795e+00
1.049657e+02	-6.133885e-01	-8.838468e-01	1.258770e+01	2.808603e+00
1.039850e+02	-6.033341e-01	-8.803464e-01	1.258064e+01	2.819283e+00
1.029596e+02	-5.920074e-01	-8.813139e-01	1.257286e+01	2.828117e+00
1.028024e+02	-5.797455e-01	-8.744832e-01	1.256291e+01	2.841614e+00
1.017398e+02	-5.673401e-01	-8.746760e-01	1.255254e+01	2.853615e+00
1.002718e+02	-5.540491e-01	-8.762865e-01	1.254176e+01	2.863999e+00
9.843636e+01	-5.428269e-01	-8.828456e-01	1.253276e+01	2.869188e+00
9.718680e+01	-5.276608e-01	-8.815119e-01	1.252037e+01	2.881310e+00
9.562897e+01	-5.124326e-01	-8.857084e-01	1.250873e+01	2.888702e+00
9.487820e+01	-4.965968e-01	-8.795566e-01	1.249477e+01	2.902786e+00
9.678373e+01	-4.788537e-01	-8.706568e-01	1.247998e+01	2.913935e+00
9.190878e+01	-4.642212e-01	-8.813333e-01	1.246775e+01	2.919611e+00
9.087081e+01	-4.483538e-01	-8.998626e-01	1.245372e+01	2.925558e+00
9.230795e+01	-4.328222e-01	-9.092113e-01	1.244013e+01	2.932590e+00
9.472104e+01	-4.159212e-01	-9.164944e-01	1.242451e+01	2.940746e+00
8.872433e+01	-3.966835e-01	-8.770675e-01	1.240445e+01	2.969455e+00
1.123355e+02	-3.798604e-01	-8.488436e-01	1.238779e+01	2.990299e+00
9.182817e+01	-3.660133e-01	-8.696815e-01	1.237834e+01	2.976958e+00
8.180581e+01	-3.525409e-01	-8.973419e-01	1.237281e+01	2.948058e+00
8.125202e+01	-3.383263e-01	-9.051151e-01	1.236211e+01	2.940968e+00
7.923986e+01	-3.204777e-01	-8.938726e-01	1.234439e+01	2.954589e+00
7.873824e+01	-3.056046e-01	-8.901468e-01	1.233242e+01	2.951024e+00
8.565407e+01	-2.873910e-01	-8.743601e-01	1.231319e+01	2.966720e+00
7.611204e+01	-2.766871e-01	-9.019279e-01	1.230971e+01	2.935820e+00
1.083659e+02	-2.687192e-01	-9.445323e-01	1.231068e+01	2.889455e+00
7.440561e+01	-2.507810e-01	-9.048884e-01	1.229173e+01	2.909361e+00
1.021665e+02	-2.325105e-01	-8.568675e-01	1.227168e+01	2.936844e+00
7.688845e+01	-2.243864e-01	-8.841317e-01	1.226831e+01	2.902410e+00
7.750726e+01	-2.171039e-01	-9.206393e-01	1.226398e+01	2.871428e+00
8.288026e+01	-2.070979e-01	-9.284431e-01	1.225485e+01	2.856801e+00
7.201120e+01	-1.958318e-01	-8.951736e-01	1.224262e+01	2.862225e+00
9.279443e+01	-1.837697e-01	-8.648259e-01	1.222692e+01	2.872354e+00
7.157500e+01	-1.759132e-01	-8.939947e-01	1.222238e+01	2.839545e+00
7.019578e+01	-1.727150e-01	-9.065640e-01	1.222036e+01	2.815350e+00
7.019346e+01	-1.661260e-01	-9.094080e-01	1.221003e+01	2.812331e+00
7.019903e+01	-1.620732e-01	-8.995463e-01	1.220502e+01	2.802388e+00
7.228084e+01	-1.609735e-01	-8.880859e-01	1.220568e+01	2.776754e+00
7.187738e+01	-1.584576e-01	-8.887101e-01	1.220131e+01	2.765778e+00
6.978030e+01	-1.561924e-01	-8.984676e-01	1.219663e+01	2.756255e+00
6.930270e+01	-1.559352e-01	-9.041296e-01	1.219485e+01	2.738424e+00
7.229794e+01	-1.538322e-01	-8.865530e-01	1.218733e+01	2.738580e+00
7.023997e+01	-1.542658e-01	-8.921433e-01	1.218586e+01	2.720360e+00
6.949010e+01	-1.580832e-01	-9.075382e-01	1.218592e+01	2.705068e+00
6.933259e+01	-1.565877e-01	-8.986975e-01	1.218062e+01	2.698306e+00
7.436271e+01	-1.521585e-01	-8.813892e-01	1.216757e+01	2.708575e+00
7.277704e+01	-1.552250e-01	-8.832662e-01	1.216926e+01	2.684274e+00
7.098201e+01	-1.551664e-01	-8.868256e-01	1.216764e+01	2.664632e+00
7.143289e+01	-1.609459e-01	-9.127520e-01	1.217253e+01	2.629728e+00
8.014939e+01	-1.647498e-01	-9.249921e-01	1.217170e+01	2.616122e+00
7.940140e+01	-1.603870e-01	-8.713837e-01	1.215811e+01	2.641014e+00
9.284412e+01	-1.608684e-01	-8.569574e-01	1.215709e+01	2.622405e+00
6.902947e+01	-1.663838e-01	-8.929521e-01	1.216083e+01	2.592046e+00
6.903197e+01	-1.644170e-01	-9.035057e-01	1.215629e+01	2.572982e+00
7.936084e+01	-1.671604e-01	-9.232801e-01	1.215241e+01	2.565639e+00
7.114296e+01	-1.655326e-01	-8.837864e-01	1.213553e+01	2.601697e+00
7.835940e+01	-1.639982e-01	-8.718498e-01	1.212620e+01	2.606233e+00
7.379291e+01	-1.724691e-01	-9.167807e-01	1.213058e+01	2.576225e+00
7.847603e+01	-1.695946e-01	-9.236173e-01	1.211944e+01	2.578300e+00
3.193742e+02	-1.480000e-01	-7.680000e-01	1.120400e+01	1.410000e+00
1.786992e+03	-5.159396e-01	-1.135940e+00	1.157194e+01	1.042060e+00
1.871979e+02	-6.668775e-01	-7.905049e-01	1.171975e+01	9.118775e-01
1.109471e+03	-7.022849e-01	-6.288506e-01	1.172069e+01	9.159072e-01
1.043601e+03	-6.944995e-01	-6.349705e-01	1.173170e+01	8.748421e-01
2.895021e+02	-6.611153e-01	-7.521672e-01	1.173533e+01	8.276655e-01
1.157564e+02	-6.055336e-01	-8.464843e-01	1.170141e+01	8.424634e-01
1.171514e+02	-5.247607e-01	-9.105148e-01	1.160459e+01	9.231050e-01
1.456186e+02	-4.575169e-01	-9.394722e-01	1.146395e+01	1.066738e+00
7.274763e+01	-3.898725e-01	-9.041222e-01	1.126917e+01	1.274589e+00
6.585689e+01	-2.946217e-01	-8.765630e-01	1.105456e+01	1.455850e+00
9.892774e+01	-2.626647e-01	-8.557853e-01	1.096251e+01	1.544449e+00
6.965069e+01	-4.508051e-01	-8.570242e-01	1.100525e+01	1.580111e+00
7.079959e+01	-5.756553e-01	-8.665348e-01	1.102701e+01	1.553952e+00
6.910159e+01	-5.885685e-01	-8.722188e-01	1.097928e+01	1.548349e+00
6.349896e+01	-5.613209e-01	-8.810323e-01	1.093778e+01	1.497871e+00
5.777427e+01	-4.596330e-01	-8.790044e-01	1.080898e+01	1.514836e+00
5.789375e+01	-4.303221e-01	-8.812311e-01	1.076622e+01	1.459976e+00
5.920175e+01	-4.142442e-01	-8.770278e-01	1.077477e+01	1.423417e+00
5.620476e+01	-4.210005e-01	-8.747042e-01	1.082896e+01	1.339609e+00
5.541710e+01	-4.757055e-01	-8.738319e-01	1.089448e+01	1.278674e+00
5.547400e+01	-4.398581e-01	-8.717692e-01	1.084709e+01	1.277773e+00
5.502892e+01	-4.686958e-01	-8.716897e-01	1.085087e+01	1.228989e+00
5.530566e+01	-4.469012e-01	-8.705724e-01	1.082168e+01	1.210776e+00
5.501457e+01	-4.631165e-01	-8.709686e-01	1.077819e+01	1.190112e+00
5.395911e+01	-4.871443e-01	-8.747048e-01	1.075724e+01	1.183573e+00
5.445161e+01	-4.776161e-01	-8.737007e-01	1.071641e+01	1.173816e+00
5.533180e+01	-5.012802e-01	-8.712551e-01	1.069791e+01	1.171735e+00
5.506953e+01	-4.859336e-01	-8.716472e-01	1.069311e+01	1.147684e+00
5.557009e+01	-5.265313e-01	-8.725429e-01	1.072054e+01	1.176116e+00
5.463348e+01	-4.942936e-01	-8.724274e-01	1.070627e+01	1.152690e+00
5.563535e+01	-4.970354e-01	-8.701055e-01	1.068729e+01	1.150327e+00
5.506705e+01	-4.679812e-01	-8.726359e-01	1.069274e+01	1.117215e+00
5.724266e+01	-5.348148e-01	-8.683937e-01	1.075202e+01	1.145512e+00
5.464882e+01	-5.154328e-01	-8.740291e-01	1.076101e+01	1.130338e+00
5.923505e+01	-4.261226e-01	-8.728983e-01	1.068431e+01	1.173629e+00
5.417961e+01	-4.769138e-01	-8.746425e-01	1.070407e+01	1.148717e+00
5.654420e+01	-5.428992e-01	-8.738115e-01	1.072020e+01	1.215209e+00
5.605151e+01	-5.329214e-01	-8.722847e-01	1.071955e+01	1.186056e+00
5.959880e+01	-4.443520e-01	-8.687316e-01	1.067148e+01	1.168555e+00
5.832271e+01	-5.545593e-01	-8.745260e-01	1.081440e+01	1.144422e+00
5.733240e+01	-5.293109e-01	-8.695694e-01	1.080732e+01	1.159918e+00
5.537341e+01	-4.814896e-01	-8.696805e-01	1.074565e+01	1.166021e+00
5.526719e+01	-4.361761e-01	-8.741380e-01	1.074828e+01	1.107905e+00
5.512476e+01	-4.607483e-01	-8.726115e-01	1.071468e+01	1.148354e+00
3.856902e+03	7.340000e-01	-5.250000e-01	1.394000e+01	3.153000e+00
1.046291e+02	3.660604e-01	-8.929396e-01	1.430794e+01	2.785060e+00
3.049258e+03	4.457790e-02	-1.218350e+00	1.462535e+01	2.468012e+00
3.118062e+03	-1.595941e-01	-1.221002e+00	1.482221e+01	2.291021e+00
2.928732e+03	-3.420505e-01	-1.208961e+00	1.499705e+01	2.136423e+00
2.498218e+03	-4.823823e-01	-1.181730e+00	1.513094e+01	2.019302e+00
8.372073e+02	-6.068252e-01	-1.048245e+00	1.525014e+01	1.917477e+00
1.480738e+02	-7.079762e-01	-8.873973e-01	1.534724e+01	1.835344e+00
3.545674e+02	-7.984811e-01	-7.403810e-01	1.543418e+01	1.762372e+00
9.928902e+02	-8.745209e-01	-6.405848e-01	1.550755e+01	1.700740e+00
1.942406e+03	-9.425264e-01	-5.673944e-01	1.557358e+01	1.645247e+00
2.332280e+03	-1.000878e+00	-5.457989e-01	1.563076e+01	1.596820e+00
1.273268e+03	-1.053272e+00	-6.144681e-01	1.568249e+01	1.552914e+00
4.836630e+02	-1.098881e+00	-7.111105e-01	1.572783e+01	1.514272e+00
1.790891e+02	-1.139712e+00	-8.140810e-01	1.576870e+01	1.479392e+00
1.636825e+02	-1.175591e+00	-9.080021e-01	1.580472e+01	1.448649e+00
4.138591e+02	-1.207812e+00	-9.903967e-01	1.583713e+01	1.421027e+00
7.753454e+02	-1.236357e+00	-1.041015e+00	1.586591e+01	1.396484e+00
1.160833e+03	-1.262013e+00	-1.080558e+00	1.589182e+01	1.374415e+00
1.514824e+03	-1.284867e+00	-1.111094e+00	1.591495e+01	1.354744e+00
1.180671e+03	-1.305393e+00	-1.082388e+00	1.593585e+01	1.336869e+00
8.473774e+02	-1.323761e+00	-1.049127e+00	1.595457e+01	1.320876e+00
3.848900e+02	-1.340259e+00	-9.850521e-01	1.597150e+01	1.306364e+00
1.828161e+02	-1.355054e+00	-9.228343e-01	1.598673e+01	1.293306e+00
1.455424e+02	-1.368357e+00	-8.659412e-01	1.600043e+01	1.281553e+00
1.778686e+02	-1.380318e+00	-8.151602e-01	1.601279e+01	1.270935e+00
2.574337e+02	-1.391043e+00	-7.718780e-01	1.602395e+01	1.261298e+00
3.450318e+02	-1.400688e+00	-7.431880e-01	1.603404e+01	1.252507e+00
4.283260e+02	-1.409330e+00	-7.226216e-01	1.604316e+01	1.244489e+00
4.275745e+02	-1.417142e+00	-7.227872e-01	1.605141e+01	1.237219e+00
3.999307e+02	-1.424099e+00	-7.291197e-01	1.605891e+01	1.230449e+00
3.455101e+02	-1.430347e+00	-7.430521e-01	1.606576e+01	1.224158e+00
2.659392e+02	-1.435952e+00	-7.685668e-01	1.607194e+01	1.218433e+00
1.923138e+02	-1.441000e+00	-8.044161e-01	1.607758e+01	1.213160e+00
1.571135e+02	-1.445520e+00	-8.369438e-01	1.608267e+01	1.208348e+00
1.453639e+02	-1.449599e+00	-8.690710e-01	1.608730e+01	1.203923e+00
1.547538e+02	-1.453250e+00	-8.973072e-01	1.609148e+01	1.199912e+00
1.814197e+02	-1.456548e+00	-9.219135e-01	1.609528e+01	1.196238e+00
2.188534e+02	-1.459501e+00	-9.422110e-01	1.609870e+01	1.192910e+00
2.527058e+02	-1.462163e+00	-9.540270e-01	1.610183e+01	1.189849e+00
2.784575e+02	-1.464551e+00	-9.613951e-01	1.610465e+01	1.187087e+00
2.574132e+02	-1.466706e+00	-9.554533e-01	1.610723e+01	1.184539e+00
2.304107e+02	-1.468631e+00	-9.466216e-01	1.610956e+01	1.182230e+00
2.036239e+02	-1.470363e+00	-9.354402e-01	1.611169e+01	1.180097e+00
1.794289e+02	-1.471912e+00	-9.205712e-01	1.611360e+01	1.178169e+00
1.619480e+02	-1.473298e+00	-9.061846e-01	1.611536e+01	1.176378e+00
1.511181e+02	-1.474538e+00	-8.904379e-01	1.611694e+01	1.174753e+00
1.456278e+02	-1.475639e+00	-8.738814e-01	1.611840e+01	1.173219e+00
1.468494e+02	-1.476623e+00	-8.593540e-01	1.611971e+01	1.171835e+00
1.515967e+02	-1.477507e+00	-8.468842e-01	1.612091e+01	1.170551e+00
1.576799e+02	-1.478276e+00	-8.361108e-01	1.612200e+01	1.169334e+00
1.654756e+02	-1.478955e+00	-8.265640e-01	1.612301e+01	1.168182e+00
1.690781e+02	-1.479545e+00	-8.229198e-01	1.612392e+01	1.167091e+00
1.707559e+02	-1.480065e+00	-8.213353e-01	1.612477e+01	1.166040e+00
1.673062e+02	-1.480508e+00	-8.246669e-01	1.612554e+01	1.165045e+00
1.601752e+02	-1.480897e+00	-8.327280e-01	1.612624e+01	1.164115e+00
1.547718e+02	-1.481221e+00	-8.406560e-01	1.612689e+01	1.163207e+00
1.510275e+02	-1.481488e+00	-8.482334e-01	1.612749e+01	1.162317e+00
1.474601e+02	-1.481716e+00	-8.574631e-01	1.612804e+01	1.161489e+00
1.454162e+02	-1.481913e+00	-8.674965e-01	1.612853e+01	1.160721e+00
1.458463e+02	-1.482063e+00	-8.754075e-01	1.612899e+01	1.159972e+00
1.475586e+02	-1.482180e+00	-8.820773e-01	1.612942e+01	1.159253e+00
1.494566e+02	-1.482270e+00	-8.867140e-01	1.612981e+01	1.158574e+00
1.509830e+02	-1.482337e+00	-8.901024e-01	1.613017e+01	1.157937e+00
1.513260e+02	-1.482377e+00	-8.909439e-01	1.613050e+01	1.157318e+00
1.505733e+02	-1.482392e+00	-8.890021e-01	1.613082e+01	1.156720e+00
1.494147e+02	-1.482391e+00	-8.866254e-01	1.613110e+01	1.156154e+00
1.482493e+02	-1.482367e+00	-8.839336e-01	1.613138e+01	1.155596e+00
1.466819e+02	-1.482333e+00	-8.792425e-01	1.613163e+01	1.155070e+00
1.455053e+02	-1.482281e+00	-8.727567e-01	1.613187e+01	1.154545e+00
1.454048e+02	-1.482218e+00	-8.676880e-01	1.613208e+01	1.154049e+00
1.458385e+02	-1.482152e+00	-8.637223e-01	1.613227e+01	1.153578e+00
1.468688e+02	-1.482063e+00	-8.592807e-01	1.613247e+01	1.153098e+00
6.164303e+02	-1.300000e-01	-6.870000e-01	1.404800e+01	1.998000e+00
8.924914e+02	2.379396e-01	-1.054940e+00	1.441594e+01	1.630060e+00
3.489335e+02	5.426970e-01	-7.372051e-01	1.412139e+01	1.813965e+00
2.077123e+02	9.869630e-01	-9.524332e-01	1.366628e+01	2.012534e+00
9.183055e+02	1.289599e+00	-8.495129e-01	1.327460e+01	2.432208e+00
1.692687e+03	7.061882e-01	-1.128524e+00	1.385764e+01	1.857257e+00
1.153940e+03	6.660879e-01	-6.284789e-01	1.389572e+01	1.906691e+00
2.450790e+02	6.546967e-01	-7.680508e-01	1.390623e+01	1.861479e+00
1.393954e+02	6.550691e-01	-9.156817e-01	1.390604e+01	1.837242e+00
1.146858e+02	6.617962e-01	-8.570562e-01	1.389462e+01	1.886869e+00
1.103691e+02	6.684914e-01	-8.755798e-01	1.388583e+01	1.926030e+00
1.084154e+02	6.781293e-01	-8.724771e-01	1.387400e+01	1.977860e+00
1.077271e+02	6.845221e-01	-8.810916e-01	1.386509e+01	2.026859e+00
1.050798e+02	6.952488e-01	-8.707554e-01	1.384873e+01	2.091606e+00
1.072651e+02	7.006589e-01	-8.904316e-01	1.384117e+01	2.127876e+00
1.051272e+02	7.127329e-01	-8.906909e-01	1.382672e+01	2.195094e+00
1.010510e+02	7.180052e-01	-8.780109e-01	1.381872e+01	2.244810e+00
1.007108e+02	7.207725e-01	-8.728305e-01	1.381242e+01	2.280944e+00
1.001362e+02	7.312848e-01	-8.870534e-01	1.379952e+01	2.338020e+00
1.015519e+02	7.341412e-01	-8.961684e-01	1.379314e+01	2.380347e+00
9.916791e+01	7.454322e-01	-8.742948e-01	1.377898e+01	2.449913e+00
1.014308e+02	7.542124e-01	-8.698512e-01	1.376352e+01	2.512289e+00
1.069565e+02	7.416428e-01	-9.120358e-01	1.377334e+01	2.493157e+00
9.900051e+01	7.489939e-01	-8.995375e-01	1.376336e+01	2.549463e+00
9.975041e+01	7.513530e-01	-8.735339e-01	1.375488e+01	2.610716e+00
9.545458e+01	7.371845e-01	-8.919614e-01	1.376019e+01	2.632026e+00
9.754412e+01	7.393719e-01	-9.034739e-01	1.375553e+01	2.648088e+00
9.935136e+01	7.326842e-01	-9.094864e-01	1.375619e+01	2.667658e+00
1.110331e+02	7.425039e-01	-8.601786e-01	1.374050e+01	2.752915e+00
1.090494e+02	7.129947e-01	-9.242523e-01	1.375736e+01	2.713224e+00
1.674256e+02	7.186651e-01	-8.196419e-01	1.374870e+01	2.793953e+00
9.491092e+01	6.810832e-01	-9.051625e-01	1.377450e+01	2.679662e+00
9.447108e+01	6.833708e-01	-9.063311e-01	1.376846e+01	2.716022e+00
1.064170e+02	5.720000e-01	-8.850000e-01	1.386800e+01	2.124000e+00
4.284622e+03	9.399396e-01	-5.170604e-01	1.350006e+01	2.491940e+00
1.046074e+02	5.753256e-01	-8.793427e-01	1.386311e+01	2.131585e+00
9.531530e+02	3.856444e-01	-1.063510e+00	1.404979e+01	1.950351e+00
1.411027e+03	2.746665e-01	-1.104291e+00	1.415749e+01	1.852477e+00
2.312923e+02	2.119820e-01	-9.525064e-01	1.421693e+01	1.807380e+00
1.551135e+02	1.758352e-01	-8.212909e-01	1.425040e+01	1.786170e+00
3.336274e+02	1.563705e-01	-7.426607e-01	1.426716e+01	1.780436e+00
3.614185e+02	1.454897e-01	-7.354571e-01	1.427642e+01	1.776083e+00
2.265621e+02	1.405153e-01	-7.789226e-01	1.427973e+01	1.775902e+00
1.651118e+02	1.397923e-01	-8.136456e-01	1.427834e+01	1.779632e+00
1.437102e+02	1.424020e-01	-8.346642e-01	1.427249e+01	1.790765e+00
1.324872e+02	1.457831e-01	-8.566639e-01	1.426622e+01	1.799894e+00
1.296559e+02	1.512188e-01	-8.681243e-01	1.425779e+01	1.813296e+00
1.294236e+02	1.565457e-01	-8.740955e-01	1.424989e+01	1.827472e+00
1.286872e+02	1.624866e-01	-8.727404e-01	1.424089e+01	1.842163e+00
1.278571e+02	1.695046e-01	-8.674092e-01	1.422962e+01	1.860564e+00
1.293136e+02	1.764710e-01	-8.569692e-01	1.421808e+01	1.880470e+00
1.298095e+02	1.849650e-01	-8.537846e-01	1.420469e+01	1.900362e+00
1.262891e+02	1.933423e-01	-8.614454e-01	1.419180e+01	1.917632e+00
1.260159e+02	2.031462e-01	-8.588151e-01	1.417757e+01	1.940747e+00
1.242502e+02	2.113639e-01	-8.620602e-01	1.416533e+01	1.959865e+00
1.240632e+02	2.231335e-01	-8.584489e-01	1.414928e+01	1.986065e+00
1.230451e+02	2.342482e-01	-8.577525e-01	1.413290e+01	2.013673e+00
1.219794e+02	2.472336e-01	-8.570418e-01	1.411433e+01	2.039640e+00
1.211246e+02	2.620313e-01	-8.554575e-01	1.409322e+01	2.068340e+00
1.206510e+02	2.755193e-01	-8.532208e-01	1.407336e+01	2.095277e+00
1.171401e+02	2.923110e-01	-8.574617e-01	1.405017e+01	2.123977e+00
1.149669e+02	3.068677e-01	-8.588991e-01	1.402965e+01	2.153521e+00
1.128793e+02	3.241753e-01	-8.598579e-01	1.400766e+01	2.183241e+00
1.112262e+02	3.403779e-01	-8.594760e-01	1.398512e+01	2.215356e+00
1.124513e+02	3.582215e-01	-8.525424e-01	1.396212e+01	2.247987e+00
1.103698e+02	3.763851e-01	-8.532355e-01	1.393737e+01	2.281670e+00
1.048596e+02	3.943854e-01	-8.616296e-01	1.391215e+01	2.314041e+00
1.044564e+02	4.140433e-01	-8.584158e-01	1.388651e+01	2.349019e+00
1.063867e+02	4.331505e-01	-8.513475e-01	1.386027e+01	2.384284e+00
1.013963e+02	4.518932e-01	-8.586184e-01	1.383567e+01	2.416570e+00
9.511466e+01	4.676574e-01	-8.751365e-01	1.381449e+01	2.444417e+00
9.348248e+01	4.872009e-01	-8.756826e-01	1.378900e+01	2.480296e+00
9.222589e+01	5.006831e-01	-8.773941e-01	1.376866e+01	2.510125e+00
9.303522e+01	5.215081e-01	-8.690423e-01	1.373845e+01	2.550842e+00
9.373293e+01	5.355475e-01	-8.668762e-01	1.371486e+01	2.583840e+00
9.345381e+01	5.476046e-01	-8.676576e-01	1.369262e+01	2.616256e+00
9.369362e+01	5.552427e-01	-8.677171e-01	1.367355e+01	2.646069e+00
8.977890e+01	5.559203e-01	-8.769415e-01	1.366251e+01	2.668218e+00
8.823625e+01	5.617054e-01	-8.871173e-01	1.364621e+01	2.694230e+00
8.790017e+01	5.563359e-01	-8.842564e-01	1.364067e+01	2.719339e+00
8.713230e+01	5.415169e-01	-8.903448e-01	1.364727e+01	2.726803e+00
9.024455e+01	5.419472e-01	-8.737163e-01	1.363262e+01	2.764018e+00
1.090868e+02	5.557396e-01	-8.524813e-01	1.360661e+01	2.814112e+00
9.275937e+01	5.220543e-01	-8.682427e-01	1.362439e+01	2.808084e+00
8.516549e+01	4.974165e-01	-8.831800e-01	1.363548e+01	2.807393e+00
8.427169e+01	4.797574e-01	-8.908329e-01	1.364060e+01	2.813587e+00
8.389748e+01	4.748898e-01	-8.867954e-01	1.363308e+01	2.831921e+00
8.496624e+01	4.714583e-01	-8.798270e-01	1.362486e+01	2.854881e+00
8.927267e+01	4.808293e-01	-8.718087e-01	1.360446e+01	2.885513e+00
8.388796e+01	4.664274e-01	-8.825273e-01	1.360501e+01	2.894045e+00
8.278904e+01	4.492006e-01	-8.851743e-01	1.360779e+01	2.902467e+00
8.207575e+01	4.463512e-01	-8.884244e-01	1.359880e+01	2.920756e+00
8.227160e+01	4.484495e-01	-8.863175e-01	1.358377e+01	2.945681e+00
8.295766e+01	4.467044e-01	-8.834903e-01	1.357424e+01	2.965127e+00
8.113334e+01	4.299257e-01	-8.897924e-01	1.357735e+01	2.968546e+00
8.375008e+01	4.325801e-01	-8.805055e-01	1.356491e+01	2.993824e+00
8.290124e+01	4.248751e-01	-8.821502e-01	1.356002e+01	3.013904e+00
8.225594e+01	4.225889e-01	-8.838729e-01	1.355224e+01	3.025931e+00
8.038884e+01	4.091754e-01	-8.893329e-01	1.355481e+01	3.027433e+00
8.077075e+01	4.098643e-01	-8.876381e-01	1.354267e+01	3.045271e+00
8.162261e+01	4.085513e-01	-8.849672e-01	1.353569e+01	3.052950e+00
8.057456e+01	4.047660e-01	-8.881416e-01	1.352789e+01	3.068379e+00
8.367155e+01	3.995955e-01	-8.808739e-01	1.351734e+01	3.096197e+00
7.920428e+01	3.909466e-01	-8.929166e-01	1.351643e+01	3.095484e+00
7.905608e+01	3.837067e-01	-8.927141e-01	1.351154e+01	3.107269e+00
7.860446e+01	3.803498e-01	-8.955510e-01	1.350672e+01	3.114356e+00
2.269276e+02	1.166000e+00	-9.930000e-01	1.415600e+01	3.426000e+00
5.803182e+03	1.533940e+00	-6.250604e-01	1.378806e+01	3.793940e+00
1.758352e+02	1.166483e+00	-9.770797e-01	1.415484e+01	3.431739e+00
9.770606e+02	1.019023e+00	-1.090505e+00	1.430048e+01	3.299442e+00
2.722548e+02	9.702716e-01	-9.964047e-01	1.434268e+01	3.295408e+00
9.179827e+01	9.524151e-01	-8.812457e-01	1.435473e+01	3.319503e+00
1.421604e+02	9.466084e-01	-8.381119e-01	1.435770e+01	3.329683e+00
1.546021e+02	9.434899e-01	-8.311142e-01	1.436024e+01	3.327469e+00
1.154316e+02	9.339233e-01	-8.537610e-01	1.437126e+01	3.313661e+00
9.164654e+01	9.257360e-01	-8.777947e-01	1.438042e+01	3.301291e+00
8.501383e+01	9.213805e-01	-8.945039e-01	1.438535e+01	3.294035e+00
8.481532e+01	9.209852e-01	-8.980917e-01	1.438437e+01	3.296567e+00
8.516254e+01	9.174356e-01	-9.029557e-01	1.438783e+01	3.294130e+00
8.665187e+01	9.123739e-01	-9.113435e-01	1.439347e+01	3.288748e+00
8.467659e+01	9.129621e-01	-8.994755e-01	1.439068e+01	3.297405e+00
8.455944e+01	9.105396e-01	-8.974626e-01	1.439176e+01	3.299756e+00
8.464109e+01	9.105178e-01	-8.950835e-01	1.439003e+01	3.305284e+00
8.452647e+01	9.080132e-01	-8.957388e-01	1.439142e+01	3.306690e+00
8.447367e+01	9.072434e-01	-8.960803e-01	1.439077e+01	3.310269e+00
8.440663e+01	9.040757e-01	-8.997956e-01	1.439291e+01	3.311329e+00
8.431159e+01	9.035957e-01	-8.982716e-01	1.439214e+01	3.315336e+00
8.455560e+01	9.058513e-01	-8.944244e-01	1.438810e+01	3.323749e+00
8.424675e+01	9.016554e-01	-8.968700e-01	1.439204e+01	3.322657e+00
8.418563e+01	8.958012e-01	-8.997928e-01	1.439705e+01	3.320439e+00
8.408738e+01	8.955192e-01	-8.978447e-01	1.439555e+01	3.325238e+00
8.411425e+01	8.941149e-01	-8.958237e-01	1.439494e+01	3.330027e+00
8.399588e+01	8.925925e-01	-8.973576e-01	1.439529e+01	3.332212e+00
8.391457e+01	8.883218e-01	-8.985885e-01	1.439821e+01	3.332623e+00
8.387343e+01	8.881387e-01	-8.979966e-01	1.439656e+01	3.337180e+00
8.384459e+01	8.850113e-01	-8.998764e-01	1.439802e+01	3.339628e+00
8.379791e+01	8.848364e-01	-8.969019e-01	1.439672e+01	3.344617e+00
8.423067e+01	8.791544e-01	-9.038764e-01	1.440153e+01	3.340700e+00
8.372881e+01	8.805255e-01	-9.008577e-01	1.439809e+01	3.350757e+00
8.360548e+01	8.815545e-01	-8.990279e-01	1.439510e+01	3.358174e+00
8.357469e+01	8.793223e-01	-8.974329e-01	1.439538e+01	3.362520e+00
8.404816e+01	8.804053e-01	-8.934502e-01	1.439261e+01	3.368644e+00
8.347705e+01	8.756981e-01	-9.007426e-01	1.439575e+01	3.368439e+00
8.338196e+01	8.718575e-01	-8.972835e-01	1.439701e+01	3.375507e+00
8.385172e+01	8.700949e-01	-9.052329e-01	1.439753e+01	3.375781e+00
8.342235e+01	8.666827e-01	-9.029770e-01	1.439870e+01	3.380716e+00
8.378982e+01	8.667671e-01	-9.058430e-01	1.439708e+01	3.385551e+00
8.425002e+01	8.650284e-01	-9.107411e-01	1.439631e+01	3.390415e+00
8.315694e+01	8.649924e-01	-9.024806e-01	1.439427e+01	3.397728e+00
8.308025e+01	8.665436e-01	-9.015763e-01	1.439107e+01	3.402475e+00
8.329238e+01	8.632359e-01	-8.957505e-01	1.439178e+01	3.408193e+00
8.316735e+01	8.578531e-01	-8.958104e-01	1.439496e+01	3.409207e+00
8.284170e+01	8.564882e-01	-8.995725e-01	1.439437e+01	3.412267e+00
8.283011e+01	8.522489e-01	-9.019586e-01	1.439675e+01	3.412465e+00
8.273751e+01	8.520224e-01	-8.994938e-01	1.439511e+01	3.418861e+00
8.295439e+01	8.470945e-01	-9.049014e-01	1.439745e+01	3.422783e+00
8.318640e+01	8.478421e-01	-9.071870e-01	1.439510e+01	3.428564e+00
8.251752e+01	8.441183e-01	-8.999443e-01	1.439636e+01	3.434600e+00
8.248105e+01	8.452580e-01	-9.011497e-01	1.439295e+01	3.440814e+00
8.242973e+01	8.430823e-01	-9.001380e-01	1.439246e+01	3.446901e+00
8.248264e+01	8.422438e-01	-9.039451e-01	1.439141e+01	3.449778e+00
8.525126e+01	8.456011e-01	-8.885134e-01	1.438522e+01	3.461297e+00
8.279371e+01	8.388877e-01	-9.073182e-01	1.438976e+01	3.456608e+00
8.230113e+01	8.359172e-01	-8.991797e-01	1.438895e+01	3.467272e+00
8.268100e+01	8.329546e-01	-9.075491e-01	1.439079e+01	3.464886e+00
8.265986e+01	8.267497e-01	-9.077303e-01	1.439546e+01	3.463593e+00
8.284546e+01	8.277779e-01	-9.113627e-01	1.439255e+01	3.471911e+00
8.254286e+01	8.293346e-01	-9.083812e-01	1.438993e+01	3.476417e+00
8.239911e+01	8.274502e-01	-9.077483e-01	1.438774e+01	3.484972e+00
8.238196e+01	8.305264e-01	-8.978688e-01	1.438050e+01	3.497334e+00
8.207025e+01	8.246198e-01	-8.992171e-01	1.438388e+01	3.495315e+00
8.405472e+01	8.242620e-01	-8.912178e-01	1.438177e+01	3.502740e+00
8.292094e+01	8.169920e-01	-9.139975e-01	1.438805e+01	3.493943e+00
8.201723e+01	8.096022e-01	-8.975380e-01	1.439353e+01	3.497283e+00
8.172885e+01	8.105399e-01	-9.045234e-01	1.439088e+01	3.501633e+00
8.208522e+01	8.142517e-01	-9.093760e-01	1.438477e+01	3.511736e+00
8.169262e+01	8.110507e-01	-9.059530e-01	1.438579e+01	3.516235e+00
8.154169e+01	8.082897e-01	-9.028615e-01	1.438769e+01	3.516738e+00
8.174328e+01	8.067451e-01	-8.992240e-01	1.438558e+01	3.524550e+00
1.067587e+03	1.202000e+00	-1.074000e+00	1.365200e+01	1.095000e+00
5.337995e+02	1.569940e+00	-7.060604e-01	1.401994e+01	1.462940e+00
1.428278e+02	1.205036e+00	-8.841005e-01	1.438888e+01	1.107341e+00
1.480519e+02	1.183587e+00	-8.997303e-01	1.435397e+01	1.232845e+00
1.330434e+02	1.213174e+00	-8.807593e-01	1.428488e+01	1.378163e+00
1.229587e+02	1.307126e+00	-8.580674e-01	1.415603e+01	1.658332e+00
1.278634e+02	1.418827e+00	-8.854129e-01	1.403299e+01	1.923512e+00
1.617092e+02	7.818236e-01	-9.124870e-01	1.461884e+01	1.430003e+00
1.495515e+02	7.406324e-01	-8.356737e-01	1.464169e+01	1.472509e+00
1.511791e+02	7.595303e-01	-8.300410e-01	1.461042e+01	1.578762e+00
1.406185e+02	7.908245e-01	-8.974372e-01	1.456057e+01	1.703252e+00
1.257532e+02	8.248442e-01	-8.638970e-01	1.450570e+01	1.844348e+00
1.253042e+02	8.868269e-01	-8.444630e-01	1.443605e+01	2.021144e+00
1.118089e+02	9.779215e-01	-8.546498e-01	1.432362e+01	2.240635e+00
1.275565e+02	9.395534e-01	-9.165084e-01	1.432192e+01	2.322327e+00
1.468381e+02	1.044413e+00	-8.226586e-01	1.419630e+01	2.589227e+00
1.451483e+02	4.877853e-01	-9.176281e-01	1.453888e+01	2.320718e+00
1.146776e+02	5.044552e-01	-8.593676e-01	1.449815e+01	2.450051e+00
1.017236e+02	6.099672e-01	-8.764495e-01	1.439718e+01	2.630857e+00
9.559714e+01	7.415020e-01	-8.652429e-01	1.427179e+01	2.839600e+00
9.747574e+01	6.734256e-01	-9.052750e-01	1.428411e+01	2.873482e+00
8.578551e+01	7.225466e-01	-8.931301e-01	1.421612e+01	3.065243e+00
8.963067e+01	8.132256e-01	-8.807802e-01	1.414491e+01	3.189847e+00
8.830453e+01	5.075202e-01	-8.996569e-01	1.425342e+01	3.199447e+00
8.257885e+01	5.877030e-01	-8.959251e-01	1.418841e+01	3.284563e+00
1.128720e+02	5.007134e-01	-9.319079e-01	1.422882e+01	3.180103e+00
5.783668e+02	8.034593e-01	-7.544735e-01	1.399060e+01	3.649613e+00
1.145560e+03	-1.801777e-01	-1.081777e+00	1.483734e+01	2.584500e+00
3.248114e+04	-1.109843e-01	-1.457034e-01	1.481717e+01	2.726136e+00
1.177892e+03	8.600000e-01	-7.770000e-01	1.278800e+01	1.662000e+00
1.859624e+03	4.920604e-01	-1.144940e+00	1.315594e+01	2.029940e+00
8.182099e+02	4.634155e-01	-1.055802e+00	1.318128e+01	2.106853e+00
1.198460e+03	4.576211e-01	-6.408342e-01	1.318345e+01	2.232157e+00
1.228508e+02	4.357987e-01	-9.151101e-01	1.320835e+01	2.009405e+00
1.264649e+02	4.165531e-01	-9.189458e-01	1.322510e+01	1.999069e+00
1.077712e+02	4.193868e-01	-8.998847e-01	1.321696e+01	2.060227e+00
1.009225e+02	4.030514e-01	-8.878769e-01	1.322704e+01	2.112788e+00
9.984253e+01	4.037377e-01	-8.737164e-01	1.322351e+01	2.140401e+00
9.889358e+01	4.038562e-01	-8.833138e-01	1.322142e+01	2.158078e+00
9.850999e+01	3.859352e-01	-8.681435e-01	1.323179e+01	2.204499e+00
9.453929e+01	3.616801e-01	-8.772440e-01	1.324861e+01	2.217580e+00
9.387095e+01	3.640925e-01	-8.744065e-01	1.324286e+01	2.266728e+00
9.328727e+01	3.662400e-01	-8.735103e-01	1.323795e+01	2.310007e+00
9.087191e+01	3.475938e-01	-8.803863e-01	1.324946e+01	2.329634e+00
9.015026e+01	3.428552e-01	-8.848325e-01	1.325130e+01	2.354453e+00
9.006229e+01	3.332503e-01	-8.726538e-01	1.325321e+01	2.403129e+00
8.816610e+01	3.278024e-01	-8.867469e-01	1.325502e+01	2.419109e+00
8.876505e+01	3.195267e-01	-8.717572e-01	1.325558e+01	2.470021e+00
1.012246e+02	2.980430e-01	-9.160494e-01	1.326975e+01	2.446709e+00
9.623242e+01	3.050802e-01	-8.574517e-01	1.325824e+01	2.539290e+00
8.537565e+01	2.849337e-01	-8.949369e-01	1.326776e+01	2.562460e+00
8.432359e+01	2.896235e-01	-8.774554e-01	1.326065e+01	2.595827e+00
8.621851e+01	2.911584e-01	-8.717766e-01	1.325685e+01	2.613411e+00
8.452170e+01	2.779032e-01	-9.004066e-01	1.326149e+01	2.630580e+00
8.245908e+01	2.728299e-01	-8.783298e-01	1.325775e+01	2.707585e+00
8.175287e+01	2.683663e-01	-8.937584e-01	1.326072e+01	2.687096e+00
8.484404e+01	2.628218e-01	-8.718107e-01	1.325627e+01	2.765165e+00
8.451070e+01	2.583252e-01	-9.067483e-01	1.326047e+01	2.711620e+00
8.355341e+01	2.564622e-01	-8.739312e-01	1.325345e+01	2.786256e+00
8.012965e+01	2.510978e-01	-8.930714e-01	1.325725e+01	2.754711e+00
8.554717e+01	2.512507e-01	-9.110290e-01	1.325590e+01	2.748930e+00
9.801036e+01	2.489626e-01	-8.550506e-01	1.324973e+01	2.829759e+00
7.861876e+01	2.473068e-01	-8.928478e-01	1.324777e+01	2.835690e+00
7.904148e+01	2.365591e-01	-8.962994e-01	1.325235e+01	2.832207e+00
7.964113e+01	2.206348e-01	-8.959796e-01	1.326188e+01	2.809474e+00
8.276288e+01	2.314805e-01	-8.748408e-01	1.324677e+01	2.888720e+00
8.221068e+01	2.279352e-01	-9.116571e-01	1.324770e+01	2.872811e+00
8.300345e+01	2.279985e-01	-8.746926e-01	1.324241e+01	2.923121e+00
7.748562e+01	2.131259e-01	-8.909077e-01	1.324736e+01	2.923038e+00
7.814887e+01	2.163389e-01	-8.996382e-01	1.324432e+01	2.912671e+00
7.746008e+01	2.222049e-01	-8.898048e-01	1.323802e+01	2.933939e+00
7.756403e+01	2.128371e-01	-8.997397e-01	1.323957e+01	2.945861e+00
7.719330e+01	2.024995e-01	-8.895047e-01	1.324084e+01	2.975456e+00
7.746236e+01	2.082337e-01	-9.027586e-01	1.323599e+01	2.969164e+00
8.674523e+01	1.939207e-01	-9.201516e-01	1.324476e+01	2.927778e+00
1.038694e+02	2.094191e-01	-8.535538e-01	1.322746e+01	3.043040e+00
1.565782e+02	1.346000e+00	-8.580000e-01	1.390400e+01	2.040000e+00
3.196687e+03	9.780604e-01	-1.225940e+00	1.427194e+01	1.672060e+00
1.284243e+02	7.988703e-01	-8.604454e-01	1.443399e+01	1.730836e+00
6.049006e+02	7.410967e-01	-6.883040e-01	1.446399e+01	1.939491e+00
2.848069e+02	7.106488e-01	-7.556703e-01	1.448562e+01	1.947557e+00
1.254859e+02	7.198299e-01	-8.863080e-01	1.447034e+01	1.981615e+00
1.957434e+02	7.742844e-01	-9.469999e-01	1.439879e+01	2.173661e+00
1.298462e+02	8.705527e-01	-9.231451e-01	1.428045e+01	2.453384e+00
1.272720e+02	1.012206e+00	-8.451501e-01	1.410593e+01	2.785135e+00
1.523389e+02	1.017164e+00	-8.392628e-01	1.405324e+01	2.940327e+00
9.979082e+01	7.862320e-01	-8.586089e-01	1.421999e+01	2.855583e+00
9.365826e+01	6.420349e-01	-8.873383e-01	1.430795e+01	2.838214e+00
9.342268e+01	6.398905e-01	-8.992979e-01	1.427609e+01	2.929895e+00
8.599572e+01	7.240186e-01	-8.999053e-01	1.418066e+01	3.092368e+00
9.396068e+01	8.166095e-01	-8.810013e-01	1.407669e+01	3.275325e+00
1.202324e+02	9.271355e-01	-8.897576e-01	1.395125e+01	3.434122e+00
9.201454e+01	6.458486e-01	-9.242516e-01	1.416627e+01	3.291346e+00
8.344102e+01	5.358914e-01	-8.994401e-01	1.422507e+01	3.342477e+00
8.428129e+01	5.345600e-01	-8.834159e-01	1.420784e+01	3.434764e+00
8.337498e+01	5.764446e-01	-8.871935e-01	1.415870e+01	3.536382e+00
7.955328e+01	6.085862e-01	-9.015164e-01	1.412568e+01	3.565140e+00
8.021195e+01	6.623673e-01	-9.105967e-01	1.407344e+01	3.620696e+00
8.286655e+01	6.867915e-01	-9.292011e-01	1.404108e+01	3.651535e+00
8.730378e+01	7.483327e-01	-9.260307e-01	1.396905e+01	3.758038e+00
8.334198e+01	6.887809e-01	-9.208701e-01	1.398861e+01	3.769743e+00
7.898537e+01	5.878957e-01	-9.189503e-01	1.401905e+01	3.794572e+00
7.843579e+01	5.363983e-01	-9.240806e-01	1.403571e+01	3.775653e+00
7.848762e+01	4.922261e-01	-9.226800e-01	1.404729e+01	3.774022e+00
8.739122e+01	5.664574e-01	-8.998213e-01	1.397160e+01	3.863121e+00
7.782655e+01	4.976673e-01	-9.178675e-01	1.399924e+01	3.814219e+00
8.170182e+01	5.237553e-01	-9.051022e-01	1.396714e+01	3.845860e+00
9.329953e+01	6.054955e-01	-9.027156e-01	1.389994e+01	3.895647e+00
1.076181e+02	3.974032e-01	-9.507849e-01	1.405771e+01	3.705053e+00
9.940900e+01	4.153322e-01	-8.731859e-01	1.404279e+01	3.790302e+00
8.780737e+01	3.903589e-01	-8.834715e-01	1.406485e+01	3.744629e+00
7.969958e+01	3.918165e-01	-9.041539e-01	1.408152e+01	3.669063e+00
7.849621e+01	4.526783e-01	-9.109977e-01	1.403940e+01	3.685846e+00
7.816015e+01	5.174505e-01	-9.102887e-01	1.399474e+01	3.719941e+00
8.694131e+01	6.092746e-01	-9.028573e-01	1.392535e+01	3.777935e+00
1.112727e+02	6.487497e-01	-8.909782e-01	1.387161e+01	3.860096e+00
1.786722e+02	4.139158e-01	-9.778011e-01	1.406377e+01	3.591915e+00
9.894938e+02	1.076000e+00	-1.065000e+00	1.401200e+01	1.011000e+00
7.732941e+02	1.443940e+00	-6.970604e-01	1.364406e+01	1.378940e+00
2.639745e+02	1.076308e+00	-7.654438e-01	1.401185e+01	1.011435e+00
1.732461e+02	1.035788e+00	-8.121848e-01	1.405191e+01	9.750319e-01
1.399861e+02	1.032550e+00	-8.564778e-01	1.405212e+01	9.845955e-01
1.373165e+02	1.032560e+00	-8.702985e-01	1.404981e+01	9.996342e-01
1.372731e+02	1.034508e+00	-8.637395e-01	1.404675e+01	1.014654e+00
1.430359e+02	1.035081e+00	-8.454022e-01	1.404425e+01	1.027598e+00
1.365098e+02	1.037606e+00	-8.761456e-01	1.403678e+01	1.049940e+00
1.390876e+02	1.039484e+00	-8.859239e-01	1.403026e+01	1.071349e+00
1.384723e+02	1.042094e+00	-8.518888e-01	1.402405e+01	1.093053e+00
1.345994e+02	1.043758e+00	-8.608670e-01	1.401943e+01	1.118804e+00
1.333381e+02	1.046856e+00	-8.745095e-01	1.401489e+01	1.141557e+00
1.331867e+02	1.049719e+00	-8.774970e-01	1.401060e+01	1.164834e+00
1.353679e+02	1.053078e+00	-8.517994e-01	1.400469e+01	1.195755e+00
1.418136e+02	1.053408e+00	-8.376181e-01	1.400321e+01	1.209438e+00
1.332925e+02	1.057736e+00	-8.859226e-01	1.399179e+01	1.251531e+00
1.345279e+02	1.065585e+00	-8.454420e-01	1.397535e+01	1.307514e+00
1.407001e+02	1.057503e+00	-9.019862e-01	1.398015e+01	1.308494e+00
1.296084e+02	1.055858e+00	-8.827600e-01	1.397931e+01	1.328171e+00
1.402238e+02	1.063268e+00	-8.338517e-01	1.396938e+01	1.375060e+00
1.390161e+02	1.052597e+00	-8.348548e-01	1.397401e+01	1.396740e+00
1.344601e+02	1.055583e+00	-8.988013e-01	1.396509e+01	1.431073e+00
1.314849e+02	1.051585e+00	-8.447155e-01	1.396473e+01	1.457000e+00
1.300491e+02	1.056752e+00	-8.456400e-01	1.395332e+01	1.508921e+00
1.390135e+02	1.026904e+00	-9.068871e-01	1.396821e+01	1.512056e+00
1.266299e+02	1.035965e+00	-8.501995e-01	1.395775e+01	1.569829e+00
1.400066e+02	1.046381e+00	-8.297730e-01	1.394346e+01	1.630556e+00
1.625240e+02	9.887373e-01	-9.271267e-01	1.397266e+01	1.608899e+00
1.926434e+02	9.992869e-01	-7.925005e-01	1.396105e+01	1.672615e+00
2.406008e+02	9.203046e-01	-9.582117e-01	1.400270e+01	1.620822e+00
3.289198e+03	1.256000e+00	-6.780000e-01	1.318400e+01	2.796000e+00
6.986522e+02	8.880604e-01	-1.045940e+00	1.355194e+01	2.428060e+00
1.117742e+02	7.520083e-01	-9.100398e-01	1.368424e+01	2.356133e+00
1.152222e+02	6.977846e-01	-8.459903e-01	1.373623e+01	2.335380e+00
1.287153e+02	6.771095e-01	-8.309301e-01	1.375551e+01	2.331835e+00
1.168929e+02	6.659900e-01	-8.411478e-01	1.376569e+01	2.328482e+00
1.046673e+02	6.625284e-01	-8.580912e-01	1.376804e+01	2.333892e+00
9.839743e+01	6.610128e-01	-8.721073e-01	1.376795e+01	2.344734e+00
9.745297e+01	6.606317e-01	-8.811172e-01	1.376713e+01	2.354226e+00
9.724845e+01	6.591849e-01	-8.761601e-01	1.376728e+01	2.367105e+00
9.678167e+01	6.607828e-01	-8.787048e-01	1.376367e+01	2.382667e+00
9.790883e+01	6.629873e-01	-8.704523e-01	1.375896e+01	2.403577e+00
9.615394e+01	6.623881e-01	-8.785903e-01	1.375794e+01	2.415467e+00
9.580289e+01	6.637236e-01	-8.832550e-01	1.375439e+01	2.433306e+00
9.559721e+01	6.631088e-01	-8.779576e-01	1.375307e+01	2.449279e+00
9.635044e+01	6.639619e-01	-8.728256e-01	1.375017e+01	2.468912e+00
9.514169e+01	6.628553e-01	-8.770367e-01	1.374956e+01	2.483300e+00
9.482055e+01	6.626281e-01	-8.769909e-01	1.374741e+01	2.504489e+00
9.405575e+01	6.618543e-01	-8.810504e-01	1.374651e+01	2.518325e+00
9.363519e+01	6.609944e-01	-8.820085e-01	1.374517e+01	2.537294e+00
9.373753e+01	6.608693e-01	-8.786940e-01	1.374287e+01	2.555096e+00
9.379247e+01	6.583531e-01	-8.919798e-01	1.374345e+01	2.566319e+00
9.296447e+01	6.593313e-01	-8.801474e-01	1.373941e+01	2.591434e+00
9.256661e+01	6.582078e-01	-8.900402e-01	1.373790e+01	2.606727e+00
9.686910e+01	6.585459e-01	-8.684429e-01	1.373483e+01	2.634193e+00
9.263303e+01	6.591870e-01	-8.788574e-01	1.373192e+01	2.652218e+00
9.240090e+01	6.560730e-01	-8.785327e-01	1.373198e+01	2.669762e+00
9.104044e+01	6.521873e-01	-8.833278e-01	1.373265e+01	2.687244e+00
9.070717e+01	6.509008e-01	-8.839879e-01	1.373107e+01	2.705204e+00
9.005293e+01	6.505754e-01	-8.888201e-01	1.372735e+01	2.733312e+00
9.194176e+01	6.482042e-01	-8.775481e-01	1.372705e+01	2.749542e+00
1.004886e+03	2.840000e-01	-8.490000e-01	1.134800e+01	1.830000e+00
2.772257e+03	-8.393964e-02	-1.216940e+00	1.171594e+01	2.197940e+00
1.298942e+02	-1.028458e-01	-8.571029e-01	1.166890e+01	2.542516e+00
2.155223e+02	-1.333790e-01	-8.132644e-01	1.170360e+01	2.546328e+00
1.126761e+02	-1.642226e-01	-8.471878e-01	1.176861e+01	2.431929e+00
6.881728e+01	-1.781739e-01	-8.856040e-01	1.180327e+01	2.356039e+00
6.624853e+01	-1.903208e-01	-8.937117e-01	1.182238e+01	2.323182e+00
6.649378e+01	-1.891315e-01	-8.901274e-01	1.182485e+01	2.307271e+00
6.587717e+01	-1.970195e-01	-8.978957e-01	1.183287e+01	2.289315e+00
7.245369e+01	-1.997299e-01	-9.149568e-01	1.184678e+01	2.246838e+00
6.872389e+01	-1.968475e-01	-8.798551e-01	1.182961e+01	2.281523e+00
6.739678e+01	-1.952718e-01	-8.831660e-01	1.183121e+01	2.262027e+00
6.616765e+01	-2.033225e-01	-8.877236e-01	1.183885e+01	2.240920e+00
6.606030e+01	-2.132420e-01	-8.929946e-01	1.184647e+01	2.221138e+00
6.595751e+01	-2.077126e-01	-8.904604e-01	1.183990e+01	2.212515e+00
6.627039e+01	-2.050848e-01	-8.922200e-01	1.184457e+01	2.175962e+00
6.657484e+01	-2.068834e-01	-8.837861e-01	1.183466e+01	2.190259e+00
6.615062e+01	-2.115557e-01	-8.858069e-01	1.183076e+01	2.180588e+00
6.607679e+01	-2.107984e-01	-8.872395e-01	1.183232e+01	2.162784e+00
6.683015e+01	-2.245711e-01	-8.932284e-01	1.184994e+01	2.126043e+00
6.628696e+01	-2.127519e-01	-8.930293e-01	1.182371e+01	2.139440e+00
6.605185e+01	-2.137668e-01	-8.935376e-01	1.180915e+01	2.144846e+00
6.793892e+01	-2.092939e-01	-8.775410e-01	1.180374e+01	2.136272e+00
6.669527e+01	-2.056519e-01	-8.824185e-01	1.180560e+01	2.101566e+00
6.604981e+01	-2.142778e-01	-8.874709e-01	1.180506e+01	2.093331e+00
6.813036e+01	-2.355689e-01	-8.967258e-01	1.183691e+01	2.038639e+00
6.600268e+01	-2.182632e-01	-8.892317e-01	1.179328e+01	2.076025e+00
6.620436e+01	-2.013495e-01	-8.849995e-01	1.175833e+01	2.109558e+00
6.628546e+01	-2.180858e-01	-8.954486e-01	1.177654e+01	2.062827e+00
6.756371e+01	-2.094235e-01	-8.778809e-01	1.177067e+01	2.036251e+00
6.673499e+01	-2.226959e-01	-8.792497e-01	1.176669e+01	2.044985e+00
2.113662e+02	-2.920000e-01	-9.480000e-01	1.379600e+01	2.103000e+00
1.913607e+03	7.593964e-02	-5.800604e-01	1.342806e+01	2.470940e+00
2.003999e+02	-2.806932e-01	-9.441989e-01	1.378580e+01	2.107161e+00
1.646920e+02	-2.229360e-01	-9.279744e-01	1.374373e+01	2.106115e+00
1.344986e+02	-1.700911e-01	-9.085028e-01	1.367925e+01	2.145967e+00
1.163759e+02	-1.076307e-01	-8.885663e-01	1.361687e+01	2.186214e+00
1.021037e+02	3.816572e-02	-8.686513e-01	1.347577e+01	2.245833e+00
9.639336e+01	1.005021e-01	-8.734775e-01	1.340117e+01	2.285610e+00
8.952202e+01	2.506295e-01	-8.724143e-01	1.325343e+01	2.340775e+00
9.055829e+01	3.094339e-01	-8.715249e-01	1.315340e+01	2.383974e+00
1.041161e+02	-9.686927e-02	-8.914388e-01	1.339059e+01	2.409090e+00
9.030457e+01	1.974584e-02	-8.729613e-01	1.325636e+01	2.485444e+00
8.770741e+01	6.785758e-02	-8.909788e-01	1.319553e+01	2.502103e+00
8.106956e+01	1.351664e-01	-8.821588e-01	1.309637e+01	2.569041e+00
8.029752e+01	1.904731e-01	-8.818301e-01	1.301077e+01	2.598325e+00
1.006610e+02	-2.197607e-01	-8.948284e-01	1.322282e+01	2.620994e+00
8.854608e+01	-1.103632e-01	-8.740385e-01	1.311602e+01	2.675981e+00
8.860208e+01	7.955175e-02	-8.622582e-01	1.295365e+01	2.749730e+00
1.015819e+02	-1.114147e-01	-9.150221e-01	1.308876e+01	2.645904e+00
7.889856e+01	6.550985e-02	-9.035778e-01	1.293990e+01	2.699184e+00
1.059949e+02	2.295449e-01	-8.638946e-01	1.277420e+01	2.798202e+00
1.788985e+02	-3.358165e-01	-9.491091e-01	1.317962e+01	2.610569e+00
9.502517e+01	-1.681531e-01	-8.607609e-01	1.303246e+01	2.746209e+00
7.847583e+01	-3.806661e-02	-8.856187e-01	1.293519e+01	2.763135e+00
7.676679e+01	7.503423e-02	-8.811536e-01	1.284986e+01	2.766192e+00
8.708883e+01	-1.446064e-01	-8.979059e-01	1.297880e+01	2.723463e+00
7.603837e+01	-8.229825e-03	-8.840360e-01	1.284352e+01	2.794216e+00
8.630539e+01	-6.542790e-02	-9.106635e-01	1.291072e+01	2.713609e+00
1.082352e+02	1.338297e-01	-8.573673e-01	1.267285e+01	2.856870e+00
2.364302e+02	-5.511322e-01	-9.602746e-01	1.326673e+01	2.502786e+00
5.289739e+02	-3.818618e-01	-7.072202e-01	1.315754e+01	2.640494e+00
8.843851e+02	1.400000e+00	-6.690000e-01	1.448000e+01	2.523000e+00
7.105636e+02	1.032060e+00	-1.036940e+00	1.484794e+01	2.155060e+00
6.054950e+02	1.047512e+00	-1.024080e+00	1.482326e+01	2.177021e+00
2.323010e+02	1.141216e+00	-7.734305e-01	1.470269e+01	2.294440e+00
1.108578e+02	1.161126e+00	-8.701605e-01	1.467731e+01	2.293173e+00
1.128841e+02	1.200464e+00	-8.959992e-01	1.461412e+01	2.362604e+00
1.033385e+02	1.281528e+00	-8.849704e-01	1.449974e+01	2.442657e+00
1.045101e+02	1.325517e+00	-8.685272e-01	1.443024e+01	2.512768e+00
1.087720e+02	1.032421e+00	-8.925640e-01	1.462620e+01	2.502215e+00
1.044259e+02	1.125698e+00	-8.586316e-01	1.451243e+01	2.620785e+00
1.054392e+02	9.358132e-01	-8.889355e-01	1.463092e+01	2.595652e+00
9.751480e+01	1.011803e+00	-8.853011e-01	1.453900e+01	2.695737e+00
9.555699e+01	1.092497e+00	-8.735246e-01	1.443022e+01	2.790109e+00
1.010618e+02	8.377345e-01	-8.993090e-01	1.455310e+01	2.814714e+00
9.920588e+01	9.338499e-01	-8.612380e-01	1.444274e+01	2.907640e+00
1.092985e+02	7.072743e-01	-9.127616e-01	1.455682e+01	2.914946e+00
8.810892e+01	8.757325e-01	-8.839713e-01	1.441241e+01	3.041571e+00
9.329275e+01	6.510284e-01	-8.829195e-01	1.453235e+01	3.037637e+00
8.611608e+01	8.387319e-01	-8.964022e-01	1.438097e+01	3.152785e+00
9.204198e+01	6.523275e-01	-9.046932e-01	1.445833e+01	3.181573e+00
9.328333e+01	8.380277e-01	-8.745820e-01	1.427926e+01	3.311133e+00
1.054225e+02	3.725663e-01	-9.119240e-01	1.453151e+01	3.252459e+00
8.903950e+01	5.038746e-01	-8.993904e-01	1.441895e+01	3.340290e+00
9.734183e+01	6.575265e-01	-8.652046e-01	1.429527e+01	3.418777e+00
1.250076e+02	6.461966e-01	-9.496349e-01	1.429712e+01	3.361989e+00
7.519923e+02	1.021965e+00	-7.536532e-01	1.400225e+01	3.682449e+00
4.448565e+03	-1.657758e-01	-1.296176e+00	1.515412e+01	2.650883e+00
3.208899e+03	-2.615288e-01	-1.226652e+00	1.524158e+01	2.593625e+00
4.338466e+04	-1.960035e-01	-8.760246e-02	1.518722e+01	2.799591e+00
