# loss | a0 ... a9
1.190486e+04	-9.629630e-01	-7.407407e-01	8.148148e+00	4.666667e+00	2.222222e+00	6.444444e-01	-1.666667e-01	-8.888889e-01	9.555556e+00
3.907646e+03	-1.112963e+00	-8.907407e-01	8.298148e+00	4.816667e+00	2.072222e+00	4.944444e-01	-1.666667e-02	-1.038889e+00	9.705556e+00
6.101939e+02	-1.265860e+00	-1.070610e+00	8.466808e+00	4.676797e+00	1.915240e+00	3.103949e-01	1.189571e-01	-1.178154e+00	9.896861e+00
4.941121e+02	-1.408100e+00	-1.250769e+00	8.639239e+00	4.481270e+00	1.767610e+00	1.073617e-01	1.833495e-01	-1.085606e+00	1.007786e+01
9.406861e+02	-1.531790e+00	-1.396547e+00	8.767994e+00	4.408690e+00	1.645251e+00	-3.168906e-02	2.378451e-01	-9.931078e-01	1.022752e+01
1.228203e+03	-1.641830e+00	-1.526165e+00	8.881696e+00	4.343654e+00	1.536879e+00	-1.551376e-01	2.851258e-01	-9.059295e-01	1.035681e+01
1.346855e+03	-1.739675e+00	-1.640598e+00	8.979933e+00	4.290018e+00	1.441800e+00	-2.620451e-01	3.267032e-01	-8.250098e-01	1.046935e+01
1.387370e+03	-1.826732e+00	-1.741932e+00	9.063462e+00	4.246684e+00	1.358771e+00	-3.544711e-01	3.627100e-01	-7.481888e-01	1.056781e+01
1.392187e+03	-1.904703e+00	-1.833008e+00	9.134893e+00	4.210468e+00	1.285996e+00	-4.352753e-01	3.774358e-01	-6.329731e-01	1.065625e+01
1.383591e+03	-1.956937e+00	-1.894270e+00	9.180253e+00	4.189024e+00	1.238383e+00	-4.877581e-01	3.718252e-01	-5.187336e-01	1.071570e+01
1.375156e+03	-2.003758e+00	-1.949179e+00	9.220334e+00	4.171210e+00	1.195920e+00	-5.341344e-01	3.643772e-01	-4.116698e-01	1.076919e+01
1.370286e+03	-2.045844e+00	-1.998638e+00	9.254869e+00	4.156580e+00	1.158442e+00	-5.748966e-01	3.490314e-01	-2.939028e-01	1.081723e+01
1.383989e+03	-2.083644e+00	-2.043176e+00	9.285417e+00	4.144450e+00	1.124979e+00	-6.110596e-01	3.303953e-01	-1.775142e-01	1.086052e+01
1.450324e+03	-2.117584e+00	-2.083336e+00	9.312148e+00	4.135021e+00	1.095218e+00	-6.428695e-01	3.071732e-01	-5.917834e-02	1.089953e+01
1.638049e+03	-2.148045e+00	-2.119510e+00	9.335720e+00	4.127740e+00	1.068638e+00	-6.710040e-01	2.822375e-01	5.587293e-02	1.093461e+01
1.402790e+03	-2.172112e+00	-2.135952e+00	9.379254e+00	4.058040e+00	1.037723e+00	-7.239760e-01	3.845368e-01	-4.002558e-02	1.095323e+01
1.375172e+03	-2.193726e+00	-2.150832e+00	9.417993e+00	3.996205e+00	1.010102e+00	-7.711789e-01	4.753648e-01	-1.248509e-01	1.097001e+01
1.384900e+03	-2.210406e+00	-2.162392e+00	9.447717e+00	3.948976e+00	9.888482e-01	-8.073792e-01	5.448302e-01	-1.895265e-01	1.098304e+01
1.399844e+03	-2.225368e+00	-2.172762e+00	9.474374e+00	3.906595e+00	9.697884e-01	-8.398519e-01	6.071494e-01	-2.475485e-01	1.099474e+01
1.414696e+03	-2.238790e+00	-2.182064e+00	9.498281e+00	3.868564e+00	9.526947e-01	-8.689819e-01	6.630577e-01	-2.996017e-01	1.100523e+01
1.428663e+03	-2.250838e+00	-2.190456e+00	9.519628e+00	3.834771e+00	9.373863e-01	-8.949858e-01	7.128992e-01	-3.458153e-01	1.101468e+01
1.442295e+03	-2.261647e+00	-2.197985e+00	9.538775e+00	3.804455e+00	9.236546e-01	-9.183130e-01	7.576134e-01	-3.872747e-01	1.102315e+01
1.455645e+03	-2.271357e+00	-2.204842e+00	9.555761e+00	3.777931e+00	9.113848e-01	-9.389544e-01	7.970520e-01	-4.234377e-01	1.103086e+01
1.457346e+03	-2.282030e+00	-2.212398e+00	9.557248e+00	3.744963e+00	9.079158e-01	-9.528739e-01	8.127074e-01	-4.206574e-01	1.103786e+01
1.458733e+03	-2.291612e+00	-2.219214e+00	9.558465e+00	3.715693e+00	9.048361e-01	-9.652457e-01	8.264975e-01	-4.177460e-01	1.104416e+01
1.459514e+03	-2.299466e+00	-2.224873e+00	9.559099e+00	3.692606e+00	9.024191e-01	-9.750625e-01	8.371096e-01	-4.142492e-01	1.104934e+01
1.459991e+03	-2.306521e+00	-2.230023e+00	9.559538e+00	3.672392e+00	9.002823e-01	-9.836617e-01	8.461661e-01	-4.104152e-01	1.105405e+01
1.460357e+03	-2.312851e+00	-2.234663e+00	9.559896e+00	3.654388e+00	8.983742e-01	-9.913215e-01	8.541694e-01	-4.067923e-01	1.105830e+01
1.451258e+03	-2.320484e+00	-2.240120e+00	9.546295e+00	3.627272e+00	9.041345e-01	-9.939446e-01	8.432214e-01	-3.735213e-01	1.106214e+01
1.443808e+03	-2.327336e+00	-2.245050e+00	9.534019e+00	3.603204e+00	9.093205e-01	-9.961942e-01	8.331788e-01	-3.433473e-01	1.106561e+01
1.437704e+03	-2.333485e+00	-2.249482e+00	9.522975e+00	3.581684e+00	9.139817e-01	-9.981869e-01	8.241142e-01	-3.161879e-01	1.106872e+01
1.432600e+03	-2.339006e+00	-2.253475e+00	9.512997e+00	3.562546e+00	9.181821e-01	-9.999179e-01	8.158585e-01	-2.916230e-01	1.107153e+01
1.428302e+03	-2.343958e+00	-2.257058e+00	9.504045e+00	3.545376e+00	9.219510e-01	-1.001471e+00	8.084519e-01	-2.695850e-01	1.107404e+01
1.422068e+03	-2.348994e+00	-2.260728e+00	9.490415e+00	3.527284e+00	9.281840e-01	-1.000784e+00	7.939201e-01	-2.383024e-01	1.107620e+01
1.416697e+03	-2.353514e+00	-2.264033e+00	9.478137e+00	3.511173e+00	9.337894e-01	-1.000128e+00	7.807949e-01	-2.100991e-01	1.107815e+01
1.411875e+03	-2.357579e+00	-2.267065e+00	9.466978e+00	3.497245e+00	9.388498e-01	-9.993499e-01	7.686022e-01	-1.841955e-01	1.107994e+01
1.407444e+03	-2.361237e+00	-2.269878e+00	9.456795e+00	3.485401e+00	9.434281e-01	-9.984023e-01	7.570966e-01	-1.601766e-01	1.108162e+01
1.403327e+03	-2.364535e+00	-2.272488e+00	9.447409e+00	3.475491e+00	9.475954e-01	-9.973030e-01	7.462082e-01	-1.378042e-01	1.108318e+01
1.399559e+03	-2.367500e+00	-2.274885e+00	9.438893e+00	3.466982e+00	9.513548e-01	-9.961698e-01	7.361035e-01	-1.172796e-01	1.108462e+01
1.395742e+03	-2.370225e+00	-2.277233e+00	9.430366e+00	3.461034e+00	9.549634e-01	-9.945688e-01	7.255933e-01	-9.669544e-02	1.108597e+01
1.392353e+03	-2.372670e+00	-2.279340e+00	9.422714e+00	3.455697e+00	9.582019e-01	-9.931319e-01	7.161643e-01	-7.822870e-02	1.108717e+01
1.389482e+03	-2.374771e+00	-2.281149e+00	9.416136e+00	3.451106e+00	9.609871e-01	-9.918961e-01	7.080625e-01	-6.236141e-02	1.108821e+01
1.386791e+03	-2.376677e+00	-2.282846e+00	9.409922e+00	3.447663e+00	9.635641e-01	-9.905720e-01	7.002669e-01	-4.734284e-02	1.108916e+01
1.384433e+03	-2.378386e+00	-2.284368e+00	9.404338e+00	3.444561e+00	9.658826e-01	-9.893812e-01	6.932730e-01	-3.386898e-02	1.109001e+01
1.382065e+03	-2.379950e+00	-2.285917e+00	9.398884e+00	3.443162e+00	9.680642e-01	-9.878249e-01	6.858234e-01	-2.018995e-02	1.109088e+01
1.379581e+03	-2.381455e+00	-2.287501e+00	9.392770e+00	3.443594e+00	9.703614e-01	-9.858481e-01	6.775263e-01	-5.496785e-03	1.109164e+01
1.377223e+03	-2.382843e+00	-2.289097e+00	9.386867e+00	3.445093e+00	9.725405e-01	-9.836230e-01	6.689126e-01	9.211105e-03	1.109244e+01
1.375286e+03	-2.384089e+00	-2.290529e+00	9.381571e+00	3.446437e+00	9.744959e-01	-9.816266e-01	6.611850e-01	2.240600e-02	1.109315e+01
1.372454e+03	-2.385549e+00	-2.292798e+00	9.372579e+00	3.455698e+00	9.773608e-01	-9.771110e-01	6.470658e-01	4.429005e-02	1.109398e+01
1.370609e+03	-2.386869e+00	-2.295020e+00	9.364100e+00	3.465628e+00	9.800078e-01	-9.725379e-01	6.331696e-01	6.545890e-02	1.109482e+01
1.369998e+03	-2.388036e+00	-2.297005e+00	9.356569e+00	3.474617e+00	9.823424e-01	-9.684548e-01	6.208437e-01	8.429512e-02	1.109557e+01
1.370729e+03	-2.389162e+00	-2.299043e+00	9.348841e+00	3.484746e+00	9.846862e-01	-9.641052e-01	6.079542e-01	1.036584e-01	1.109630e+01
1.373358e+03	-2.390278e+00	-2.301096e+00	9.340795e+00	3.495389e+00	9.871076e-01	-9.596152e-01	5.945953e-01	1.233940e-01	1.109697e+01
1.377813e+03	-2.391278e+00	-2.302938e+00	9.333577e+00	3.504937e+00	9.892803e-01	-9.555868e-01	5.826107e-01	1.410994e-01	1.109758e+01
1.384176e+03	-2.392183e+00	-2.304648e+00	9.326991e+00	3.513866e+00	9.912567e-01	-9.518378e-01	5.715007e-01	1.574070e-01	1.109815e+01
1.386255e+03	-2.392963e+00	-2.304717e+00	9.321807e+00	3.513985e+00	9.930189e-01	-9.515288e-01	5.696174e-01	1.635755e-01	1.109715e+01
1.388605e+03	-2.393672e+00	-2.304841e+00	9.317018e+00	3.514503e+00	9.946349e-01	-9.511000e-01	5.675261e-01	1.695852e-01	1.109629e+01
1.397682e+03	-2.394635e+00	-2.306004e+00	9.309168e+00	3.522257e+00	9.970211e-01	-9.481567e-01	5.582059e-01	1.840573e-01	1.109577e+01
1.409267e+03	-2.395527e+00	-2.307186e+00	9.301797e+00	3.530166e+00	9.992403e-01	-9.451873e-01	5.489483e-01	1.981105e-01	1.109536e+01
1.422144e+03	-2.396322e+00	-2.308228e+00	9.295222e+00	3.537133e+00	1.001224e+00	-9.425666e-01	5.407644e-01	2.105782e-01	1.109499e+01
1.398356e+03	-2.396310e+00	-2.304400e+00	9.297252e+00	3.517436e+00	1.001192e+00	-9.502957e-01	5.613291e-01	1.916169e-01	1.109140e+01
1.385030e+03	-2.396359e+00	-2.301091e+00	9.298500e+00	3.500498e+00	1.001330e+00	-9.569298e-01	5.788378e-01	1.757200e-01	1.108819e+01
1.377117e+03	-2.396405e+00	-2.298145e+00	9.299579e+00	3.485429e+00	1.001464e+00	-9.628329e-01	5.944209e-01	1.615997e-01	1.108533e+01
1.372459e+03	-2.396445e+00	-2.295500e+00	9.300529e+00	3.471895e+00	1.001595e+00	-9.681234e-01	6.084008e-01	1.489321e-01	1.108276e+01
1.369839e+03	-2.396478e+00	-2.293127e+00	9.301373e+00	3.459745e+00	1.001717e+00	-9.728673e-01	6.209425e-01	1.375678e-01	1.108046e+01
1.368657e+03	-2.396614e+00	-2.291250e+00	9.301008e+00	3.450407e+00	1.002141e+00	-9.765024e-01	6.303779e-01	1.296024e-01	1.107844e+01
1.368137e+03	-2.396779e+00	-2.289831e+00	9.300118e+00	3.443794e+00	1.002643e+00	-9.791332e-01	6.373006e-01	1.243090e-01	1.107680e+01
1.367920e+03	-2.396984e+00	-2.288886e+00	9.298561e+00	3.440124e+00	1.003262e+00	-9.806993e-01	6.415878e-01	1.219149e-01	1.107552e+01
1.367793e+03	-2.397227e+00	-2.288199e+00	9.296458e+00	3.438020e+00	1.004002e+00	-9.816868e-01	6.443204e-01	1.212096e-01	1.107439e+01
1.367697e+03	-2.397440e+00	-2.287635e+00	9.294379e+00	3.436768e+00	1.004685e+00	-9.824206e-01	6.465227e-01	1.209735e-01	1.107340e+01
1.367769e+03	-2.398029e+00	-2.288128e+00	9.288005e+00	3.442744e+00	1.006493e+00	-9.805174e-01	6.415200e-01	1.297202e-01	1.107265e+01
1.368082e+03	-2.398556e+00	-2.288569e+00	9.282278e+00	3.448095e+00	1.008120e+00	-9.788076e-01	6.370318e-01	1.375673e-01	1.107198e+01
1.367997e+03	-2.398923e+00	-2.288088e+00	9.278451e+00	3.448058e+00	1.009312e+00	-9.791637e-01	6.378809e-01	1.393035e-01	1.107049e+01
1.367496e+03	-2.399152e+00	-2.286733e+00	9.276281e+00	3.442973e+00	1.010135e+00	-9.814592e-01	6.436962e-01	1.354109e-01	1.106816e+01
1.367216e+03	-2.399394e+00	-2.285665e+00	9.273844e+00	3.439531e+00	1.010992e+00	-9.831399e-01	6.479810e-01	1.330966e-01	1.106612e+01
1.367024e+03	-2.399608e+00	-2.284706e+00	9.271639e+00	3.436424e+00	1.011771e+00	-9.846423e-01	6.518247e-01	1.310206e-01	1.106430e+01
1.366910e+03	-2.399807e+00	-2.284044e+00	9.269259e+00	3.435294e+00	1.012520e+00	-9.854994e-01	6.542511e-01	1.304728e-01	1.106278e+01
1.366818e+03	-2.399985e+00	-2.283450e+00	9.267121e+00	3.434274e+00	1.013194e+00	-9.862679e-01	6.564278e-01	1.299813e-01	1.106142e+01
1.366777e+03	-2.400340e+00	-2.283592e+00	9.262993e+00	3.437677e+00	1.014359e+00	-9.853438e-01	6.540709e-01	1.347359e-01	1.106056e+01
1.367435e+03	-2.401143e+00	-2.284956e+00	9.253896e+00	3.449202e+00	1.016823e+00	-9.814215e-01	6.435029e-01	1.495499e-01	1.106004e+01
1.368998e+03	-2.401862e+00	-2.286179e+00	9.245724e+00	3.459530e+00	1.019041e+00	-9.778999e-01	6.340219e-01	1.628400e-01	1.105957e+01
1.371616e+03	-2.402529e+00	-2.287425e+00	9.238091e+00	3.469737e+00	1.021097e+00	-9.744013e-01	6.246731e-01	1.757209e-01	1.105926e+01
1.375726e+03	-2.403229e+00	-2.288747e+00	9.230238e+00	3.480085e+00	1.023227e+00	-9.707737e-01	6.147714e-01	1.890693e-01	1.105901e+01
1.382727e+03	-2.403957e+00	-2.290420e+00	9.221979e+00	3.492588e+00	1.025417e+00	-9.663943e-01	6.030104e-01	2.043629e-01	1.105903e+01
1.392522e+03	-2.404661e+00	-2.292104e+00	9.213977e+00	3.505051e+00	1.027529e+00	-9.620342e-01	5.913042e-01	2.194384e-01	1.105911e+01
1.404061e+03	-2.405284e+00	-2.293578e+00	9.206853e+00	3.516013e+00	1.029418e+00	-9.581934e-01	5.810040e-01	2.327487e-01	1.105915e+01
1.388960e+03	-2.405123e+00	-2.290111e+00	9.208357e+00	3.501310e+00	1.029397e+00	-9.642777e-01	5.976599e-01	2.185328e-01	1.105494e+01
1.380135e+03	-2.405045e+00	-2.287193e+00	9.208999e+00	3.489237e+00	1.029570e+00	-9.692951e-01	6.113890e-01	2.071479e-01	1.105121e+01
1.375806e+03	-2.405162e+00	-2.285054e+00	9.207488e+00	3.481402e+00	1.030264e+00	-9.726807e-01	6.206145e-01	2.005862e-01	1.104793e+01
1.369152e+03	-2.404989e+00	-2.280952e+00	9.209328e+00	3.463747e+00	1.030230e+00	-9.800271e-01	6.399749e-01	1.836083e-01	1.104254e+01
1.366269e+03	-2.404893e+00	-2.277570e+00	9.210209e+00	3.449793e+00	1.030380e+00	-9.859299e-01	6.556943e-01	1.702813e-01	1.103788e+01
1.365185e+03	-2.404906e+00	-2.274875e+00	9.209883e+00	3.439363e+00	1.030790e+00	-9.904420e-01	6.677976e-01	1.606577e-01	1.103388e+01
1.364868e+03	-2.404916e+00	-2.272457e+00	9.209586e+00	3.429999e+00	1.031162e+00	-9.944892e-01	6.786558e-01	1.520240e-01	1.103028e+01
1.365028e+03	-2.404923e+00	-2.270287e+00	9.209312e+00	3.421581e+00	1.031504e+00	-9.981181e-01	6.883969e-01	1.442785e-01	1.102706e+01
1.365408e+03	-2.404948e+00	-2.268487e+00	9.208780e+00	3.414852e+00	1.031874e+00	-1.001050e+00	6.963670e-01	1.381620e-01	1.102433e+01
1.365030e+03	-2.405499e+00	-2.268139e+00	9.202408e+00	3.417096e+00	1.033739e+00	-1.000547e+00	6.953445e-01	1.427902e-01	1.102215e+01
1.364523e+03	-2.406147e+00	-2.268300e+00	9.194717e+00	3.422166e+00	1.035902e+00	-9.989530e-01	6.915735e-01	1.504316e-01	1.102039e+01
1.364228e+03	-2.406722e+00	-2.267951e+00	9.187917e+00	3.424573e+00	1.037881e+00	-9.984068e-01	6.904216e-01	1.553316e-01	1.101787e+01
1.363945e+03	-2.407362e+00	-2.267946e+00	9.180269e+00	3.428777e+00	1.040042e+00	-9.971612e-01	6.874261e-01	1.621750e-01	1.101565e+01
1.363853e+03	-2.408024e+00	-2.268403e+00	9.172288e+00	3.435467e+00	1.042226e+00	-9.950001e-01	6.822666e-01	1.711274e-01	1.101404e+01
1.364084e+03	-2.408643e+00	-2.268984e+00	9.164776e+00	3.442440e+00	1.044264e+00	-9.926921e-01	6.767378e-01	1.801224e-01	1.101278e+01
1.364715e+03	-2.409231e+00	-2.269686e+00	9.157645e+00	3.449777e+00	1.046176e+00	-9.902287e-01	6.708146e-01	1.892399e-01	1.101181e+01
1.365886e+03	-2.409815e+00	-2.270528e+00	9.150539e+00	3.457750e+00	1.048065e+00	-9.875241e-01	6.642787e-01	1.988474e-01	1.101104e+01
1.367610e+03	-2.410356e+00	-2.271420e+00	9.143883e+00	3.465634e+00	1.049827e+00	-9.848096e-01	6.576896e-01	2.082069e-01	1.101051e+01
1.371753e+03	-2.411219e+00	-2.273030e+00	9.134203e+00	3.477218e+00	1.052420e+00	-9.805385e-01	6.464230e-01	2.226241e-01	1.101016e+01
1.380006e+03	-2.412220e+00	-2.275255e+00	9.123072e+00	3.492329e+00	1.055339e+00	-9.749906e-01	6.318170e-01	2.405239e-01	1.101022e+01
1.394695e+03	-2.413403e+00	-2.277828e+00	9.110481e+00	3.508783e+00	1.058690e+00	-9.687656e-01	6.148246e-01	2.607149e-01	1.101036e+01
1.385704e+03	-2.413573e+00	-2.274796e+00	9.107990e+00	3.499066e+00	1.059776e+00	-9.728407e-01	6.266462e-01	2.537755e-01	1.100434e+01
1.379336e+03	-2.413732e+00	-2.272112e+00	9.105653e+00	3.490549e+00	1.060778e+00	-9.764129e-01	6.370556e-01	2.477499e-01	1.099897e+01
1.374748e+03	-2.413883e+00	-2.269730e+00	9.103443e+00	3.483032e+00	1.061710e+00	-9.795606e-01	6.462390e-01	2.425119e-01	1.099415e+01
1.371923e+03	-2.414068e+00	-2.267841e+00	9.100829e+00	3.477633e+00	1.062701e+00	-9.818625e-01	6.532000e-01	2.391549e-01	1.099002e+01
1.369721e+03	-2.414229e+00	-2.266144e+00	9.098472e+00	3.472760e+00	1.063605e+00	-9.839250e-01	6.594449e-01	2.361433e-01	1.098632e+01
1.368399e+03	-2.414418e+00	-2.264851e+00	9.095845e+00	3.469612e+00	1.064531e+00	-9.853138e-01	6.638969e-01	2.346249e-01	1.098321e+01
1.367762e+03	-2.414640e+00	-2.263948e+00	9.092833e+00	3.468215e+00	1.065517e+00	-9.860203e-01	6.665696e-01	2.346596e-01	1.098063e+01
1.367977e+03	-2.414938e+00	-2.263556e+00	9.088904e+00	3.469306e+00	1.066704e+00	-9.857560e-01	6.667380e-01	2.370641e-01	1.097862e+01
1.368291e+03	-2.415225e+00	-2.263255e+00	9.085153e+00	3.470549e+00	1.067834e+00	-9.854051e-01	6.665783e-01	2.395611e-01	1.097683e+01
1.369053e+03	-2.415528e+00	-2.263225e+00	9.081246e+00	3.472929e+00	1.068972e+00	-9.846109e-01	6.652286e-01	2.430262e-01	1.097546e+01
1.370555e+03	-2.415927e+00	-2.263509e+00	9.076609e+00	3.476491e+00	1.070298e+00	-9.832784e-01	6.621785e-01	2.480043e-01	1.097441e+01
1.373125e+03	-2.416329e+00	-2.264183e+00	9.071449e+00	3.482342e+00	1.071670e+00	-9.812008e-01	6.574921e-01	2.546544e-01	1.097380e+01
1.377770e+03	-2.416946e+00	-2.265304e+00	9.064542e+00	3.490041e+00	1.073527e+00	-9.782675e-01	6.500415e-01	2.640039e-01	1.097336e+01
1.371534e+03	-2.416898e+00	-2.262209e+00	9.064358e+00	3.479566e+00	1.073979e+00	-9.825021e-01	6.625519e-01	2.557207e-01	1.096679e+01
1.367305e+03	-2.416852e+00	-2.259416e+00	9.064171e+00	3.470115e+00	1.074398e+00	-9.863138e-01	6.738328e-01	2.482516e-01	1.096086e+01
1.364457e+03	-2.416806e+00	-2.256907e+00	9.063973e+00	3.461613e+00	1.074791e+00	-9.897250e-01	6.839532e-01	2.415509e-01	1.095555e+01
1.362997e+03	-2.416844e+00	-2.255094e+00	9.062506e+00	3.456563e+00	1.075417e+00	-9.918766e-01	6.909247e-01	2.378817e-01	1.095112e+01
1.362460e+03	-2.417103e+00	-2.253999e+00	9.059064e+00	3.454728e+00	1.076533e+00	-9.926924e-01	6.941168e-01	2.378851e-01	1.094735e+01
1.363778e+03	-2.417900e+00	-2.254524e+00	9.050514e+00	3.460583e+00	1.078943e+00	-9.903402e-01	6.886033e-01	2.466740e-01	1.094486e+01
1.365459e+03	-2.418638e+00	-2.255056e+00	9.042566e+00	3.466116e+00	1.081191e+00	-9.880966e-01	6.832979e-01	2.549446e-01	1.094264e+01
1.367355e+03	-2.419296e+00	-2.255533e+00	9.035428e+00	3.471063e+00	1.083216e+00	-9.860821e-01	6.785383e-01	2.623645e-01	1.094064e+01
1.364904e+03	-2.419489e+00	-2.253224e+00	9.032661e+00	3.464991e+00	1.084320e+00	-9.884493e-01	6.866738e-01	2.591053e-01	1.093370e+01
1.363387e+03	-2.419783e+00	-2.251352e+00	9.029165e+00	3.460364e+00	1.085599e+00	-9.901641e-01	6.926931e-01	2.575055e-01	1.092747e+01
1.362566e+03	-2.420108e+00	-2.249992e+00	9.025219e+00	3.457815e+00	1.086945e+00	-9.910737e-01	6.965267e-01	2.576189e-01	1.092223e+01
1.362367e+03	-2.420528e+00	-2.249176e+00	9.020404e+00	3.457437e+00	1.088475e+00	-9.911144e-01	6.978291e-01	2.598212e-01	1.091790e+01
1.359955e+03	-2.420508e+00	-2.245860e+00	9.019725e+00	3.447167e+00	1.089130e+00	-9.950392e-01	7.105914e-01	2.525798e-01	1.090886e+01
1.358699e+03	-2.420516e+00	-2.243162e+00	9.018291e+00	3.439849e+00	1.089859e+00	-9.979674e-01	7.208540e-01	2.475298e-01	1.090094e+01
1.358264e+03	-2.420737e+00	-2.241776e+00	9.014700e+00	3.438378e+00	1.091015e+00	-9.986991e-01	7.251565e-01	2.476960e-01	1.089526e+01
1.358335e+03	-2.421466e+00	-2.241592e+00	9.006625e+00	3.441902e+00	1.093361e+00	-9.971880e-01	7.227743e-01	2.544013e-01	1.089047e+01
1.358542e+03	-2.422152e+00	-2.241506e+00	8.999000e+00	3.445443e+00	1.095577e+00	-9.956552e-01	7.201691e-01	2.609105e-01	1.088620e+01
1.359484e+03	-2.422947e+00	-2.242230e+00	8.990296e+00	3.452511e+00	1.097976e+00	-9.928348e-01	7.140243e-01	2.703525e-01	1.088343e+01
1.361049e+03	-2.423752e+00	-2.243104e+00	8.981415e+00	3.459884e+00	1.100436e+00	-9.898137e-01	7.071808e-01	2.801826e-01	1.088103e+01
1.359969e+03	-2.424095e+00	-2.241327e+00	8.976536e+00	3.457893e+00	1.102057e+00	-9.904164e-01	7.123587e-01	2.812550e-01	1.087275e+01
1.359001e+03	-2.424321e+00	-2.239699e+00	8.972303e+00	3.456271e+00	1.103444e+00	-9.909843e-01	7.174190e-01	2.819955e-01	1.086532e+01
1.358646e+03	-2.424695e+00	-2.238709e+00	8.966987e+00	3.456585e+00	1.105099e+00	-9.906886e-01	7.194269e-01	2.848969e-01	1.085919e+01
1.358320e+03	-2.425024e+00	-2.237818e+00	8.962184e+00	3.456837e+00	1.106605e+00	-9.904140e-01	7.212281e-01	2.874999e-01	1.085368e+01
1.358374e+03	-2.425431e+00	-2.237365e+00	8.956767e+00	3.458812e+00	1.108221e+00	-9.895088e-01	7.210740e-01	2.915858e-01	1.084900e+01
1.359936e+03	-2.426295e+00	-2.238112e+00	8.947819e+00	3.465367e+00	1.110725e+00	-9.866627e-01	7.146208e-01	3.011029e-01	1.084565e+01
1.362162e+03	-2.427052e+00	-2.239034e+00	8.939378e+00	3.472619e+00	1.113013e+00	-9.837000e-01	7.079331e-01	3.105215e-01	1.084311e+01
1.365149e+03	-2.427817e+00	-2.240020e+00	8.931030e+00	3.479607e+00	1.115307e+00	-9.807424e-01	7.009159e-01	3.198731e-01	1.084088e+01
1.361688e+03	-2.427948e+00	-2.237141e+00	8.927224e+00	3.475394e+00	1.116706e+00	-9.819917e-01	7.108344e-01	3.192493e-01	1.082877e+01
1.359080e+03	-2.428075e+00	-2.234578e+00	8.923721e+00	3.471696e+00	1.117986e+00	-9.830734e-01	7.196186e-01	3.187950e-01	1.081791e+01
1.357329e+03	-2.428223e+00	-2.232509e+00	8.920140e+00	3.469155e+00	1.119253e+00	-9.837195e-01	7.264426e-01	3.191255e-01	1.080867e+01
1.355930e+03	-2.428349e+00	-2.230648e+00	8.916871e+00	3.466867e+00	1.120415e+00	-9.842804e-01	7.325642e-01	3.194222e-01	1.080038e+01
1.355445e+03	-2.428795e+00	-2.229608e+00	8.911285e+00	3.467055e+00	1.122197e+00	-9.836841e-01	7.343679e-01	3.229839e-01	1.079318e+01
1.356088e+03	-2.429523e+00	-2.229692e+00	8.903507e+00	3.471425e+00	1.124458e+00	-9.815386e-01	7.309445e-01	3.304493e-01	1.078796e+01
1.357749e+03	-2.430398e+00	-2.230413e+00	8.894702e+00	3.477778e+00	1.126951e+00	-9.786121e-01	7.245860e-01	3.398123e-01	1.078406e+01
1.359684e+03	-2.431165e+00	-2.231049e+00	8.886694e+00	3.483370e+00	1.129255e+00	-9.759582e-01	7.188811e-01	3.482123e-01	1.078056e+01
1.362663e+03	-2.431979e+00	-2.231988e+00	8.878448e+00	3.489941e+00	1.131580e+00	-9.729859e-01	7.119100e-01	3.573340e-01	1.077774e+01
1.356725e+03	-2.431840e+00	-2.227649e+00	8.875833e+00	3.483987e+00	1.132792e+00	-9.744261e-01	7.274648e-01	3.558445e-01	1.076010e+01
1.353649e+03	-2.431985e+00	-2.224523e+00	8.871411e+00	3.481144e+00	1.134427e+00	-9.746447e-01	7.376054e-01	3.573894e-01	1.074527e+01
1.351631e+03	-2.432171e+00	-2.222040e+00	8.866958e+00	3.479449e+00	1.136020e+00	-9.745090e-01	7.452988e-01	3.595461e-01	1.073280e+01
1.350351e+03	-2.432427e+00	-2.220220e+00	8.862357e+00	3.479138e+00	1.137576e+00	-9.739618e-01	7.504181e-01	3.625216e-01	1.072259e+01
1.349370e+03	-2.432656e+00	-2.218747e+00	8.857594e+00	3.479682e+00	1.139126e+00	-9.731709e-01	7.543889e-01	3.659270e-01	1.071355e+01
1.347303e+03	-2.432587e+00	-2.214926e+00	8.853592e+00	3.476686e+00	1.140695e+00	-9.731550e-01	7.675747e-01	3.676975e-01	1.069495e+01
1.346268e+03	-2.432794e+00	-2.212470e+00	8.848062e+00	3.477035e+00	1.142548e+00	-9.720335e-01	7.749378e-01	3.720946e-01	1.068027e+01
1.345586e+03	-2.432975e+00	-2.210265e+00	8.843080e+00	3.477323e+00	1.144228e+00	-9.710219e-01	7.815433e-01	3.760393e-01	1.066710e+01
1.345194e+03	-2.433111e+00	-2.208277e+00	8.838512e+00	3.477447e+00	1.145814e+00	-9.700901e-01	7.874689e-01	3.795784e-01	1.065528e+01
1.344861e+03	-2.433413e+00	-2.206943e+00	8.832857e+00	3.479088e+00	1.147624e+00	-9.686181e-01	7.905374e-01	3.846122e-01	1.064499e+01
1.344655e+03	-2.433671e+00	-2.205738e+00	8.827681e+00	3.480513e+00	1.149300e+00	-9.672663e-01	7.932898e-01	3.891284e-01	1.063575e+01
1.343878e+03	-2.434528e+00	-2.207016e+00	8.819582e+00	3.487736e+00	1.151516e+00	-9.640821e-01	7.852838e-01	3.981897e-01	1.063363e+01
1.343425e+03	-2.435462e+00	-2.208946e+00	8.811579e+00	3.495291e+00	1.153670e+00	-9.608975e-01	7.747257e-01	4.071173e-01	1.063454e+01
1.344122e+03	-2.436649e+00	-2.212128e+00	8.802879e+00	3.504718e+00	1.155900e+00	-9.572406e-01	7.590062e-01	4.171718e-01	1.063979e+01
1.347486e+03	-2.438030e+00	-2.216057e+00	8.793287e+00	3.516071e+00	1.158285e+00	-9.529607e-01	7.400859e-01	4.287650e-01	1.064660e+01
1.353438e+03	-2.439158e+00	-2.219538e+00	8.784770e+00	3.526372e+00	1.160394e+00	-9.491310e-01	7.236322e-01	4.390727e-01	1.065272e+01
1.345732e+03	-2.438415e+00	-2.214392e+00	8.781787e+00	3.526689e+00	1.161627e+00	-9.475591e-01	7.418153e-01	4.432151e-01	1.063189e+01
1.342127e+03	-2.437906e+00	-2.210189e+00	8.778135e+00	3.528022e+00	1.162998e+00	-9.457011e-01	7.562311e-01	4.481149e-01	1.061366e+01
1.340982e+03	-2.437508e+00	-2.206536e+00	8.774485e+00	3.529458e+00	1.164342e+00	-9.438936e-01	7.685565e-01	4.528781e-01	1.059739e+01
1.341646e+03	-2.437114e+00	-2.203240e+00	8.770996e+00	3.530573e+00	1.165684e+00	-9.422112e-01	7.796133e-01	4.571514e-01	1.058279e+01
1.342079e+03	-2.437336e+00	-2.202288e+00	8.765750e+00	3.534181e+00	1.167361e+00	-9.398932e-01	7.811717e-01	4.631331e-01	1.057502e+01
1.342330e+03	-2.437724e+00	-2.201913e+00	8.760131e+00	3.538559e+00	1.169077e+00	-9.373958e-01	7.804335e-01	4.696253e-01	1.056869e+01
1.341808e+03	-2.438410e+00	-2.202626e+00	8.753908e+00	3.543956e+00	1.170873e+00	-9.346901e-01	7.753457e-01	4.767109e-01	1.056547e+01
1.340750e+03	-2.439265e+00	-2.204214e+00	8.747350e+00	3.549774e+00	1.172731e+00	-9.319403e-01	7.668507e-01	4.837375e-01	1.056526e+01
1.340059e+03	-2.439996e+00	-2.205622e+00	8.741302e+00	3.554838e+00	1.174510e+00	-9.294269e-01	7.592288e-01	4.900413e-01	1.056507e+01
1.339819e+03	-2.441223e+00	-2.208734e+00	8.734180e+00	3.561416e+00	1.176444e+00	-9.266397e-01	7.447596e-01	4.971750e-01	1.056939e+01
1.341435e+03	-2.442307e+00	-2.211519e+00	8.727715e+00	3.567240e+00	1.178237e+00	-9.241177e-01	7.317786e-01	5.035748e-01	1.057326e+01
1.345178e+03	-2.443227e+00	-2.214329e+00	8.721601e+00	3.572706e+00	1.179980e+00	-9.217565e-01	7.191726e-01	5.094972e-01	1.057767e+01
1.348986e+03	-2.443578e+00	-2.216231e+00	8.717315e+00	3.576562e+00	1.181328e+00	-9.200469e-01	7.111876e-01	5.134235e-01	1.058152e+01
1.350074e+03	-2.443175e+00	-2.216811e+00	8.715071e+00	3.578501e+00	1.182278e+00	-9.190213e-01	7.096000e-01	5.151807e-01	1.058402e+01
1.351176e+03	-2.442788e+00	-2.217367e+00	8.713009e+00	3.580283e+00	1.183172e+00	-9.180666e-01	7.080926e-01	5.167949e-01	1.058638e+01
1.355292e+03	-2.442779e+00	-2.218897e+00	8.710010e+00	3.583363e+00	1.184232e+00	-9.167238e-01	7.024019e-01	5.194918e-01	1.059021e+01
1.359214e+03	-2.442624e+00	-2.220211e+00	8.707254e+00	3.586086e+00	1.185258e+00	-9.154874e-01	6.978392e-01	5.219290e-01	1.059365e+01
1.363612e+03	-2.442505e+00	-2.221487e+00	8.704562e+00	3.588634e+00	1.186257e+00	-9.142975e-01	6.933010e-01	5.242251e-01	1.059691e+01
1.367994e+03	-2.442341e+00	-2.222598e+00	8.701872e+00	3.590737e+00	1.187324e+00	-9.131464e-01	6.892279e-01	5.262850e-01	1.059984e+01
1.372303e+03	-2.442171e+00	-2.223586e+00	8.699343e+00	3.592515e+00	1.188361e+00	-9.120808e-01	6.855736e-01	5.281331e-01	1.060247e+01
1.340916e+03	-2.435297e+00	-2.198664e+00	8.703633e+00	3.587905e+00	1.189157e+00	-9.077754e-01	7.465894e-01	5.359333e-01	1.054998e+01
1.351319e+03	-2.428619e+00	-2.175455e+00	8.708446e+00	3.582910e+00	1.189737e+00	-9.041514e-01	8.038868e-01	5.421144e-01	1.050209e+01
1.357815e+03	-2.422589e+00	-2.154611e+00	8.712557e+00	3.578332e+00	1.190380e+00	-9.008328e-01	8.552890e-01	5.476596e-01	1.045912e+01
1.362270e+03	-2.417162e+00	-2.135906e+00	8.716197e+00	3.574148e+00	1.191005e+00	-8.978432e-01	9.014034e-01	5.526343e-01	1.042057e+01
1.367010e+03	-2.412255e+00	-2.119109e+00	8.719268e+00	3.570193e+00	1.191708e+00	-8.951063e-01	9.427736e-01	5.570973e-01	1.038598e+01
1.372209e+03	-2.407800e+00	-2.104010e+00	8.721706e+00	3.566471e+00	1.192527e+00	-8.925493e-01	9.798872e-01	5.611010e-01	1.035495e+01
1.376525e+03	-2.405176e+00	-2.092467e+00	8.722539e+00	3.563706e+00	1.193244e+00	-8.903636e-01	1.006571e+00	5.642542e-01	1.033015e+01
1.381033e+03	-2.402703e+00	-2.082062e+00	8.723016e+00	3.560948e+00	1.194097e+00	-8.883187e-01	1.030619e+00	5.671089e-01	1.030790e+01
1.385501e+03	-2.400421e+00	-2.072694e+00	8.723107e+00	3.558228e+00	1.195084e+00	-8.863772e-01	1.052193e+00	5.696697e-01	1.028792e+01
1.389370e+03	-2.398321e+00	-2.064203e+00	8.723086e+00	3.555631e+00	1.196082e+00	-8.845861e-01	1.071723e+00	5.719879e-01	1.026984e+01
1.391373e+03	-2.398191e+00	-2.059094e+00	8.722747e+00	3.552555e+00	1.196491e+00	-8.838889e-01	1.080892e+00	5.710438e-01	1.025887e+01
1.388459e+03	-2.402869e+00	-2.061638e+00	8.723093e+00	3.547478e+00	1.194848e+00	-8.864929e-01	1.066763e+00	5.601167e-01	1.026537e+01
1.386087e+03	-2.406988e+00	-2.063881e+00	8.723051e+00	3.542643e+00	1.193611e+00	-8.887205e-01	1.054085e+00	5.503132e-01	1.027119e+01
1.383932e+03	-2.410648e+00	-2.065870e+00	8.722790e+00	3.538216e+00	1.192623e+00	-8.906442e-01	1.042710e+00	5.415181e-01	1.027641e+01
1.381985e+03	-2.413910e+00	-2.067645e+00	8.722442e+00	3.534163e+00	1.191819e+00	-8.923344e-01	1.032506e+00	5.336278e-01	1.028109e+01
1.379697e+03	-2.417527e+00	-2.070457e+00	8.721595e+00	3.530350e+00	1.191056e+00	-8.941508e-01	1.019757e+00	5.255918e-01	1.028811e+01
1.377800e+03	-2.420697e+00	-2.072947e+00	8.720489e+00	3.526600e+00	1.190624e+00	-8.956773e-01	1.008318e+00	5.183824e-01	1.029440e+01
1.375939e+03	-2.423882e+00	-2.075739e+00	8.719002e+00	3.523371e+00	1.190275e+00	-8.970741e-01	9.963397e-01	5.117095e-01	1.030122e+01
1.374382e+03	-2.426680e+00	-2.078207e+00	8.717275e+00	3.520290e+00	1.190184e+00	-8.981992e-01	9.855926e-01	5.057231e-01	1.030734e+01
1.373073e+03	-2.429137e+00	-2.080408e+00	8.715577e+00	3.517245e+00	1.190268e+00	-8.991730e-01	9.759509e-01	5.003524e-01	1.031283e+01
1.371963e+03	-2.431266e+00	-2.082348e+00	8.713679e+00	3.514178e+00	1.190597e+00	-8.999369e-01	9.673002e-01	4.955342e-01	1.031775e+01
1.370610e+03	-2.433709e+00	-2.085076e+00	8.710297e+00	3.512061e+00	1.191297e+00	-9.003156e-01	9.564651e-01	4.917034e-01	1.032394e+01
1.369274e+03	-2.435764e+00	-2.087829e+00	8.707233e+00	3.510168e+00	1.191995e+00	-9.006238e-01	9.466453e-01	4.882781e-01	1.033134e+01
1.366500e+03	-2.440374e+00	-2.094429e+00	8.697662e+00	3.512565e+00	1.193763e+00	-8.995237e-01	9.253196e-01	4.893137e-01	1.034331e+01
1.363949e+03	-2.445227e+00	-2.101307e+00	8.687324e+00	3.515565e+00	1.195669e+00	-8.981782e-01	9.031429e-01	4.913668e-01	1.035499e+01
1.361973e+03	-2.449406e+00	-2.107443e+00	8.677754e+00	3.518273e+00	1.197576e+00	-8.968593e-01	8.834467e-01	4.932491e-01	1.036555e+01
1.360440e+03	-2.453142e+00	-2.112944e+00	8.669117e+00	3.520641e+00	1.199332e+00	-8.956614e-01	8.657766e-01	4.949378e-01	1.037503e+01
1.359055e+03	-2.456390e+00	-2.117823e+00	8.660753e+00	3.522330e+00	1.201286e+00	-8.943993e-01	8.499230e-01	4.964527e-01	1.038352e+01
1.357249e+03	-2.460517e+00	-2.123957e+00	8.650039e+00	3.525713e+00	1.203645e+00	-8.925343e-01	8.302777e-01	4.998810e-01	1.039272e+01
1.355465e+03	-2.464190e+00	-2.129451e+00	8.640325e+00	3.528613e+00	1.205856e+00	-8.908327e-01	8.126532e-01	5.029567e-01	1.040098e+01
1.353392e+03	-2.468281e+00	-2.135916e+00	8.629820e+00	3.532714e+00	1.208091e+00	-8.889924e-01	7.925909e-01	5.065867e-01	1.041058e+01
1.350386e+03	-2.472993e+00	-2.144791e+00	8.620074e+00	3.534706e+00	1.209930e+00	-8.888616e-01	7.670413e-01	5.061854e-01	1.042741e+01
1.347385e+03	-2.477123e+00	-2.152714e+00	8.610924e+00	3.535985e+00	1.211899e+00	-8.886356e-01	7.441192e-01	5.058253e-01	1.044251e+01
1.343607e+03	-2.480815e+00	-2.159869e+00	8.602457e+00	3.536948e+00	1.213830e+00	-8.883771e-01	7.233704e-01	5.054992e-01	1.045617e+01
1.340385e+03	-2.485415e+00	-2.170076e+00	8.591674e+00	3.541002e+00	1.216082e+00	-8.877182e-01	6.954768e-01	5.060629e-01	1.047497e+01
1.347992e+03	-2.489286e+00	-2.180448e+00	8.582940e+00	3.544278e+00	1.217889e+00	-8.878797e-01	6.685258e-01	5.043218e-01	1.049632e+01
1.377345e+03	-2.492737e+00	-2.189746e+00	8.575011e+00	3.547152e+00	1.219590e+00	-8.879931e-01	6.443470e-01	5.027598e-01	1.051547e+01
1.422398e+03	-2.495568e+00	-2.197895e+00	8.568012e+00	3.549464e+00	1.221202e+00	-8.881147e-01	6.234101e-01	5.012827e-01	1.053256e+01
1.475807e+03	-2.497766e+00	-2.204775e+00	8.562095e+00	3.550687e+00	1.222755e+00	-8.883191e-01	6.058270e-01	4.993988e-01	1.054770e+01
1.531867e+03	-2.499424e+00	-2.210549e+00	8.557110e+00	3.550932e+00	1.224268e+00	-8.885905e-01	5.911732e-01	4.971738e-01	1.056113e+01
1.511200e+03	-2.498287e+00	-2.208146e+00	8.560182e+00	3.538586e+00	1.224649e+00	-8.918109e-01	5.961094e-01	4.873332e-01	1.056463e+01
