# loss | a0 ... a9
4.774488e+04	-8.888889e-01	-2.222222e-01	9.037037e+00	3.777778e+00	2.333333e+00	4.222222e-01	-3.333333e-01	-8.333333e-01	9.111111e+00
1.807733e+04	-1.038889e+00	-3.722222e-01	8.887037e+00	3.927778e+00	2.183333e+00	2.722222e-01	-1.833333e-01	-9.833333e-01	9.261111e+00
2.976167e+03	-1.213697e+00	-5.731460e-01	8.779213e+00	3.931259e+00	2.002343e+00	7.289006e-02	-3.875572e-02	-1.139968e+00	9.459991e+00
4.098395e+02	-1.375260e+00	-7.606192e-01	8.723351e+00	3.877639e+00	1.830052e+00	-1.188072e-01	8.155978e-02	-1.248407e+00	9.646339e+00
8.555965e+02	-1.519172e+00	-9.277536e-01	8.673773e+00	3.829822e+00	1.676540e+00	-2.897243e-01	1.884626e-01	-1.343634e+00	9.812361e+00
1.282432e+03	-1.647235e+00	-1.075844e+00	8.618091e+00	3.823060e+00	1.541111e+00	-4.370930e-01	2.834286e-01	-1.426761e+00	9.959950e+00
1.468741e+03	-1.761175e+00	-1.207449e+00	8.563126e+00	3.828515e+00	1.421298e+00	-5.666926e-01	3.673095e-01	-1.499071e+00	1.009125e+01
1.550637e+03	-1.862481e+00	-1.324604e+00	8.509953e+00	3.836360e+00	1.315482e+00	-6.815639e-01	4.420127e-01	-1.563121e+00	1.020796e+01
1.596248e+03	-1.952625e+00	-1.428951e+00	8.460732e+00	3.844064e+00	1.221670e+00	-7.836964e-01	5.085413e-01	-1.619817e+00	1.031158e+01
1.621940e+03	-2.012640e+00	-1.498438e+00	8.427635e+00	3.849500e+00	1.159272e+00	-8.516544e-01	5.528394e-01	-1.657510e+00	1.038053e+01
1.644835e+03	-2.066121e+00	-1.560372e+00	8.397869e+00	3.854559e+00	1.103719e+00	-9.121835e-01	5.923261e-01	-1.691087e+00	1.044196e+01
1.666495e+03	-2.113778e+00	-1.615577e+00	8.371001e+00	3.859098e+00	1.054283e+00	-9.661065e-01	6.275139e-01	-1.720958e+00	1.049668e+01
1.687410e+03	-2.156261e+00	-1.664790e+00	8.347033e+00	3.863132e+00	1.010218e+00	-1.014177e+00	6.588800e-01	-1.747572e+00	1.054547e+01
1.651412e+03	-2.196325e+00	-1.708695e+00	8.320427e+00	3.847129e+00	9.862336e-01	-1.056825e+00	6.196522e-01	-1.642702e+00	1.058895e+01
1.624177e+03	-2.232034e+00	-1.747833e+00	8.296623e+00	3.832786e+00	9.648845e-01	-1.094838e+00	5.846704e-01	-1.549201e+00	1.062770e+01
1.603188e+03	-2.263867e+00	-1.782725e+00	8.275370e+00	3.819982e+00	9.458625e-01	-1.128724e+00	5.534717e-01	-1.465831e+00	1.066225e+01
1.586392e+03	-2.292244e+00	-1.813830e+00	8.256404e+00	3.808565e+00	9.289105e-01	-1.158932e+00	5.256484e-01	-1.391494e+00	1.069305e+01
1.574133e+03	-2.314032e+00	-1.837714e+00	8.241798e+00	3.799810e+00	9.159031e-01	-1.182122e+00	5.042374e-01	-1.334359e+00	1.071670e+01
1.563160e+03	-2.333454e+00	-1.859006e+00	8.228745e+00	3.791986e+00	9.043168e-01	-1.202794e+00	4.851495e-01	-1.283423e+00	1.073778e+01
1.542372e+03	-2.351581e+00	-1.878030e+00	8.211641e+00	3.771790e+00	8.989447e-01	-1.221004e+00	4.446531e-01	-1.205057e+00	1.075658e+01
1.520693e+03	-2.367739e+00	-1.894990e+00	8.196353e+00	3.753816e+00	8.941642e-01	-1.237233e+00	4.084699e-01	-1.135099e+00	1.077334e+01
1.499423e+03	-2.382145e+00	-1.910111e+00	8.182642e+00	3.737857e+00	8.899161e-01	-1.251692e+00	3.760537e-01	-1.072538e+00	1.078829e+01
1.480750e+03	-2.394986e+00	-1.923591e+00	8.170391e+00	3.723593e+00	8.861404e-01	-1.264580e+00	3.471489e-01	-1.016757e+00	1.080161e+01
1.465632e+03	-2.406433e+00	-1.935610e+00	8.159393e+00	3.710945e+00	8.827856e-01	-1.276062e+00	3.212364e-01	-9.668499e-01	1.081348e+01
1.452928e+03	-2.416695e+00	-1.946346e+00	8.147827e+00	3.699386e+00	8.800959e-01	-1.286192e+00	2.953259e-01	-9.186512e-01	1.082408e+01
1.444065e+03	-2.425040e+00	-1.955078e+00	8.138327e+00	3.690030e+00	8.779251e-01	-1.294421e+00	2.741123e-01	-8.792747e-01	1.083269e+01
1.437049e+03	-2.432481e+00	-1.962867e+00	8.129734e+00	3.681882e+00	8.760045e-01	-1.301740e+00	2.548890e-01	-8.438061e-01	1.084038e+01
1.431280e+03	-2.439117e+00	-1.969815e+00	8.121909e+00	3.674852e+00	8.743103e-01	-1.308242e+00	2.373563e-01	-8.117183e-01	1.084723e+01
1.424424e+03	-2.445253e+00	-1.976050e+00	8.111097e+00	3.664900e+00	8.739763e-01	-1.313847e+00	2.134982e-01	-7.725236e-01	1.085336e+01
1.418479e+03	-2.450728e+00	-1.981613e+00	8.101227e+00	3.656125e+00	8.737099e-01	-1.318826e+00	1.918563e-01	-7.371078e-01	1.085882e+01
1.409835e+03	-2.455934e+00	-1.986679e+00	8.083436e+00	3.644957e+00	8.751465e-01	-1.322772e+00	1.580827e-01	-6.875777e-01	1.086370e+01
1.402063e+03	-2.460575e+00	-1.991195e+00	8.067575e+00	3.634999e+00	8.764278e-01	-1.326289e+00	1.279741e-01	-6.434224e-01	1.086805e+01
1.394731e+03	-2.464720e+00	-1.995237e+00	8.052986e+00	3.626889e+00	8.776156e-01	-1.329359e+00	9.997590e-02	-6.027442e-01	1.087194e+01
1.387832e+03	-2.468227e+00	-1.998652e+00	8.039481e+00	3.620850e+00	8.787811e-01	-1.331823e+00	7.415318e-02	-5.658411e-01	1.087521e+01
1.381350e+03	-2.471362e+00	-2.001702e+00	8.027077e+00	3.615619e+00	8.798701e-01	-1.333992e+00	5.053986e-02	-5.322219e-01	1.087813e+01
1.375313e+03	-2.474162e+00	-2.004430e+00	8.015734e+00	3.611406e+00	8.808699e-01	-1.335889e+00	2.880658e-02	-5.014740e-01	1.088074e+01
1.369625e+03	-2.476669e+00	-2.006881e+00	8.005039e+00	3.608601e+00	8.818202e-01	-1.337499e+00	7.993574e-03	-4.724423e-01	1.088308e+01
1.363764e+03	-2.478984e+00	-2.009103e+00	7.993072e+00	3.606286e+00	8.830559e-01	-1.338777e+00	-1.478167e-02	-4.416201e-01	1.088517e+01
1.359029e+03	-2.481045e+00	-2.011083e+00	7.982360e+00	3.604178e+00	8.841717e-01	-1.339914e+00	-3.508657e-02	-4.141413e-01	1.088704e+01
1.354710e+03	-2.482999e+00	-2.012867e+00	7.969317e+00	3.600539e+00	8.857366e-01	-1.340829e+00	-5.735287e-02	-3.844881e-01	1.088867e+01
1.351438e+03	-2.484839e+00	-2.014522e+00	7.954539e+00	3.598766e+00	8.875810e-01	-1.341384e+00	-8.336815e-02	-3.511180e-01	1.089014e+01
1.350761e+03	-2.486483e+00	-2.015991e+00	7.939071e+00	3.599179e+00	8.895096e-01	-1.341622e+00	-1.107406e-01	-3.167590e-01	1.089141e+01
1.354945e+03	-2.488042e+00	-2.017368e+00	7.921874e+00	3.601437e+00	8.916666e-01	-1.341562e+00	-1.413322e-01	-2.792053e-01	1.089255e+01
1.364985e+03	-2.489403e+00	-2.018580e+00	7.907297e+00	3.603327e+00	8.934760e-01	-1.341562e+00	-1.670879e-01	-2.473438e-01	1.089356e+01
1.382256e+03	-2.490616e+00	-2.019662e+00	7.894300e+00	3.605007e+00	8.950904e-01	-1.341562e+00	-1.900487e-01	-2.189399e-01	1.089446e+01
1.355653e+03	-2.490756e+00	-2.019405e+00	7.920556e+00	3.560229e+00	8.923959e-01	-1.346346e+00	-1.422847e-01	-2.661945e-01	1.089488e+01
7.928786e+68	-2.490455e+00	-2.018480e+00	7.960884e+00	3.496393e+00	8.881310e-01	-1.353332e+00	-7.255084e-02	-3.361007e-01	1.089493e+01
7.928786e+68	-2.490184e+00	-2.017655e+00	7.996806e+00	3.439462e+00	8.843388e-01	-1.359559e+00	-1.038470e-02	-3.984205e-01	1.089496e+01
7.928786e+68	-2.490046e+00	-2.016950e+00	8.026450e+00	3.387533e+00	8.814663e-01	-1.364982e+00	4.232418e-02	-4.510670e-01	1.089500e+01
7.928786e+68	-2.490064e+00	-2.016403e+00	8.047915e+00	3.342911e+00	8.796411e-01	-1.369399e+00	8.358514e-02	-4.917147e-01	1.089503e+01
7.928786e+68	-2.490108e+00	-2.015973e+00	8.065496e+00	3.305522e+00	8.781788e-01	-1.373097e+00	1.178873e-01	-5.252671e-01	1.089510e+01
7.928786e+68	-2.490231e+00	-2.015653e+00	8.078032e+00	3.273925e+00	8.772906e-01	-1.376117e+00	1.449744e-01	-5.512088e-01	1.089518e+01
7.928786e+68	-2.490959e+00	-2.015547e+00	8.074359e+00	3.239075e+00	8.795394e-01	-1.378023e+00	1.533768e-01	-5.564658e-01	1.089527e+01
7.928786e+68	-2.491612e+00	-2.015461e+00	8.070868e+00	3.208352e+00	8.815667e-01	-1.379690e+00	1.605373e-01	-5.607911e-01	1.089535e+01
7.928786e+68	-2.492192e+00	-2.015383e+00	8.067731e+00	3.180928e+00	8.833855e-01	-1.381174e+00	1.669201e-01	-5.646464e-01	1.089542e+01
7.928786e+68	-2.492739e+00	-2.015341e+00	8.063687e+00	3.157433e+00	8.851570e-01	-1.382380e+00	1.712626e-01	-5.665481e-01	1.089550e+01
7.928786e+68	-2.493224e+00	-2.015303e+00	8.060061e+00	3.136455e+00	8.867472e-01	-1.383454e+00	1.751336e-01	-5.682433e-01	1.089556e+01
7.928786e+68	-2.493674e+00	-2.015305e+00	8.055623e+00	3.119660e+00	8.882715e-01	-1.384238e+00	1.769005e-01	-5.679249e-01	1.089564e+01
7.928786e+68	-2.494090e+00	-2.015320e+00	8.050922e+00	3.105061e+00	8.897307e-01	-1.384879e+00	1.777893e-01	-5.668473e-01	1.089572e+01
7.928786e+68	-2.494459e+00	-2.015333e+00	8.046716e+00	3.092028e+00	8.910386e-01	-1.385449e+00	1.785814e-01	-5.658863e-01	1.089578e+01
7.928786e+68	-2.494796e+00	-2.015352e+00	8.042569e+00	3.080628e+00	8.922550e-01	-1.385927e+00	1.789147e-01	-5.645988e-01	1.089584e+01
7.928786e+68	-2.495745e+00	-2.015554e+00	8.022723e+00	3.062444e+00	8.965176e-01	-1.385540e+00	1.636295e-01	-5.459895e-01	1.089590e+01
7.928786e+68	-2.496883e+00	-2.015873e+00	7.996570e+00	3.046738e+00	9.017838e-01	-1.384588e+00	1.412089e-01	-5.196608e-01	1.089600e+01
7.928786e+68	-2.497906e+00	-2.016182e+00	7.972676e+00	3.033788e+00	9.065377e-01	-1.383639e+00	1.202823e-01	-4.951925e-01	1.089611e+01
7.928786e+68	-2.498929e+00	-2.016533e+00	7.947163e+00	3.024102e+00	9.113465e-01	-1.382457e+00	9.749556e-02	-4.687950e-01	1.089622e+01
7.928786e+68	-2.500072e+00	-2.016961e+00	7.916615e+00	3.016362e+00	9.167975e-01	-1.380901e+00	7.010428e-02	-4.374755e-01	1.089633e+01
7.928786e+68	-2.501212e+00	-2.017467e+00	7.884474e+00	3.013988e+00	9.222358e-01	-1.378991e+00	3.997578e-02	-4.034199e-01	1.089649e+01
7.928786e+68	-2.502495e+00	-2.018065e+00	7.847015e+00	3.014334e+00	9.283474e-01	-1.376669e+00	4.766578e-03	-3.640817e-01	1.089664e+01
7.928786e+68	-2.503678e+00	-2.018608e+00	7.812670e+00	3.013942e+00	9.340114e-01	-1.374554e+00	-2.759652e-02	-3.280507e-01	1.089678e+01
7.928786e+68	-2.504747e+00	-2.019131e+00	7.780781e+00	3.015330e+00	9.392106e-01	-1.372501e+00	-5.806190e-02	-2.942474e-01	1.089692e+01
7.928786e+68	-2.505693e+00	-2.019596e+00	7.752252e+00	3.016467e+00	9.438804e-01	-1.370665e+00	-8.522200e-02	-2.641117e-01	1.089705e+01
7.928786e+68	-2.506564e+00	-2.020068e+00	7.724722e+00	3.019924e+00	9.483063e-01	-1.368784e+00	-1.119180e-01	-2.346743e-01	1.089718e+01
7.928786e+68	-2.506894e+00	-2.019569e+00	7.722222e+00	2.986255e+00	9.503515e-01	-1.370688e+00	-1.012053e-01	-2.432962e-01	1.089680e+01
7.928786e+68	-2.507007e+00	-2.018899e+00	7.727192e+00	2.948036e+00	9.514315e-01	-1.373277e+00	-8.305023e-02	-2.597947e-01	1.089638e+01
7.928786e+68	-2.507025e+00	-2.018264e+00	7.733385e+00	2.913596e+00	9.521468e-01	-1.375714e+00	-6.492480e-02	-2.763593e-01	1.089598e+01
7.928786e+68	-2.506972e+00	-2.017622e+00	7.740440e+00	2.879623e+00	9.527418e-01	-1.378154e+00	-4.623347e-02	-2.937161e-01	1.089560e+01
7.928786e+68	-2.506936e+00	-2.017056e+00	7.746243e+00	2.849211e+00	9.533712e-01	-1.380304e+00	-2.996836e-02	-3.087939e-01	1.089525e+01
7.928786e+68	-2.507049e+00	-2.016675e+00	7.745613e+00	2.826102e+00	9.546131e-01	-1.381710e+00	-2.092684e-02	-3.165084e-01	1.089497e+01
7.928786e+68	-2.507148e+00	-2.016382e+00	7.743752e+00	2.807877e+00	9.558369e-01	-1.382761e+00	-1.440997e-02	-3.217279e-01	1.089474e+01
7.928786e+68	-2.507262e+00	-2.016173e+00	7.740440e+00	2.793837e+00	9.571075e-01	-1.383485e+00	-1.049091e-02	-3.243985e-01	1.089456e+01
7.928786e+68	-2.507297e+00	-2.015857e+00	7.740351e+00	2.775895e+00	9.580378e-01	-1.384633e+00	-2.650207e-03	-3.312343e-01	1.089432e+01
7.928786e+68	-2.507298e+00	-2.015574e+00	7.739983e+00	2.759645e+00	9.589827e-01	-1.385635e+00	4.292485e-03	-3.372873e-01	1.089411e+01
7.928786e+68	-2.507336e+00	-2.015406e+00	7.737162e+00	2.748842e+00	9.600808e-01	-1.386177e+00	7.442203e-03	-3.395095e-01	1.089396e+01
7.928786e+68	-2.507389e+00	-2.015322e+00	7.732726e+00	2.741945e+00	9.612851e-01	-1.386383e+00	7.922648e-03	-3.390699e-01	1.089387e+01
7.928786e+68	-2.507486e+00	-2.015207e+00	7.727716e+00	2.732650e+00	9.625928e-01	-1.386722e+00	8.857995e-03	-3.391493e-01	1.089374e+01
7.928786e+68	-2.507552e+00	-2.015103e+00	7.723072e+00	2.724110e+00	9.638429e-01	-1.387016e+00	9.690466e-03	-3.392189e-01	1.089361e+01
7.928786e+68	-2.507886e+00	-2.015231e+00	7.707368e+00	2.723509e+00	9.662971e-01	-1.386360e+00	6.473690e-04	-3.288898e-01	1.089355e+01
7.928786e+68	-2.508296e+00	-2.015463e+00	7.687122e+00	2.725920e+00	9.693672e-01	-1.385253e+00	-1.282551e-02	-3.140730e-01	1.089352e+01
7.928786e+68	-2.508622e+00	-2.015658e+00	7.669955e+00	2.728138e+00	9.719942e-01	-1.384313e+00	-2.408669e-02	-3.016049e-01	1.089350e+01
7.928786e+68	-2.508919e+00	-2.015871e+00	7.653295e+00	2.731763e+00	9.745127e-01	-1.383293e+00	-3.559125e-02	-2.889816e-01	1.089351e+01
7.928786e+68	-2.509071e+00	-2.016024e+00	7.641112e+00	2.735366e+00	9.763767e-01	-1.382523e+00	-4.353430e-02	-2.799641e-01	1.089351e+01
7.928786e+68	-2.509156e+00	-2.016098e+00	7.631885e+00	2.735928e+00	9.779331e-01	-1.382070e+00	-4.840601e-02	-2.741686e-01	1.089347e+01
7.928786e+68	-2.509008e+00	-2.016091e+00	7.627676e+00	2.736750e+00	9.787270e-01	-1.381905e+00	-4.844106e-02	-2.729167e-01	1.089342e+01
7.928786e+68	-2.508836e+00	-2.016082e+00	7.623555e+00	2.736976e+00	9.796119e-01	-1.381739e+00	-4.847442e-02	-2.717991e-01	1.089337e+01
7.928786e+68	-2.508573e+00	-2.016033e+00	7.621774e+00	2.736452e+00	9.802494e-01	-1.381708e+00	-4.663693e-02	-2.726572e-01	1.089332e+01
7.928786e+68	-2.508040e+00	-2.015453e+00	7.632264e+00	2.713955e+00	9.799765e-01	-1.383753e+00	-2.767999e-02	-2.909123e-01	1.089293e+01
7.928786e+68	-2.507906e+00	-2.015281e+00	7.627093e+00	2.706574e+00	9.813031e-01	-1.384175e+00	-2.441224e-02	-2.930425e-01	1.089269e+01
7.928786e+68	-2.507772e+00	-2.015127e+00	7.622325e+00	2.699779e+00	9.825629e-01	-1.384543e+00	-2.150364e-02	-2.949385e-01	1.089247e+01
7.928786e+68	-2.507770e+00	-2.015153e+00	7.610071e+00	2.698305e+00	9.848309e-01	-1.384139e+00	-2.576958e-02	-2.896052e-01	1.089233e+01
7.928786e+68	-2.507797e+00	-2.015191e+00	7.598217e+00	2.697080e+00	9.869901e-01	-1.383723e+00	-3.030444e-02	-2.841221e-01	1.089220e+01
7.928786e+68	-2.507967e+00	-2.015386e+00	7.579888e+00	2.701844e+00	9.898667e-01	-1.382667e+00	-4.081079e-02	-2.724651e-01	1.089211e+01
7.928786e+68	-2.508053e+00	-2.015629e+00	7.563163e+00	2.711412e+00	9.923203e-01	-1.381425e+00	-5.144442e-02	-2.605590e-01	1.089208e+01
7.928786e+68	-2.507749e+00	-2.015742e+00	7.555392e+00	2.722299e+00	9.933333e-01	-1.380670e+00	-5.417289e-02	-2.559512e-01	1.089205e+01
7.928786e+68	-2.506541e+00	-2.014516e+00	7.580369e+00	2.688612e+00	9.911535e-01	-1.385071e+00	-1.831831e-02	-2.902588e-01	1.089124e+01
7.928786e+68	-2.505452e+00	-2.013446e+00	7.601837e+00	2.659213e+00	9.893929e-01	-1.388885e+00	1.292021e-02	-3.201001e-01	1.089053e+01
7.928786e+68	-2.504359e+00	-2.012453e+00	7.623181e+00	2.633255e+00	9.874950e-01	-1.392413e+00	4.262043e-02	-3.484938e-01	1.088990e+01
7.928786e+68	-2.503470e+00	-2.011839e+00	7.633440e+00	2.619214e+00	9.869934e-01	-1.394398e+00	6.084900e-02	-3.651580e-01	1.088948e+01
7.928786e+68	-2.502663e+00	-2.011291e+00	7.642548e+00	2.606598e+00	9.866051e-01	-1.396166e+00	7.709927e-02	-3.800137e-01	1.088910e+01
7.928786e+68	-2.501884e+00	-2.010794e+00	7.650160e+00	2.594796e+00	9.864946e-01	-1.397713e+00	9.157826e-02	-3.932509e-01	1.088876e+01
7.928786e+68	-2.501703e+00	-2.010771e+00	7.637208e+00	2.592918e+00	9.892903e-01	-1.397328e+00	8.929617e-02	-3.890582e-01	1.088858e+01
7.928786e+68	-2.502243e+00	-2.011161e+00	7.606394e+00	2.596367e+00	9.949118e-01	-1.395326e+00	7.185755e-02	-3.694759e-01	1.088854e+01
7.928786e+68	-2.502733e+00	-2.011619e+00	7.574735e+00	2.602591e+00	1.000643e+00	-1.393020e+00	5.300033e-02	-3.485000e-01	1.088855e+01
7.928786e+68	-2.503073e+00	-2.012017e+00	7.545621e+00	2.606984e+00	1.006234e+00	-1.390913e+00	3.618595e-02	-3.297977e-01	1.088855e+01
7.928786e+68	-2.503549e+00	-2.012499e+00	7.512688e+00	2.613229e+00	1.012255e+00	-1.388489e+00	1.659812e-02	-3.082215e-01	1.088855e+01
7.928786e+68	-2.503528e+00	-2.012813e+00	7.490518e+00	2.621658e+00	1.016183e+00	-1.386724e+00	5.520268e-03	-2.946496e-01	1.088853e+01
7.928786e+68	-2.503726e+00	-2.013427e+00	7.458008e+00	2.638683e+00	1.021749e+00	-1.383710e+00	-1.480733e-02	-2.718083e-01	1.088861e+01
7.928786e+68	-2.502874e+00	-2.012278e+00	7.463794e+00	2.605200e+00	1.023406e+00	-1.387488e+00	7.186433e-03	-2.919151e-01	1.088758e+01
7.928786e+68	-2.501987e+00	-2.011244e+00	7.468316e+00	2.574356e+00	1.025431e+00	-1.390817e+00	2.679114e-02	-3.098384e-01	1.088665e+01
7.928786e+68	-2.501154e+00	-2.010445e+00	7.470699e+00	2.551884e+00	1.027325e+00	-1.393276e+00	4.214868e-02	-3.234938e-01	1.088592e+01
7.928786e+68	-2.500326e+00	-2.009738e+00	7.470873e+00	2.530859e+00	1.029760e+00	-1.395329e+00	5.514084e-02	-3.349744e-01	1.088526e+01
7.928786e+68	-2.499510e+00	-2.009254e+00	7.466741e+00	2.515664e+00	1.032937e+00	-1.396490e+00	6.309013e-02	-3.414791e-01	1.088477e+01
7.928786e+68	-2.498928e+00	-2.008890e+00	7.459423e+00	2.502068e+00	1.036491e+00	-1.397261e+00	6.770141e-02	-3.448512e-01	1.088434e+01
7.928786e+68	-2.498139e+00	-2.008397e+00	7.453621e+00	2.483928e+00	1.040375e+00	-1.398390e+00	7.485474e-02	-3.509397e-01	1.088384e+01
7.928786e+68	-2.497266e+00	-2.008158e+00	7.444993e+00	2.475709e+00	1.044143e+00	-1.398534e+00	7.796531e-02	-3.525369e-01	1.088355e+01
7.928786e+68	-2.496413e+00	-2.008075e+00	7.434750e+00	2.471994e+00	1.048113e+00	-1.398088e+00	7.810087e-02	-3.512423e-01	1.088342e+01
7.928786e+68	-2.495983e+00	-2.008229e+00	7.413374e+00	2.469456e+00	1.054224e+00	-1.396727e+00	7.020912e-02	-3.421111e-01	1.088333e+01
7.928786e+68	-2.494825e+00	-2.008218e+00	7.399662e+00	2.466674e+00	1.059599e+00	-1.395843e+00	6.856507e-02	-3.388304e-01	1.088323e+01
7.928786e+68	-2.493742e+00	-2.008625e+00	7.375811e+00	2.479185e+00	1.065770e+00	-1.393183e+00	5.843737e-02	-3.262280e-01	1.088334e+01
7.928786e+68	-2.492723e+00	-2.009194e+00	7.348121e+00	2.495502e+00	1.072696e+00	-1.389847e+00	4.430820e-02	-3.098084e-01	1.088356e+01
7.928786e+68	-2.491165e+00	-2.009526e+00	7.329722e+00	2.509392e+00	1.078085e+00	-1.387369e+00	3.788162e-02	-3.004989e-01	1.088367e+01
7.928786e+68	-2.490332e+00	-2.010437e+00	7.292980e+00	2.534668e+00	1.086507e+00	-1.382676e+00	1.630163e-02	-2.762559e-01	1.088395e+01
7.928786e+68	-2.488186e+00	-2.008915e+00	7.303914e+00	2.504683e+00	1.088727e+00	-1.387382e+00	4.171869e-02	-2.992897e-01	1.088245e+01
7.928786e+68	-2.485926e+00	-2.007820e+00	7.305455e+00	2.483908e+00	1.092753e+00	-1.390198e+00	5.998534e-02	-3.145684e-01	1.088127e+01
7.928786e+68	-2.482717e+00	-2.006489e+00	7.317843e+00	2.463466e+00	1.094973e+00	-1.393722e+00	8.560333e-02	-3.368086e-01	1.088017e+01
7.928786e+68	-2.479602e+00	-2.005238e+00	7.330281e+00	2.444435e+00	1.097056e+00	-1.396994e+00	1.100063e-01	-3.580871e-01	1.087918e+01
7.928786e+68	-2.476619e+00	-2.004324e+00	7.335536e+00	2.430874e+00	1.100770e+00	-1.398900e+00	1.275041e-01	-3.727178e-01	1.087847e+01
7.928786e+68	-2.472570e+00	-2.003249e+00	7.346388e+00	2.417174e+00	1.104444e+00	-1.401088e+00	1.498925e-01	-3.918764e-01	1.087778e+01
7.928786e+68	-2.468902e+00	-2.002631e+00	7.348623e+00	2.411193e+00	1.109771e+00	-1.401555e+00	1.636006e-01	-4.025588e-01	1.087749e+01
7.928786e+68	-2.465711e+00	-2.002234e+00	7.339140e+00	2.401759e+00	1.118704e+00	-1.401020e+00	1.699565e-01	-4.064286e-01	1.087725e+01
7.928786e+68	-2.462438e+00	-2.002208e+00	7.320900e+00	2.398834e+00	1.130018e+00	-1.398832e+00	1.687264e-01	-4.027945e-01	1.087733e+01
7.928786e+68	-2.458712e+00	-2.002034e+00	7.307649e+00	2.395655e+00	1.140382e+00	-1.397097e+00	1.716168e-01	-4.030737e-01	1.087737e+01
7.928786e+68	-2.455015e+00	-2.001861e+00	7.295126e+00	2.391534e+00	1.150746e+00	-1.395500e+00	1.741810e-01	-4.033154e-01	1.087740e+01
7.928786e+68	-2.450903e+00	-2.001566e+00	7.287392e+00	2.386870e+00	1.160221e+00	-1.394395e+00	1.804954e-01	-4.069556e-01	1.087734e+01
7.928786e+68	-2.446762e+00	-2.001569e+00	7.276242e+00	2.390192e+00	1.169712e+00	-1.392235e+00	1.830520e-01	-4.062626e-01	1.087762e+01
7.928786e+68	-2.443114e+00	-2.002355e+00	7.236301e+00	2.397094e+00	1.188156e+00	-1.386403e+00	1.655737e-01	-3.860988e-01	1.087825e+01
7.928786e+68	-2.438361e+00	-2.002803e+00	7.204051e+00	2.400121e+00	1.205665e+00	-1.381575e+00	1.557050e-01	-3.728066e-01	1.087866e+01
7.928786e+68	-2.432721e+00	-2.003085e+00	7.173787e+00	2.399728e+00	1.223918e+00	-1.377122e+00	1.500785e-01	-3.627932e-01	1.087899e+01
1.344945e+03	-2.427235e+00	-2.004088e+00	7.120460e+00	2.402993e+00	1.251181e+00	-1.369251e+00	1.278512e-01	-3.368265e-01	1.087962e+01
1.346465e+03	-2.421385e+00	-2.004884e+00	7.070003e+00	2.402218e+00	1.278323e+00	-1.361939e+00	1.079541e-01	-3.136385e-01	1.088010e+01
1.345349e+03	-2.410906e+00	-2.004677e+00	7.054227e+00	2.414735e+00	1.297093e+00	-1.356981e+00	1.215422e-01	-3.148380e-01	1.088060e+01
1.344123e+03	-2.398947e+00	-2.004618e+00	7.038499e+00	2.437371e+00	1.316737e+00	-1.351233e+00	1.366378e-01	-3.148549e-01	1.088129e+01
1.340763e+03	-2.386393e+00	-2.003317e+00	7.038049e+00	2.430956e+00	1.334790e+00	-1.349753e+00	1.666595e-01	-3.319353e-01	1.088072e+01
1.337268e+03	-2.368691e+00	-1.998204e+00	7.078863e+00	2.373850e+00	1.349572e+00	-1.360594e+00	2.338770e-01	-3.892077e-01	1.087599e+01
1.337083e+03	-2.350242e+00	-1.993127e+00	7.125792e+00	2.323024e+00	1.361642e+00	-1.371560e+00	3.033808e-01	-4.482481e-01	1.087161e+01
7.928786e+68	-2.331780e+00	-1.988817e+00	7.148087e+00	2.269098e+00	1.384994e+00	-1.379104e+00	3.564098e-01	-4.926834e-01	1.086761e+01
7.928786e+68	-2.309253e+00	-1.984425e+00	7.148144e+00	2.198007e+00	1.426593e+00	-1.383926e+00	4.032697e-01	-5.321203e-01	1.086339e+01
7.928786e+68	-2.285948e+00	-1.980506e+00	7.132098e+00	2.124243e+00	1.476646e+00	-1.385800e+00	4.410480e-01	-5.631663e-01	1.085966e+01
7.928786e+68	-2.262660e+00	-1.977082e+00	7.110552e+00	2.050005e+00	1.531773e+00	-1.386794e+00	4.705942e-01	-5.877397e-01	1.085628e+01
7.928786e+68	-2.231940e+00	-1.973947e+00	7.066973e+00	1.961729e+00	1.605238e+00	-1.383986e+00	4.901078e-01	-6.032591e-01	1.085307e+01
7.928786e+68	-2.202621e+00	-1.971087e+00	7.025866e+00	1.878698e+00	1.675449e+00	-1.381304e+00	5.060342e-01	-6.167022e-01	1.084992e+01
7.928786e+68	-2.169083e+00	-1.968299e+00	6.964573e+00	1.785774e+00	1.756775e+00	-1.375363e+00	5.135749e-01	-6.232306e-01	1.084548e+01
7.928786e+68	-2.134025e+00	-1.965684e+00	6.907134e+00	1.699524e+00	1.837004e+00	-1.369758e+00	5.211816e-01	-6.294439e-01	1.084114e+01
7.928786e+68	-2.083354e+00	-1.962381e+00	6.816690e+00	1.594600e+00	1.940097e+00	-1.355329e+00	5.026467e-01	-6.213432e-01	1.082840e+01
7.928786e+68	-2.033338e+00	-1.959404e+00	6.724358e+00	1.501141e+00	2.040414e+00	-1.339862e+00	4.815256e-01	-6.098742e-01	1.081634e+01
7.928786e+68	-1.972216e+00	-1.956460e+00	6.631012e+00	1.402357e+00	2.148465e+00	-1.324377e+00	4.556373e-01	-6.000132e-01	1.079816e+01
1.259990e+03	-1.903352e+00	-1.949482e+00	6.523451e+00	1.287728e+00	2.266332e+00	-1.296497e+00	4.078973e-01	-6.056235e-01	1.075053e+01
1.251949e+03	-1.882403e+00	-1.944956e+00	6.474557e+00	1.303175e+00	2.272553e+00	-1.277032e+00	3.239084e-01	-6.777403e-01	1.075278e+01
1.260486e+03	-1.859017e+00	-1.941120e+00	6.428484e+00	1.320807e+00	2.278123e+00	-1.257789e+00	2.419229e-01	-7.455385e-01	1.073698e+01
1.205999e+03	-1.921364e+00	-1.941073e+00	6.401860e+00	1.387327e+00	2.214971e+00	-1.238239e+00	1.963809e-01	-7.788980e-01	1.079226e+01
1.176114e+03	-2.014102e+00	-1.945556e+00	6.419642e+00	1.482835e+00	2.121184e+00	-1.225633e+00	1.908975e-01	-7.843793e-01	1.088070e+01
1.182222e+03	-2.094638e+00	-1.949864e+00	6.430430e+00	1.568490e+00	2.039625e+00	-1.211140e+00	1.826258e-01	-7.871443e-01	1.095831e+01
1.200002e+03	-2.162858e+00	-1.951672e+00	6.430411e+00	1.641592e+00	1.970105e+00	-1.194755e+00	1.776293e-01	-7.903151e-01	1.102411e+01
1.215706e+03	-2.214664e+00	-1.950144e+00	6.409491e+00	1.698927e+00	1.918391e+00	-1.171533e+00	1.742331e-01	-7.932754e-01	1.107877e+01
1.230625e+03	-2.257710e+00	-1.948173e+00	6.390610e+00	1.749230e+00	1.874675e+00	-1.150692e+00	1.747483e-01	-7.963737e-01	1.112702e+01
1.242404e+03	-2.291504e+00	-1.942867e+00	6.373374e+00	1.787257e+00	1.840083e+00	-1.136328e+00	1.811167e-01	-8.065528e-01	1.116813e+01
1.251916e+03	-2.319371e+00	-1.938601e+00	6.348278e+00	1.820017e+00	1.813507e+00	-1.117546e+00	1.820885e-01	-8.105774e-01	1.120398e+01
1.256835e+03	-2.337334e+00	-1.930881e+00	6.314863e+00	1.848406e+00	1.794920e+00	-1.092658e+00	1.981521e-01	-8.187786e-01	1.123380e+01
1.257946e+03	-2.349102e+00	-1.918894e+00	6.297945e+00	1.872396e+00	1.777614e+00	-1.079066e+00	2.323149e-01	-8.414326e-01	1.125901e+01
1.255825e+03	-2.351687e+00	-1.907609e+00	6.272817e+00	1.888502e+00	1.773589e+00	-1.061111e+00	2.597674e-01	-8.589143e-01	1.128050e+01
1.250754e+03	-2.349420e+00	-1.895225e+00	6.236468e+00	1.895575e+00	1.778372e+00	-1.037419e+00	2.824099e-01	-8.738173e-01	1.129625e+01
1.242988e+03	-2.342183e+00	-1.882086e+00	6.194217e+00	1.896324e+00	1.789720e+00	-1.010729e+00	3.025328e-01	-8.870920e-01	1.130769e+01
1.233668e+03	-2.330749e+00	-1.864780e+00	6.168456e+00	1.894815e+00	1.801246e+00	-9.950450e-01	3.373597e-01	-9.152073e-01	1.131513e+01
1.222039e+03	-2.316974e+00	-1.848076e+00	6.128451e+00	1.890105e+00	1.817529e+00	-9.696613e-01	3.650728e-01	-9.348724e-01	1.131651e+01
1.209098e+03	-2.296800e+00	-1.829459e+00	6.100727e+00	1.880275e+00	1.838225e+00	-9.550095e-01	4.005158e-01	-9.627166e-01	1.131598e+01
1.184639e+03	-2.269083e+00	-1.803799e+00	6.036861e+00	1.856478e+00	1.874723e+00	-9.126259e-01	4.284871e-01	-9.864562e-01	1.129602e+01
1.159058e+03	-2.241406e+00	-1.778439e+00	5.976706e+00	1.831271e+00	1.910519e+00	-8.741351e-01	4.545740e-01	-1.009569e+00	1.127312e+01
1.129035e+03	-2.210635e+00	-1.753092e+00	5.911772e+00	1.802682e+00	1.949944e+00	-8.324549e-01	4.758939e-01	-1.028460e+00	1.124072e+01
1.091515e+03	-2.174359e+00	-1.725489e+00	5.838452e+00	1.775965e+00	1.994398e+00	-7.816736e-01	5.015695e-01	-1.042426e+00	1.118789e+01
1.035247e+03	-2.135662e+00	-1.686173e+00	5.740461e+00	1.760271e+00	2.045556e+00	-6.998331e-01	5.219746e-01	-1.050848e+00	1.110916e+01
9.393775e+02	-2.090019e+00	-1.626973e+00	5.626213e+00	1.770193e+00	2.112775e+00	-5.956823e-01	5.245476e-01	-1.058402e+00	1.100861e+01
8.324393e+02	-2.045112e+00	-1.573377e+00	5.523313e+00	1.777431e+00	2.176042e+00	-5.022158e-01	5.239784e-01	-1.066726e+00	1.091186e+01
6.902632e+02	-2.029551e+00	-1.493486e+00	5.404462e+00	1.824538e+00	2.215358e+00	-3.897522e-01	4.987355e-01	-1.099100e+00	1.079895e+01
5.755484e+02	-2.007623e+00	-1.422467e+00	5.299090e+00	1.867050e+00	2.255368e+00	-2.897836e-01	4.750693e-01	-1.126664e+00	1.069962e+01
5.242173e+02	-1.978892e+00	-1.341337e+00	5.194486e+00	1.910802e+00	2.298435e+00	-1.872865e-01	4.542135e-01	-1.151564e+00	1.058262e+01
5.934339e+02	-1.950948e+00	-1.248234e+00	5.085625e+00	1.960541e+00	2.342037e+00	-7.717042e-02	4.360806e-01	-1.166922e+00	1.046295e+01
5.358756e+02	-1.976610e+00	-1.260330e+00	5.078618e+00	2.002865e+00	2.312404e+00	-7.863637e-02	3.816147e-01	-1.217493e+00	1.046608e+01
4.404683e+02	-2.051968e+00	-1.274281e+00	5.076090e+00	2.056600e+00	2.237795e+00	-8.252426e-02	3.549005e-01	-1.258157e+00	1.048130e+01
4.139919e+02	-2.145755e+00	-1.289142e+00	5.079593e+00	2.128316e+00	2.142878e+00	-8.848973e-02	3.008306e-01	-1.324666e+00	1.050479e+01
3.992841e+02	-2.197003e+00	-1.268547e+00	5.081862e+00	2.195231e+00	2.071630e+00	-7.856828e-02	3.630556e-01	-1.296267e+00	1.046094e+01
4.094325e+02	-2.237497e+00	-1.246891e+00	5.082714e+00	2.253190e+00	2.013179e+00	-6.737995e-02	4.182559e-01	-1.270953e+00	1.041555e+01
4.219706e+02	-2.265624e+00	-1.221736e+00	5.083016e+00	2.303171e+00	1.968249e+00	-5.402967e-02	4.663269e-01	-1.248288e+00	1.036477e+01
4.295710e+02	-2.288254e+00	-1.191964e+00	5.080863e+00	2.347455e+00	1.929447e+00	-3.590259e-02	5.069445e-01	-1.229328e+00	1.030904e+01
4.181238e+02	-2.295185e+00	-1.147173e+00	5.077937e+00	2.386563e+00	1.907461e+00	-6.617376e-03	5.434122e-01	-1.212318e+00	1.024037e+01
4.089493e+02	-2.301724e+00	-1.106987e+00	5.075638e+00	2.422162e+00	1.886556e+00	1.945155e-02	5.755987e-01	-1.197420e+00	1.017797e+01
3.785331e+02	-2.291265e+00	-1.047065e+00	5.062102e+00	2.452851e+00	1.891028e+00	7.147608e-02	6.037276e-01	-1.183939e+00	1.011328e+01
3.612284e+02	-2.274385e+00	-9.864609e-01	5.048271e+00	2.478164e+00	1.904255e+00	1.247690e-01	6.280909e-01	-1.171951e+00	1.005031e+01
3.708699e+02	-2.251522e+00	-9.203291e-01	5.034689e+00	2.500642e+00	1.924923e+00	1.836134e-01	6.493600e-01	-1.161375e+00	9.988596e+00
3.813781e+02	-2.242580e+00	-8.988959e-01	5.027916e+00	2.520837e+00	1.926998e+00	1.979273e-01	6.682377e-01	-1.151867e+00	9.942443e+00
3.941819e+02	-2.235461e+00	-8.788938e-01	5.021846e+00	2.536902e+00	1.929948e+00	2.113189e-01	6.736216e-01	-1.149930e+00	9.901036e+00
4.192201e+02	-2.219062e+00	-8.563676e-01	5.018111e+00	2.553984e+00	1.940874e+00	2.262169e-01	6.782355e-01	-1.148038e+00	9.859744e+00
4.467173e+02	-2.205288e+00	-8.370352e-01	5.014236e+00	2.566775e+00	1.951947e+00	2.390608e-01	6.687725e-01	-1.157849e+00	9.825508e+00
3.842876e+02	-2.233662e+00	-8.828055e-01	5.014944e+00	2.578339e+00	1.915267e+00	1.909044e-01	6.604970e-01	-1.166650e+00	9.815531e+00
3.627118e+02	-2.251163e+00	-9.138555e-01	5.019073e+00	2.588717e+00	1.889073e+00	1.542361e-01	6.503945e-01	-1.174842e+00	9.799479e+00
3.562919e+02	-2.259648e+00	-9.361414e-01	5.024571e+00	2.598375e+00	1.872409e+00	1.251768e-01	6.377495e-01	-1.182863e+00	9.779869e+00
3.652809e+02	-2.282988e+00	-9.798578e-01	5.040195e+00	2.604681e+00	1.838356e+00	7.225153e-02	6.219782e-01	-1.188179e+00	9.768566e+00
3.831851e+02	-2.296144e+00	-1.006323e+00	5.053465e+00	2.612696e+00	1.814945e+00	3.643978e-02	6.077952e-01	-1.192937e+00	9.752787e+00
3.964996e+02	-2.297668e+00	-1.027196e+00	5.064082e+00	2.617249e+00	1.805543e+00	7.259533e-03	5.945937e-01	-1.196945e+00	9.737236e+00
3.880924e+02	-2.282186e+00	-1.026373e+00	5.073246e+00	2.619042e+00	1.813988e+00	-3.010109e-03	5.827674e-01	-1.200526e+00	9.713012e+00
3.751956e+02	-2.262198e+00	-1.020912e+00	5.083603e+00	2.619674e+00	1.826879e+00	-9.842023e-03	5.694923e-01	-1.202134e+00	9.687694e+00
3.633329e+02	-2.243111e+00	-1.016104e+00	5.091911e+00	2.617771e+00	1.841275e+00	-1.564648e-02	5.533906e-01	-1.202061e+00	9.665868e+00
3.471379e+02	-2.217878e+00	-1.001842e+00	5.093663e+00	2.617537e+00	1.863292e+00	-9.502228e-03	5.387968e-01	-1.201878e+00	9.644042e+00
3.361437e+02	-2.190432e+00	-9.757503e-01	5.092766e+00	2.621582e+00	1.886158e+00	7.989685e-03	5.242382e-01	-1.200379e+00	9.619522e+00
3.382913e+02	-2.162128e+00	-9.455313e-01	5.090840e+00	2.625602e+00	1.909411e+00	2.945223e-02	5.113131e-01	-1.199098e+00	9.594597e+00
3.565915e+02	-2.135361e+00	-9.142576e-01	5.091119e+00	2.632071e+00	1.929107e+00	5.102267e-02	4.998607e-01	-1.198024e+00	9.568597e+00
3.363013e+02	-2.136344e+00	-9.387795e-01	5.127375e+00	2.635439e+00	1.909705e+00	1.386220e-02	4.891224e-01	-1.196945e+00	9.553537e+00
3.275532e+02	-2.131352e+00	-9.596833e-01	5.159544e+00	2.637795e+00	1.897306e+00	-1.859686e-02	4.783892e-01	-1.195513e+00	9.539407e+00
3.242096e+02	-2.123120e+00	-9.746475e-01	5.189167e+00	2.641464e+00	1.888424e+00	-4.538561e-02	4.688339e-01	-1.194244e+00	9.524132e+00
3.256715e+02	-2.120186e+00	-9.948572e-01	5.221165e+00	2.643747e+00	1.874404e+00	-7.658387e-02	4.581415e-01	-1.192274e+00	9.511608e+00
3.242069e+02	-2.112757e+00	-9.903323e-01	5.240760e+00	2.645935e+00	1.868298e+00	-8.553296e-02	4.370806e-01	-1.187337e+00	9.495684e+00
3.216518e+02	-2.104634e+00	-9.794972e-01	5.258924e+00	2.656520e+00	1.859446e+00	-8.909319e-02	4.164723e-01	-1.181175e+00	9.477288e+00
3.154863e+02	-2.079481e+00	-9.592713e-01	5.274258e+00	2.661633e+00	1.866441e+00	-8.546733e-02	3.979989e-01	-1.175545e+00	9.454859e+00
3.141324e+02	-2.055624e+00	-9.408758e-01	5.287939e+00	2.666067e+00	1.874059e+00	-8.200978e-02	3.776856e-01	-1.169052e+00	9.434806e+00
3.115128e+02	-2.040008e+00	-9.377504e-01	5.319420e+00	2.666396e+00	1.868474e+00	-9.725070e-02	3.592351e-01	-1.163154e+00	9.415802e+00
3.111823e+02	-2.018277e+00	-9.306764e-01	5.344782e+00	2.664059e+00	1.870663e+00	-1.072167e-01	3.425062e-01	-1.157806e+00	9.397245e+00
3.128873e+02	-1.994746e+00	-9.241494e-01	5.367586e+00	2.662934e+00	1.874685e+00	-1.160163e-01	3.275320e-01	-1.152958e+00	9.380570e+00
3.107788e+02	-1.984781e+00	-9.146879e-01	5.389639e+00	2.670516e+00	1.864937e+00	-1.221086e-01	3.143483e-01	-1.148819e+00	9.363384e+00
3.028029e+02	-2.002977e+00	-9.099358e-01	5.407009e+00	2.674940e+00	1.837261e+00	-1.289910e-01	2.821263e-01	-1.138254e+00	9.353551e+00
3.017225e+02	-2.015625e+00	-9.103631e-01	5.433494e+00	2.677852e+00	1.810413e+00	-1.436769e-01	2.528860e-01	-1.128537e+00	9.342277e+00
3.124833e+02	-2.038411e+00	-9.113897e-01	5.461522e+00	2.699024e+00	1.770414e+00	-1.580090e-01	2.273514e-01	-1.120326e+00	9.332236e+00
3.001005e+02	-2.025193e+00	-8.800858e-01	5.472803e+00	2.725517e+00	1.765783e+00	-1.415145e-01	2.044443e-01	-1.112813e+00	9.314687e+00
2.967881e+02	-1.991393e+00	-8.227223e-01	5.470519e+00	2.754157e+00	1.783890e+00	-9.957580e-02	1.833381e-01	-1.105319e+00	9.290760e+00
3.515750e+02	-1.951174e+00	-7.662938e-01	5.467022e+00	2.783211e+00	1.807827e+00	-5.742067e-02	1.626784e-01	-1.097229e+00	9.268610e+00
4.331183e+02	-1.922216e+00	-7.250390e-01	5.468445e+00	2.811159e+00	1.820485e+00	-2.852602e-02	1.445039e-01	-1.090136e+00	9.249322e+00
5.240001e+02	-1.894532e+00	-6.974099e-01	5.471664e+00	2.842628e+00	1.830509e+00	-9.777728e-03	1.279542e-01	-1.083552e+00	9.235132e+00
5.256770e+02	-1.906473e+00	-6.724857e-01	5.480040e+00	2.882231e+00	1.803059e+00	5.322323e-03	1.131870e-01	-1.077929e+00	9.220203e+00
5.371989e+02	-1.913842e+00	-6.500996e-01	5.487531e+00	2.917749e+00	1.781227e+00	1.890968e-02	9.863823e-02	-1.071596e+00	9.206902e+00
5.124009e+02	-1.934025e+00	-6.310153e-01	5.497065e+00	2.951935e+00	1.747292e+00	2.909336e-02	8.622667e-02	-1.066377e+00	9.193555e+00
3.043953e+02	-2.007477e+00	-6.998413e-01	5.562626e+00	2.938911e+00	1.664501e+00	-4.319719e-02	7.454466e-02	-1.061274e+00	9.203040e+00
3.459340e+02	-2.091742e+00	-7.789475e-01	5.637958e+00	2.924108e+00	1.570528e+00	-1.258679e-01	6.475950e-02	-1.057877e+00	9.216083e+00
5.199041e+02	-2.162689e+00	-8.481744e-01	5.708354e+00	2.912230e+00	1.488549e+00	-1.993649e-01	5.868139e-02	-1.058979e+00	9.225338e+00
7.009843e+02	-2.219066e+00	-9.047960e-01	5.770898e+00	2.909762e+00	1.420175e+00	-2.604231e-01	5.637855e-02	-1.066422e+00	9.231125e+00
6.997778e+02	-2.222278e+00	-9.078251e-01	5.756223e+00	2.957206e+00	1.418562e+00	-2.557862e-01	5.420558e-02	-1.072781e+00	9.224036e+00
6.452081e+02	-2.206064e+00	-8.950223e-01	5.727886e+00	3.003142e+00	1.437839e+00	-2.354300e-01	5.193844e-02	-1.077679e+00	9.211820e+00
5.802017e+02	-2.181680e+00	-8.800321e-01	5.702405e+00	3.043276e+00	1.462955e+00	-2.145713e-01	4.979385e-02	-1.081750e+00	9.198429e+00
5.223230e+02	-2.158501e+00	-8.666053e-01	5.679681e+00	3.079004e+00	1.486470e+00	-1.959285e-01	4.787418e-02	-1.085355e+00	9.186475e+00
4.604672e+02	-2.129008e+00	-8.528791e-01	5.658210e+00	3.107039e+00	1.515141e+00	-1.778036e-01	4.545752e-02	-1.086931e+00	9.175134e+00
3.655028e+02	-2.082242e+00	-8.200563e-01	5.619951e+00	3.157991e+00	1.560520e+00	-1.401685e-01	4.763883e-02	-1.097344e+00	9.157472e+00
2.932821e+02	-2.022417e+00	-7.743082e-01	5.577168e+00	3.209163e+00	1.616943e+00	-9.227124e-02	5.178107e-02	-1.110733e+00	9.132795e+00
3.076994e+02	-1.957470e+00	-7.281891e-01	5.539600e+00	3.249614e+00	1.675995e+00	-4.622891e-02	4.218913e-02	-1.101347e+00	9.109254e+00
4.253289e+02	-1.899522e+00	-6.893607e-01	5.507227e+00	3.287179e+00	1.728097e+00	-6.978539e-03	3.131142e-02	-1.089596e+00	9.088412e+00
6.271556e+02	-1.850356e+00	-6.566446e-01	5.478485e+00	3.324015e+00	1.772207e+00	2.684014e-02	2.135118e-02	-1.078859e+00	9.070644e+00
8.696685e+02	-1.810281e+00	-6.302170e-01	5.456690e+00	3.367095e+00	1.805470e+00	5.447370e-02	1.283444e-02	-1.069525e+00	9.055707e+00
1.121782e+03	-1.778437e+00	-6.096631e-01	5.437954e+00	3.408497e+00	1.831527e+00	7.705539e-02	6.307420e-03	-1.061796e+00	9.044941e+00
1.405896e+03	-1.748383e+00	-5.911055e-01	5.421600e+00	3.446732e+00	1.855487e+00	9.727609e-02	-1.405821e-03	-1.053427e+00	9.035269e+00
6.744464e+02	-1.821553e+00	-6.656008e-01	5.484745e+00	3.406820e+00	1.783242e+00	2.502570e-02	-1.834272e-02	-1.039858e+00	9.104819e+00
3.548602e+02	-1.887928e+00	-7.343598e-01	5.540023e+00	3.375109e+00	1.717766e+00	-4.115505e-02	-3.375091e-02	-1.027474e+00	9.170680e+00
2.771923e+02	-1.949965e+00	-7.960952e-01	5.590852e+00	3.351452e+00	1.656409e+00	-1.006866e-01	-4.459091e-02	-1.019646e+00	9.228813e+00
3.284542e+02	-2.005229e+00	-8.517375e-01	5.641018e+00	3.329039e+00	1.600875e+00	-1.550266e-01	-4.873759e-02	-1.020214e+00	9.279299e+00
4.254492e+02	-2.050269e+00	-8.977234e-01	5.679656e+00	3.314596e+00	1.555787e+00	-1.994753e-01	-5.249112e-02	-1.020577e+00	9.318700e+00
5.304453e+02	-2.087715e+00	-9.380027e-01	5.712733e+00	3.299065e+00	1.518172e+00	-2.383568e-01	-5.050284e-02	-1.030230e+00	9.352624e+00
6.263192e+02	-2.118737e+00	-9.713315e-01	5.742092e+00	3.284993e+00	1.486718e+00	-2.708536e-01	-4.907154e-02	-1.038167e+00	9.376101e+00
7.096241e+02	-2.144571e+00	-1.000156e+00	5.767477e+00	3.272396e+00	1.460398e+00	-2.989773e-01	-4.382900e-02	-1.053551e+00	9.394738e+00
7.535591e+02	-2.163088e+00	-1.020079e+00	5.755130e+00	3.296948e+00	1.446124e+00	-3.130389e-01	-8.834639e-02	-1.002668e+00	9.425070e+00
7.830314e+02	-2.176831e+00	-1.034966e+00	5.740860e+00	3.322598e+00	1.436296e+00	-3.225840e-01	-1.288933e-01	-9.561299e-01	9.446317e+00
8.084406e+02	-2.188116e+00	-1.048018e+00	5.730488e+00	3.352941e+00	1.427566e+00	-3.311632e-01	-1.391166e-01	-9.579173e-01	9.463883e+00
8.246509e+02	-2.195380e+00	-1.058360e+00	5.717735e+00	3.372051e+00	1.423168e+00	-3.373213e-01	-1.472906e-01	-9.614194e-01	9.477531e+00
8.359492e+02	-2.200417e+00	-1.067144e+00	5.706562e+00	3.385999e+00	1.420652e+00	-3.425394e-01	-1.546341e-01	-9.657934e-01	9.488145e+00
8.184484e+02	-2.199121e+00	-1.068943e+00	5.666133e+00	3.439662e+00	1.427919e+00	-3.356163e-01	-1.408845e-01	-1.000910e+00	9.493592e+00
7.649927e+02	-2.189314e+00	-1.062257e+00	5.597893e+00	3.506339e+00	1.449290e+00	-3.151386e-01	-1.467476e-01	-1.008810e+00	9.497747e+00
8.381674e+02	-2.176481e+00	-1.051780e+00	5.507725e+00	3.550458e+00	1.481151e+00	-2.860153e-01	-2.228787e-01	-9.365970e-01	9.553867e+00
1.494698e+03	-2.161380e+00	-1.040796e+00	5.428464e+00	3.589900e+00	1.512245e+00	-2.590036e-01	-2.869538e-01	-8.771222e-01	9.598458e+00
