# loss | a0 ... a9
3.365034e+03	-1.925926e+00	-5.555556e-01	8.740741e+00	2.555556e+00	2.444444e+00	2.666667e-01	-1.000000e+00	-4.444444e-01	9.074074e+00
4.312119e+02	-2.075926e+00	-7.055556e-01	8.890741e+00	2.405556e+00	2.294444e+00	1.166667e-01	-8.500000e-01	-5.944444e-01	9.224074e+00
6.284992e+02	-2.259784e+00	-8.920980e-01	8.878508e+00	2.498520e+00	2.130418e+00	-8.512888e-02	-7.150319e-01	-7.294089e-01	9.376430e+00
1.042692e+03	-2.395767e+00	-1.044735e+00	8.811790e+00	2.626770e+00	2.024532e+00	-2.118463e-01	-5.813284e-01	-9.179849e-01	9.510727e+00
1.216424e+03	-2.505109e+00	-1.174628e+00	8.721969e+00	2.774042e+00	1.947236e+00	-2.880648e-01	-4.610728e-01	-1.087148e+00	9.631354e+00
1.299045e+03	-2.584712e+00	-1.289104e+00	8.623273e+00	2.908467e+00	1.901413e+00	-3.512551e-01	-3.534693e-01	-1.233351e+00	9.738805e+00
1.314384e+03	-2.642238e+00	-1.388284e+00	8.489725e+00	3.050329e+00	1.890965e+00	-3.898291e-01	-2.823909e-01	-1.168559e+00	9.835760e+00
1.306992e+03	-2.690898e+00	-1.476436e+00	8.342995e+00	3.182301e+00	1.897315e+00	-4.193154e-01	-2.559969e-01	-1.013814e+00	9.921133e+00
1.314025e+03	-2.725929e+00	-1.555442e+00	8.196306e+00	3.305991e+00	1.916446e+00	-4.423088e-01	-2.628909e-01	-8.438886e-01	1.001305e+01
1.313443e+03	-2.740514e+00	-1.605842e+00	8.131813e+00	3.371356e+00	1.924338e+00	-4.624055e-01	-1.909142e-01	-8.971910e-01	1.006032e+01
1.313893e+03	-2.750494e+00	-1.650828e+00	8.067949e+00	3.431199e+00	1.936755e+00	-4.790136e-01	-1.261697e-01	-9.451135e-01	1.010282e+01
1.316362e+03	-2.749214e+00	-1.689953e+00	8.033925e+00	3.483817e+00	1.941456e+00	-4.951325e-01	-3.162963e-02	-1.041157e+00	1.014060e+01
1.319626e+03	-2.749020e+00	-1.725563e+00	7.990092e+00	3.538183e+00	1.950242e+00	-5.067297e-01	2.885727e-02	-1.094505e+00	1.017892e+01
1.320992e+03	-2.739227e+00	-1.756812e+00	7.938599e+00	3.586510e+00	1.972472e+00	-5.148131e-01	8.296198e-02	-1.142020e+00	1.021288e+01
1.320685e+03	-2.722530e+00	-1.784473e+00	7.884228e+00	3.628718e+00	2.003406e+00	-5.207957e-01	1.311432e-01	-1.184044e+00	1.024328e+01
1.317727e+03	-2.703055e+00	-1.808030e+00	7.820591e+00	3.674617e+00	2.039825e+00	-5.208902e-01	1.746957e-01	-1.222136e+00	1.026976e+01
1.309513e+03	-2.680811e+00	-1.829374e+00	7.750056e+00	3.716595e+00	2.084081e+00	-5.191102e-01	1.990913e-01	-1.235919e+00	1.029596e+01
1.298963e+03	-2.659190e+00	-1.845416e+00	7.681722e+00	3.750923e+00	2.128309e+00	-5.152908e-01	2.120025e-01	-1.239011e+00	1.031674e+01
1.286142e+03	-2.635410e+00	-1.859298e+00	7.611270e+00	3.785169e+00	2.174662e+00	-5.093707e-01	2.200893e-01	-1.236684e+00	1.033519e+01
1.270480e+03	-2.609939e+00	-1.871169e+00	7.535911e+00	3.820721e+00	2.223991e+00	-5.008042e-01	2.220835e-01	-1.227897e+00	1.035180e+01
1.253393e+03	-2.583653e+00	-1.881978e+00	7.460856e+00	3.852157e+00	2.275979e+00	-4.922568e-01	2.150773e-01	-1.207325e+00	1.036707e+01
1.230047e+03	-2.541768e+00	-1.890512e+00	7.368884e+00	3.880378e+00	2.346350e+00	-4.800964e-01	2.047484e-01	-1.183454e+00	1.038095e+01
1.219526e+03	-2.493509e+00	-1.897038e+00	7.259886e+00	3.911586e+00	2.429918e+00	-4.629091e-01	1.799962e-01	-1.142067e+00	1.039307e+01
1.255946e+03	-2.436376e+00	-1.901023e+00	7.140693e+00	3.950069e+00	2.520619e+00	-4.408873e-01	1.660059e-01	-1.113222e+00	1.040211e+01
1.131464e+03	-2.327594e+00	-1.874532e+00	7.210396e+00	3.897383e+00	2.478045e+00	-4.753611e-01	2.603488e-01	-1.206596e+00	1.034442e+01
1.132010e+03	-2.231739e+00	-1.850696e+00	7.258252e+00	3.864253e+00	2.455248e+00	-4.953580e-01	3.368438e-01	-1.282302e+00	1.029572e+01
1.136346e+03	-2.138187e+00	-1.828318e+00	7.294720e+00	3.832879e+00	2.446160e+00	-5.101328e-01	4.042340e-01	-1.349169e+00	1.025274e+01
1.139858e+03	-2.051029e+00	-1.808187e+00	7.324838e+00	3.802741e+00	2.443937e+00	-5.223349e-01	4.633287e-01	-1.407666e+00	1.021406e+01
1.137077e+03	-1.968170e+00	-1.789034e+00	7.348056e+00	3.777680e+00	2.448725e+00	-5.302209e-01	5.157068e-01	-1.459524e+00	1.017779e+01
1.124335e+03	-1.896485e+00	-1.769763e+00	7.356603e+00	3.773923e+00	2.461900e+00	-5.269614e-01	5.600117e-01	-1.503190e+00	1.014788e+01
1.100554e+03	-1.818248e+00	-1.749312e+00	7.350972e+00	3.774108e+00	2.491537e+00	-5.165062e-01	5.995831e-01	-1.542188e+00	1.011614e+01
1.067670e+03	-1.750936e+00	-1.729190e+00	7.330835e+00	3.781968e+00	2.538426e+00	-4.961467e-01	6.282674e-01	-1.570118e+00	1.008770e+01
1.038031e+03	-1.682373e+00	-1.709286e+00	7.307474e+00	3.792139e+00	2.587335e+00	-4.745628e-01	6.540304e-01	-1.595206e+00	1.005763e+01
9.992455e+02	-1.613831e+00	-1.685627e+00	7.264434e+00	3.826970e+00	2.652111e+00	-4.370830e-01	6.730846e-01	-1.614073e+00	1.002403e+01
9.826400e+02	-1.552926e+00	-1.664185e+00	7.223650e+00	3.855662e+00	2.715259e+00	-4.026665e-01	6.877357e-01	-1.629046e+00	9.992442e+00
9.982232e+02	-1.492927e+00	-1.644073e+00	7.185052e+00	3.881234e+00	2.774831e+00	-3.708675e-01	7.007705e-01	-1.642409e+00	9.959336e+00
1.008864e+03	-1.469041e+00	-1.627792e+00	7.152953e+00	3.911840e+00	2.818662e+00	-3.426986e-01	7.075632e-01	-1.651966e+00	9.942764e+00
9.655112e+02	-1.486906e+00	-1.615281e+00	7.134790e+00	3.965707e+00	2.828960e+00	-3.183076e-01	7.163554e-01	-1.662117e+00	9.949009e+00
9.387773e+02	-1.485361e+00	-1.592092e+00	7.086552e+00	4.051511e+00	2.864387e+00	-2.671303e-01	7.241859e-01	-1.671204e+00	9.947790e+00
8.168189e+02	-1.545670e+00	-1.577476e+00	7.074006e+00	4.160810e+00	2.834358e+00	-2.269180e-01	7.363512e-01	-1.682116e+00	9.987538e+00
7.266419e+02	-1.601072e+00	-1.564358e+00	7.063137e+00	4.260031e+00	2.805982e+00	-1.908551e-01	7.471379e-01	-1.691841e+00	1.002190e+01
6.641808e+02	-1.647330e+00	-1.552787e+00	7.054100e+00	4.344659e+00	2.781852e+00	-1.601686e-01	7.563231e-01	-1.700146e+00	1.004777e+01
6.132119e+02	-1.685489e+00	-1.535177e+00	7.029348e+00	4.434544e+00	2.775600e+00	-1.158144e-01	7.594120e-01	-1.704563e+00	1.007074e+01
5.825471e+02	-1.707632e+00	-1.508825e+00	6.989501e+00	4.531353e+00	2.786536e+00	-5.698374e-02	7.621706e-01	-1.708522e+00	1.007690e+01
5.434695e+02	-1.753920e+00	-1.487608e+00	6.963302e+00	4.631416e+00	2.771260e+00	-7.001601e-03	7.651732e-01	-1.712519e+00	1.009614e+01
5.190580e+02	-1.793007e+00	-1.468178e+00	6.939481e+00	4.721080e+00	2.758712e+00	3.814284e-02	7.677239e-01	-1.715996e+00	1.011110e+01
5.065937e+02	-1.824611e+00	-1.450305e+00	6.917532e+00	4.800964e+00	2.749777e+00	7.907766e-02	7.697155e-01	-1.718886e+00	1.012272e+01
4.876791e+02	-1.866439e+00	-1.436866e+00	6.901322e+00	4.875252e+00	2.732788e+00	1.133039e-01	7.699298e-01	-1.720118e+00	1.014434e+01
4.712566e+02	-1.907292e+00	-1.424557e+00	6.888011e+00	4.943988e+00	2.713279e+00	1.437430e-01	7.703097e-01	-1.721383e+00	1.016008e+01
4.609320e+02	-1.941169e+00	-1.413425e+00	6.876195e+00	5.003821e+00	2.697241e+00	1.705611e-01	7.704429e-01	-1.722320e+00	1.017058e+01
4.424476e+02	-1.981180e+00	-1.409493e+00	6.873094e+00	5.055082e+00	2.670828e+00	1.852855e-01	7.705233e-01	-1.723128e+00	1.019540e+01
4.327660e+02	-2.011843e+00	-1.403299e+00	6.868628e+00	5.101315e+00	2.651662e+00	2.012181e-01	7.696782e-01	-1.723364e+00	1.020533e+01
4.262162e+02	-2.038339e+00	-1.397523e+00	6.863683e+00	5.141738e+00	2.637951e+00	2.161659e-01	7.668150e-01	-1.721730e+00	1.021213e+01
4.208284e+02	-2.064541e+00	-1.392772e+00	6.857335e+00	5.176308e+00	2.629856e+00	2.305820e-01	7.595818e-01	-1.716287e+00	1.021839e+01
4.124694e+02	-2.096944e+00	-1.390390e+00	6.855518e+00	5.209225e+00	2.610535e+00	2.393841e-01	7.539427e-01	-1.712208e+00	1.022189e+01
4.059399e+02	-2.126045e+00	-1.390495e+00	6.856417e+00	5.235812e+00	2.590958e+00	2.422498e-01	7.486457e-01	-1.708326e+00	1.022414e+01
4.015110e+02	-2.156469e+00	-1.390904e+00	6.856901e+00	5.260013e+00	2.572194e+00	2.451452e-01	7.418108e-01	-1.703215e+00	1.022802e+01
3.984669e+02	-2.181438e+00	-1.389188e+00	6.855552e+00	5.280759e+00	2.560608e+00	2.504911e-01	7.329805e-01	-1.696426e+00	1.022059e+01
3.959592e+02	-2.201829e+00	-1.386620e+00	6.853623e+00	5.299423e+00	2.552426e+00	2.565913e-01	7.244262e-01	-1.689940e+00	1.020935e+01
3.931287e+02	-2.221843e+00	-1.384894e+00	6.850028e+00	5.314516e+00	2.549480e+00	2.629813e-01	7.126739e-01	-1.680278e+00	1.020100e+01
3.901790e+02	-2.237563e+00	-1.382308e+00	6.846045e+00	5.327768e+00	2.550043e+00	2.701109e-01	7.013104e-01	-1.670810e+00	1.018972e+01
3.873522e+02	-2.249219e+00	-1.378905e+00	6.841862e+00	5.339711e+00	2.552898e+00	2.778077e-01	6.910608e-01	-1.662266e+00	1.017574e+01
3.849458e+02	-2.269114e+00	-1.379891e+00	6.839714e+00	5.349377e+00	2.547919e+00	2.796883e-01	6.779437e-01	-1.652255e+00	1.017205e+01
3.826258e+02	-2.283664e+00	-1.379976e+00	6.837236e+00	5.357762e+00	2.546565e+00	2.823520e-01	6.654816e-01	-1.642807e+00	1.016591e+01
3.809500e+02	-2.297644e+00	-1.380910e+00	6.836597e+00	5.364620e+00	2.542655e+00	2.823137e-01	6.540655e-01	-1.634142e+00	1.015800e+01
3.796587e+02	-2.311218e+00	-1.381939e+00	6.835988e+00	5.370704e+00	2.538585e+00	2.821594e-01	6.432143e-01	-1.625938e+00	1.015026e+01
3.781527e+02	-2.326824e+00	-1.383446e+00	6.834598e+00	5.375219e+00	2.535316e+00	2.820862e-01	6.288553e-01	-1.615314e+00	1.014252e+01
3.772123e+02	-2.341546e+00	-1.385844e+00	6.833327e+00	5.378159e+00	2.532874e+00	2.807270e-01	6.143714e-01	-1.604519e+00	1.013693e+01
3.738981e+02	-2.351506e+00	-1.385163e+00	6.830256e+00	5.380276e+00	2.536662e+00	2.833560e-01	5.991173e-01	-1.592869e+00	1.012031e+01
3.704235e+02	-2.358397e+00	-1.384305e+00	6.827052e+00	5.381698e+00	2.542766e+00	2.862033e-01	5.846601e-01	-1.581785e+00	1.010528e+01
3.673415e+02	-2.364243e+00	-1.383270e+00	6.824519e+00	5.383400e+00	2.547397e+00	2.887494e-01	5.714659e-01	-1.571687e+00	1.008973e+01
3.639232e+02	-2.365990e+00	-1.381314e+00	6.821759e+00	5.384931e+00	2.554606e+00	2.923336e-01	5.594778e-01	-1.562509e+00	1.007408e+01
3.603986e+02	-2.364398e+00	-1.378255e+00	6.818437e+00	5.386320e+00	2.564565e+00	2.973851e-01	5.483050e-01	-1.554000e+00	1.005713e+01
3.575695e+02	-2.361694e+00	-1.375412e+00	6.815020e+00	5.387346e+00	2.575211e+00	3.023403e-01	5.373112e-01	-1.545719e+00	1.004228e+01
3.554790e+02	-2.357743e+00	-1.372961e+00	6.813033e+00	5.386730e+00	2.584958e+00	3.048702e-01	5.269279e-01	-1.537928e+00	1.002529e+01
3.536720e+02	-2.354552e+00	-1.371214e+00	6.809304e+00	5.385156e+00	2.597852e+00	3.083198e-01	5.131122e-01	-1.527994e+00	1.001155e+01
3.524294e+02	-2.353704e+00	-1.369949e+00	6.806561e+00	5.384401e+00	2.606555e+00	3.108150e-01	5.006197e-01	-1.519029e+00	9.998458e+00
3.523363e+02	-2.348396e+00	-1.366658e+00	6.803242e+00	5.383937e+00	2.618434e+00	3.156040e-01	4.892908e-01	-1.510902e+00	9.982481e+00
3.529821e+02	-2.343972e+00	-1.363529e+00	6.800438e+00	5.383628e+00	2.628479e+00	3.198821e-01	4.790632e-01	-1.503577e+00	9.966300e+00
3.518578e+02	-2.345836e+00	-1.364191e+00	6.800113e+00	5.382496e+00	2.630999e+00	3.187173e-01	4.684798e-01	-1.496643e+00	9.957708e+00
3.504029e+02	-2.347654e+00	-1.365460e+00	6.800881e+00	5.380215e+00	2.632259e+00	3.155043e-01	4.583468e-01	-1.490030e+00	9.946951e+00
3.474186e+02	-2.353947e+00	-1.371187e+00	6.804970e+00	5.375040e+00	2.627000e+00	3.044317e-01	4.485133e-01	-1.483667e+00	9.940025e+00
3.456703e+02	-2.369385e+00	-1.380522e+00	6.811563e+00	5.370483e+00	2.611456e+00	2.886622e-01	4.385708e-01	-1.477695e+00	9.939667e+00
3.470714e+02	-2.382319e+00	-1.388477e+00	6.816990e+00	5.366085e+00	2.599048e+00	2.751088e-01	4.288705e-01	-1.471871e+00	9.937970e+00
3.497147e+02	-2.391111e+00	-1.395168e+00	6.821251e+00	5.361671e+00	2.591121e+00	2.637008e-01	4.189024e-01	-1.465879e+00	9.936026e+00
3.526369e+02	-2.396911e+00	-1.400620e+00	6.824881e+00	5.357617e+00	2.585656e+00	2.540172e-01	4.098136e-01	-1.460415e+00	9.933516e+00
3.561657e+02	-2.402432e+00	-1.405668e+00	6.828302e+00	5.354106e+00	2.580189e+00	2.450986e-01	4.016056e-01	-1.455480e+00	9.931336e+00
3.560291e+02	-2.400441e+00	-1.406462e+00	6.830158e+00	5.351216e+00	2.581405e+00	2.412070e-01	3.941137e-01	-1.450974e+00	9.922919e+00
3.536690e+02	-2.394266e+00	-1.404829e+00	6.831111e+00	5.348605e+00	2.586235e+00	2.400711e-01	3.873080e-01	-1.446879e+00	9.910010e+00
3.502839e+02	-2.385485e+00	-1.401897e+00	6.831373e+00	5.346243e+00	2.593469e+00	2.406642e-01	3.810901e-01	-1.443139e+00	9.895492e+00
3.466212e+02	-2.374030e+00	-1.398401e+00	6.831073e+00	5.343888e+00	2.603131e+00	2.422320e-01	3.754025e-01	-1.439718e+00	9.881872e+00
3.436392e+02	-2.362092e+00	-1.395054e+00	6.830615e+00	5.341552e+00	2.613369e+00	2.439048e-01	3.700861e-01	-1.436521e+00	9.869601e+00
3.411658e+02	-2.349057e+00	-1.390815e+00	6.829442e+00	5.339686e+00	2.624868e+00	2.470483e-01	3.650212e-01	-1.433484e+00	9.856725e+00
3.399355e+02	-2.335219e+00	-1.387860e+00	6.829336e+00	5.336635e+00	2.635851e+00	2.477821e-01	3.604181e-01	-1.430725e+00	9.845911e+00
3.395989e+02	-2.319840e+00	-1.383691e+00	6.829119e+00	5.333685e+00	2.647724e+00	2.494986e-01	3.561918e-01	-1.428198e+00	9.832274e+00
3.392139e+02	-2.313568e+00	-1.381758e+00	6.832030e+00	5.331628e+00	2.648807e+00	2.472066e-01	3.523220e-01	-1.425889e+00	9.819246e+00
3.388890e+02	-2.308864e+00	-1.379684e+00	6.834275e+00	5.330259e+00	2.649487e+00	2.458900e-01	3.475575e-01	-1.423371e+00	9.807268e+00
3.388887e+02	-2.302508e+00	-1.377412e+00	6.835957e+00	5.328752e+00	2.652034e+00	2.451948e-01	3.428699e-01	-1.420894e+00	9.796329e+00
3.383691e+02	-2.300690e+00	-1.375708e+00	6.838420e+00	5.328788e+00	2.649519e+00	2.439474e-01	3.386260e-01	-1.418658e+00	9.785936e+00
3.384520e+02	-2.295594e+00	-1.371848e+00	6.840078e+00	5.329089e+00	2.649858e+00	2.450242e-01	3.347609e-01	-1.416621e+00	9.773034e+00
3.395844e+02	-2.286677e+00	-1.366874e+00	6.841001e+00	5.329217e+00	2.653537e+00	2.474642e-01	3.312496e-01	-1.414771e+00	9.759463e+00
3.393560e+02	-2.281336e+00	-1.364800e+00	6.844749e+00	5.328062e+00	2.651924e+00	2.450028e-01	3.280808e-01	-1.413102e+00	9.748166e+00
3.379050e+02	-2.281055e+00	-1.364847e+00	6.849100e+00	5.326640e+00	2.646533e+00	2.403136e-01	3.238716e-01	-1.411177e+00	9.739620e+00
3.371251e+02	-2.278268e+00	-1.364126e+00	6.852863e+00	5.325240e+00	2.643450e+00	2.367046e-01	3.198936e-01	-1.409357e+00	9.730656e+00
3.351657e+02	-2.278656e+00	-1.366997e+00	6.859527e+00	5.321278e+00	2.635718e+00	2.268917e-01	3.162149e-01	-1.407668e+00	9.723678e+00
3.336440e+02	-2.281996e+00	-1.368554e+00	6.866221e+00	5.319179e+00	2.624916e+00	2.186139e-01	3.126935e-01	-1.406037e+00	9.714537e+00
3.330703e+02	-2.285268e+00	-1.372047e+00	6.874254e+00	5.315449e+00	2.613097e+00	2.071166e-01	3.094056e-01	-1.404509e+00	9.707398e+00
3.332450e+02	-2.284011e+00	-1.374315e+00	6.881056e+00	5.311692e+00	2.605734e+00	1.976041e-01	3.062520e-01	-1.403027e+00	9.700472e+00
3.336202e+02	-2.281621e+00	-1.375800e+00	6.887154e+00	5.308234e+00	2.599842e+00	1.893835e-01	3.033665e-01	-1.401668e+00	9.693072e+00
3.345539e+02	-2.279405e+00	-1.377843e+00	6.894043e+00	5.304449e+00	2.592927e+00	1.800363e-01	3.007434e-01	-1.400430e+00	9.686190e+00
3.345443e+02	-2.274348e+00	-1.377762e+00	6.898454e+00	5.301698e+00	2.590805e+00	1.748295e-01	2.969637e-01	-1.398720e+00	9.679700e+00
3.344902e+02	-2.270240e+00	-1.377123e+00	6.902704e+00	5.299529e+00	2.587976e+00	1.703426e-01	2.935694e-01	-1.397185e+00	9.672231e+00
3.337084e+02	-2.264050e+00	-1.375245e+00	6.905599e+00	5.297791e+00	2.588004e+00	1.680380e-01	2.902803e-01	-1.395663e+00	9.664355e+00
3.328673e+02	-2.257859e+00	-1.373585e+00	6.907578e+00	5.296021e+00	2.589497e+00	1.664281e-01	2.856192e-01	-1.393529e+00	9.658619e+00
3.315662e+02	-2.248646e+00	-1.370640e+00	6.908833e+00	5.294454e+00	2.593551e+00	1.663756e-01	2.815021e-01	-1.391658e+00	9.651714e+00
3.319634e+02	-2.248461e+00	-1.371160e+00	6.913293e+00	5.293453e+00	2.587618e+00	1.614973e-01	2.778243e-01	-1.389990e+00	9.646912e+00
3.326948e+02	-2.249722e+00	-1.371793e+00	6.917653e+00	5.293011e+00	2.580616e+00	1.568273e-01	2.744846e-01	-1.388473e+00	9.642369e+00
3.320932e+02	-2.246690e+00	-1.369629e+00	6.920396e+00	5.293137e+00	2.578018e+00	1.556685e-01	2.711938e-01	-1.386936e+00	9.635177e+00
3.304269e+02	-2.238845e+00	-1.365655e+00	6.921288e+00	5.293369e+00	2.580723e+00	1.573882e-01	2.677847e-01	-1.385282e+00	9.627521e+00
3.288228e+02	-2.228749e+00	-1.360744e+00	6.921356e+00	5.293633e+00	2.585843e+00	1.604927e-01	2.645313e-01	-1.383681e+00	9.619702e+00
3.278470e+02	-2.216005e+00	-1.353872e+00	6.920653e+00	5.294276e+00	2.593251e+00	1.656908e-01	2.615602e-01	-1.382215e+00	9.610287e+00
3.272357e+02	-2.211727e+00	-1.348615e+00	6.923297e+00	5.296048e+00	2.590428e+00	1.673090e-01	2.589118e-01	-1.380913e+00	9.599917e+00
3.272313e+02	-2.203295e+00	-1.343111e+00	6.925199e+00	5.297104e+00	2.591470e+00	1.695189e-01	2.562272e-01	-1.379567e+00	9.590487e+00
3.273770e+02	-2.196336e+00	-1.338947e+00	6.927669e+00	5.297684e+00	2.591184e+00	1.701701e-01	2.538219e-01	-1.378361e+00	9.582360e+00
3.283005e+02	-2.187575e+00	-1.334026e+00	6.929162e+00	5.298374e+00	2.593198e+00	1.721866e-01	2.516564e-01	-1.377276e+00	9.574134e+00
3.289311e+02	-2.181741e+00	-1.330220e+00	6.931062e+00	5.299339e+00	2.592977e+00	1.732534e-01	2.494414e-01	-1.376146e+00	9.566880e+00
3.288763e+02	-2.176109e+00	-1.328058e+00	6.934990e+00	5.297870e+00	2.590960e+00	1.703435e-01	2.473443e-01	-1.375073e+00	9.559597e+00
3.292563e+02	-2.170344e+00	-1.325729e+00	6.937392e+00	5.296248e+00	2.591323e+00	1.688110e-01	2.427055e-01	-1.372947e+00	9.554331e+00
3.303238e+02	-2.162843e+00	-1.322977e+00	6.939318e+00	5.294598e+00	2.593286e+00	1.679707e-01	2.381135e-01	-1.370804e+00	9.548968e+00
3.291940e+02	-2.160196e+00	-1.323019e+00	6.943405e+00	5.291804e+00	2.590558e+00	1.632083e-01	2.317030e-01	-1.367990e+00	9.546486e+00
3.304399e+02	-2.152029e+00	-1.319539e+00	6.945864e+00	5.289842e+00	2.592432e+00	1.623499e-01	2.258883e-01	-1.365434e+00	9.541195e+00
3.267021e+02	-2.157172e+00	-1.320318e+00	6.952324e+00	5.289197e+00	2.580647e+00	1.556325e-01	2.206875e-01	-1.363154e+00	9.536595e+00
3.243390e+02	-2.160449e+00	-1.320756e+00	6.958081e+00	5.288508e+00	2.570931e+00	1.497699e-01	2.159756e-01	-1.361084e+00	9.532259e+00
3.228823e+02	-2.161857e+00	-1.320857e+00	6.963096e+00	5.287816e+00	2.563205e+00	1.447838e-01	2.115541e-01	-1.359117e+00	9.528333e+00
3.217810e+02	-2.162657e+00	-1.322430e+00	6.969167e+00	5.285510e+00	2.555204e+00	1.372539e-01	2.075621e-01	-1.357339e+00	9.525268e+00
3.212804e+02	-2.161238e+00	-1.322931e+00	6.974149e+00	5.283066e+00	2.550134e+00	1.313355e-01	2.031271e-01	-1.355235e+00	9.521613e+00
3.210228e+02	-2.158321e+00	-1.323039e+00	6.978413e+00	5.280711e+00	2.546813e+00	1.263531e-01	1.988985e-01	-1.353194e+00	9.518283e+00
3.208366e+02	-2.156018e+00	-1.323324e+00	6.981838e+00	5.278387e+00	2.544430e+00	1.220452e-01	1.939559e-01	-1.350665e+00	9.515691e+00
3.206854e+02	-2.150137e+00	-1.322132e+00	6.984022e+00	5.276431e+00	2.545444e+00	1.198824e-01	1.896390e-01	-1.348470e+00	9.512518e+00
3.206086e+02	-2.144669e+00	-1.321468e+00	6.985532e+00	5.274519e+00	2.547301e+00	1.180597e-01	1.840261e-01	-1.345746e+00	9.511754e+00
3.206338e+02	-2.139048e+00	-1.320822e+00	6.986855e+00	5.272670e+00	2.549523e+00	1.164517e-01	1.789759e-01	-1.343294e+00	9.511077e+00
3.204238e+02	-2.138523e+00	-1.322288e+00	6.991161e+00	5.270727e+00	2.544915e+00	1.109531e-01	1.744034e-01	-1.341073e+00	9.510433e+00
3.204166e+02	-2.140815e+00	-1.323966e+00	6.996385e+00	5.270047e+00	2.536632e+00	1.049235e-01	1.700452e-01	-1.338922e+00	9.509165e+00
3.199578e+02	-2.138486e+00	-1.322021e+00	6.999270e+00	5.270612e+00	2.533416e+00	1.037141e-01	1.659649e-01	-1.336886e+00	9.505866e+00
3.191553e+02	-2.132173e+00	-1.317582e+00	7.001152e+00	5.271426e+00	2.533351e+00	1.049418e-01	1.621782e-01	-1.334985e+00	9.500381e+00
3.187321e+02	-2.122550e+00	-1.311802e+00	7.001930e+00	5.272096e+00	2.536521e+00	1.078497e-01	1.582985e-01	-1.332981e+00	9.494113e+00
3.191400e+02	-2.112705e+00	-1.305743e+00	7.002224e+00	5.273072e+00	2.540321e+00	1.114895e-01	1.545445e-01	-1.331015e+00	9.487998e+00
3.213852e+02	-2.099837e+00	-1.298828e+00	7.001498e+00	5.273945e+00	2.547163e+00	1.164899e-01	1.511190e-01	-1.329219e+00	9.481753e+00
3.225534e+02	-2.091419e+00	-1.296006e+00	7.003941e+00	5.272665e+00	2.548906e+00	1.156697e-01	1.474019e-01	-1.327227e+00	9.477861e+00
3.238873e+02	-2.084222e+00	-1.291191e+00	7.006413e+00	5.272837e+00	2.548987e+00	1.164589e-01	1.441778e-01	-1.325508e+00	9.471398e+00
3.254521e+02	-2.077565e+00	-1.286936e+00	7.008325e+00	5.272820e+00	2.549706e+00	1.173239e-01	1.393825e-01	-1.323183e+00	9.467100e+00
3.252181e+02	-2.073374e+00	-1.285055e+00	7.012014e+00	5.271579e+00	2.547312e+00	1.146841e-01	1.350327e-01	-1.321071e+00	9.463638e+00
3.198337e+02	-2.079465e+00	-1.288129e+00	7.020573e+00	5.269869e+00	2.533146e+00	1.044785e-01	1.311391e-01	-1.319182e+00	9.461393e+00
3.166868e+02	-2.084534e+00	-1.290564e+00	7.028657e+00	5.268209e+00	2.520261e+00	9.513536e-02	1.273498e-01	-1.317313e+00	9.458568e+00
3.146685e+02	-2.094539e+00	-1.293297e+00	7.037323e+00	5.268846e+00	2.502680e+00	8.588679e-02	1.239642e-01	-1.315646e+00	9.455456e+00
3.146669e+02	-2.102410e+00	-1.295492e+00	7.043936e+00	5.269262e+00	2.489145e+00	7.866674e-02	1.183854e-01	-1.312826e+00	9.454590e+00
3.167484e+02	-2.111051e+00	-1.298886e+00	7.051761e+00	5.268827e+00	2.474171e+00	6.949227e-02	1.131827e-01	-1.310166e+00	9.454301e+00
3.197503e+02	-2.117818e+00	-1.301092e+00	7.058765e+00	5.268957e+00	2.460944e+00	6.194425e-02	1.085116e-01	-1.307780e+00	9.453126e+00
3.209476e+02	-2.119587e+00	-1.299953e+00	7.063882e+00	5.269757e+00	2.452409e+00	5.833519e-02	1.042705e-01	-1.305607e+00	9.450161e+00
3.182790e+02	-2.114281e+00	-1.295018e+00	7.065310e+00	5.272452e+00	2.451660e+00	6.124334e-02	1.004682e-01	-1.303663e+00	9.446351e+00
3.142870e+02	-2.106569e+00	-1.287859e+00	7.064562e+00	5.276423e+00	2.454633e+00	6.805398e-02	9.682340e-02	-1.301756e+00	9.441685e+00
3.117577e+02	-2.103467e+00	-1.281273e+00	7.065201e+00	5.282309e+00	2.452128e+00	7.410217e-02	9.350286e-02	-1.300017e+00	9.436741e+00
3.095753e+02	-2.099441e+00	-1.274488e+00	7.065832e+00	5.287589e+00	2.450419e+00	7.999593e-02	9.029746e-02	-1.298300e+00	9.431333e+00
3.079983e+02	-2.096344e+00	-1.268797e+00	7.065538e+00	5.292188e+00	2.450010e+00	8.576092e-02	8.520023e-02	-1.295533e+00	9.428652e+00
3.069861e+02	-2.089325e+00	-1.262316e+00	7.064937e+00	5.295935e+00	2.452444e+00	9.190493e-02	8.068699e-02	-1.293097e+00	9.425214e+00
3.072350e+02	-2.080674e+00	-1.254648e+00	7.063288e+00	5.299847e+00	2.457094e+00	9.976185e-02	7.641223e-02	-1.290758e+00	9.421185e+00
3.094581e+02	-2.070993e+00	-1.245530e+00	7.061561e+00	5.304176e+00	2.462071e+00	1.087182e-01	7.252921e-02	-1.288632e+00	9.415859e+00
3.142318e+02	-2.059964e+00	-1.236864e+00	7.059736e+00	5.307875e+00	2.468348e+00	1.172476e-01	6.887864e-02	-1.286617e+00	9.410924e+00
3.182359e+02	-2.050950e+00	-1.231365e+00	7.060094e+00	5.309467e+00	2.471527e+00	1.208566e-01	6.554490e-02	-1.284775e+00	9.406949e+00
