# loss | a0 ... a9
1.118532e+04	-1.555556e+00	-3.703704e-01	1.066667e+01	4.444444e+00	2.111111e+00	4.000000e-01	-6.111111e-01	-9.444444e-01	9.925926e+00
2.321714e+03	-1.705556e+00	-5.203704e-01	1.051667e+01	4.594444e+00	1.961111e+00	2.500000e-01	-4.611111e-01	-1.094444e+00	1.007593e+01
3.381846e+02	-1.849251e+00	-6.705741e-01	1.037343e+01	4.739636e+00	1.816656e+00	9.540629e-02	-3.175191e-01	-1.239832e+00	1.022615e+01
5.585957e+02	-1.991936e+00	-8.114044e-01	1.022439e+01	4.863882e+00	1.695731e+00	-5.434525e-02	-3.941147e-01	-1.142479e+00	1.036235e+01
9.794001e+02	-2.115702e+00	-9.366789e-01	1.008842e+01	4.976078e+00	1.596804e+00	-1.854778e-01	-4.876291e-01	-1.041040e+00	1.048393e+01
1.203212e+03	-2.224462e+00	-1.047632e+00	9.963610e+00	5.077789e+00	1.514460e+00	-2.992225e-01	-5.816051e-01	-9.414275e-01	1.059034e+01
1.295688e+03	-2.320547e+00	-1.146805e+00	9.848769e+00	5.170298e+00	1.445744e+00	-3.991980e-01	-6.811859e-01	-8.376694e-01	1.068536e+01
1.387460e+03	-2.405738e+00	-1.235355e+00	9.743709e+00	5.254368e+00	1.387563e+00	-4.869869e-01	-7.795721e-01	-7.359187e-01	1.076992e+01
1.754103e+03	-2.481631e+00	-1.314714e+00	9.646351e+00	5.331105e+00	1.339217e+00	-5.641750e-01	-8.789699e-01	-6.339366e-01	1.084574e+01
2.492451e+03	-2.532311e+00	-1.367763e+00	9.581149e+00	5.382436e+00	1.307113e+00	-6.157242e-01	-9.454311e-01	-5.657476e-01	1.089644e+01
1.428362e+03	-2.531275e+00	-1.389506e+00	9.659589e+00	5.319014e+00	1.200951e+00	-7.240075e-01	-8.372756e-01	-6.734114e-01	1.094113e+01
1.373978e+03	-2.530345e+00	-1.409026e+00	9.729639e+00	5.262256e+00	1.106199e+00	-8.209559e-01	-7.404368e-01	-7.697815e-01	1.098121e+01
1.402557e+03	-2.530110e+00	-1.426778e+00	9.790985e+00	5.212271e+00	1.022694e+00	-9.070672e-01	-6.547653e-01	-8.548169e-01	1.101718e+01
1.434574e+03	-2.529946e+00	-1.442749e+00	9.845725e+00	5.167682e+00	9.481105e-01	-9.840846e-01	-5.781625e-01	-9.308070e-01	1.104944e+01
1.467885e+03	-2.534314e+00	-1.457692e+00	9.886824e+00	5.126603e+00	8.941561e-01	-1.050686e+00	-5.142874e-01	-9.924578e-01	1.107839e+01
1.503721e+03	-2.538268e+00	-1.471130e+00	9.923583e+00	5.089882e+00	8.458429e-01	-1.110324e+00	-4.571185e-01	-1.047611e+00	1.110436e+01
1.532529e+03	-2.541825e+00	-1.483193e+00	9.956535e+00	5.056970e+00	8.025205e-01	-1.163801e+00	-4.058612e-01	-1.097055e+00	1.112765e+01
1.549284e+03	-2.544567e+00	-1.492495e+00	9.981946e+00	5.031590e+00	7.691134e-01	-1.205040e+00	-3.663345e-01	-1.135183e+00	1.114562e+01
7.928786e+68	-2.547027e+00	-1.500841e+00	1.000474e+01	5.008821e+00	7.391428e-01	-1.242036e+00	-3.308739e-01	-1.169389e+00	1.116174e+01
7.928786e+68	-2.550995e+00	-1.508611e+00	1.002148e+01	4.988355e+00	7.174083e-01	-1.274021e+00	-3.010880e-01	-1.197220e+00	1.117619e+01
7.928786e+68	-2.554559e+00	-1.515587e+00	1.003648e+01	4.970015e+00	6.979219e-01	-1.302699e+00	-2.743861e-01	-1.222164e+00	1.118917e+01
1.566014e+69	-2.557757e+00	-1.521845e+00	1.004994e+01	4.953562e+00	6.804401e-01	-1.328426e+00	-2.504311e-01	-1.244543e+00	1.120080e+01
7.928786e+68	-2.560632e+00	-1.527465e+00	9.953845e+00	4.938826e+00	6.647722e-01	-1.232336e+00	-2.289638e-01	-1.264591e+00	1.121124e+01
1.581915e+03	-2.563212e+00	-1.532508e+00	9.867640e+00	4.925611e+00	6.507194e-01	-1.146130e+00	-2.097100e-01	-1.282570e+00	1.122061e+01
1.581558e+03	-2.565533e+00	-1.537038e+00	9.790302e+00	4.913775e+00	6.381269e-01	-1.068793e+00	-1.924577e-01	-1.298675e+00	1.122901e+01
1.581354e+03	-2.567431e+00	-1.540739e+00	9.727118e+00	4.904109e+00	6.278452e-01	-1.005609e+00	-1.783673e-01	-1.311827e+00	1.123588e+01
1.581242e+03	-2.569141e+00	-1.544064e+00	9.670434e+00	4.895456e+00	6.186379e-01	-9.489245e-01	-1.657464e-01	-1.323602e+00	1.124204e+01
1.581209e+03	-2.570677e+00	-1.547048e+00	9.619581e+00	4.887697e+00	6.103842e-01	-8.980713e-01	-1.544288e-01	-1.334158e+00	1.124756e+01
1.581240e+03	-2.572054e+00	-1.549725e+00	9.573959e+00	4.880736e+00	6.029808e-01	-8.524495e-01	-1.442754e-01	-1.343629e+00	1.125252e+01
1.581315e+03	-2.573293e+00	-1.552129e+00	9.533030e+00	4.874499e+00	5.963475e-01	-8.115208e-01	-1.351754e-01	-1.352115e+00	1.125697e+01
1.580140e+03	-2.575959e+00	-1.554493e+00	9.496312e+00	4.868573e+00	5.949052e-01	-7.748023e-01	-1.286476e-01	-1.357430e+00	1.126096e+01
1.579034e+03	-2.578362e+00	-1.556622e+00	9.463371e+00	4.863303e+00	5.936598e-01	-7.418612e-01	-1.228387e-01	-1.362143e+00	1.126454e+01
1.577973e+03	-2.580544e+00	-1.558554e+00	9.433818e+00	4.858650e+00	5.926069e-01	-7.123086e-01	-1.177235e-01	-1.366260e+00	1.126775e+01
1.577022e+03	-2.582402e+00	-1.560196e+00	9.408911e+00	4.854787e+00	5.917867e-01	-6.874011e-01	-1.134817e-01	-1.369648e+00	1.127045e+01
1.576142e+03	-2.584051e+00	-1.561655e+00	9.386565e+00	4.851342e+00	5.911018e-01	-6.650558e-01	-1.096763e-01	-1.372688e+00	1.127287e+01
1.575321e+03	-2.585540e+00	-1.562969e+00	9.366519e+00	4.848267e+00	5.905155e-01	-6.450091e-01	-1.062845e-01	-1.375388e+00	1.127504e+01
1.572587e+03	-2.589112e+00	-1.564421e+00	9.348534e+00	4.844907e+00	5.964198e-01	-6.270247e-01	-1.055024e-01	-1.374650e+00	1.127698e+01
1.570072e+03	-2.592311e+00	-1.565719e+00	9.332400e+00	4.841922e+00	6.017698e-01	-6.108903e-01	-1.048169e-01	-1.373969e+00	1.127873e+01
1.567736e+03	-2.595203e+00	-1.566901e+00	9.317925e+00	4.839300e+00	6.066209e-01	-5.964156e-01	-1.042778e-01	-1.373272e+00	1.128029e+01
1.565561e+03	-2.597820e+00	-1.567979e+00	9.304940e+00	4.837004e+00	6.110474e-01	-5.834300e-01	-1.038725e-01	-1.372555e+00	1.128169e+01
1.563567e+03	-2.600169e+00	-1.568947e+00	9.293290e+00	4.834953e+00	6.150407e-01	-5.717802e-01	-1.035200e-01	-1.371898e+00	1.128295e+01
1.561801e+03	-2.602194e+00	-1.569783e+00	9.283280e+00	4.833217e+00	6.185421e-01	-5.617703e-01	-1.032528e-01	-1.371290e+00	1.128402e+01
1.560135e+03	-2.604028e+00	-1.570547e+00	9.274300e+00	4.831751e+00	6.218050e-01	-5.527901e-01	-1.031201e-01	-1.370621e+00	1.128497e+01
1.558609e+03	-2.605669e+00	-1.571231e+00	9.266243e+00	4.830451e+00	6.247759e-01	-5.447337e-01	-1.030137e-01	-1.370006e+00	1.128582e+01
1.557167e+03	-2.607174e+00	-1.571870e+00	9.259016e+00	4.829363e+00	6.275251e-01	-5.375061e-01	-1.030256e-01	-1.369331e+00	1.128659e+01
1.555844e+03	-2.608533e+00	-1.572445e+00	9.252532e+00	4.828399e+00	6.300241e-01	-5.310220e-01	-1.030555e-01	-1.368701e+00	1.128727e+01
1.550734e+03	-2.613873e+00	-1.573374e+00	9.246714e+00	4.826258e+00	6.442524e-01	-5.252049e-01	-1.071520e-01	-1.362489e+00	1.128784e+01
1.546058e+03	-2.618659e+00	-1.574206e+00	9.241496e+00	4.824339e+00	6.570306e-01	-5.199862e-01	-1.108271e-01	-1.356916e+00	1.128834e+01
1.541728e+03	-2.622967e+00	-1.574969e+00	9.236814e+00	4.822677e+00	6.685815e-01	-5.153043e-01	-1.142073e-01	-1.351822e+00	1.128879e+01
1.537843e+03	-2.626672e+00	-1.575594e+00	9.232739e+00	4.821320e+00	6.788389e-01	-5.112291e-01	-1.171784e-01	-1.347354e+00	1.128915e+01
1.534255e+03	-2.630001e+00	-1.576153e+00	9.229083e+00	4.820139e+00	6.881345e-01	-5.075730e-01	-1.198873e-01	-1.343291e+00	1.128946e+01
1.530967e+03	-2.632951e+00	-1.576626e+00	9.225803e+00	4.819100e+00	6.965611e-01	-5.042930e-01	-1.223181e-01	-1.339647e+00	1.128969e+01
1.527959e+03	-2.635573e+00	-1.577035e+00	9.222860e+00	4.818196e+00	7.042010e-01	-5.013505e-01	-1.244991e-01	-1.336376e+00	1.128988e+01
1.525132e+03	-2.637970e+00	-1.577436e+00	9.220220e+00	4.817491e+00	7.111866e-01	-4.987106e-01	-1.266038e-01	-1.333273e+00	1.129005e+01
1.522529e+03	-2.640132e+00	-1.577802e+00	9.217852e+00	4.816887e+00	7.175260e-01	-4.963424e-01	-1.285346e-01	-1.330437e+00	1.129020e+01
1.520004e+03	-2.642157e+00	-1.578194e+00	9.215727e+00	4.816551e+00	7.234152e-01	-4.942177e-01	-1.305409e-01	-1.327583e+00	1.129034e+01
1.508756e+03	-2.652571e+00	-1.579432e+00	9.213821e+00	4.812924e+00	7.517342e-01	-4.923116e-01	-1.404427e-01	-1.313925e+00	1.129046e+01
1.498556e+03	-2.661742e+00	-1.580544e+00	9.212147e+00	4.809845e+00	7.767393e-01	-4.906371e-01	-1.492744e-01	-1.301779e+00	1.129055e+01
1.489314e+03	-2.669994e+00	-1.581552e+00	9.210644e+00	4.807121e+00	7.992453e-01	-4.891349e-01	-1.572535e-01	-1.290814e+00	1.129064e+01
1.481059e+03	-2.677393e+00	-1.582466e+00	9.209297e+00	4.804728e+00	8.195441e-01	-4.877872e-01	-1.644745e-01	-1.280907e+00	1.129070e+01
1.473767e+03	-2.684056e+00	-1.583295e+00	9.208088e+00	4.802614e+00	8.378436e-01	-4.865781e-01	-1.710064e-01	-1.271952e+00	1.129076e+01
1.458068e+03	-2.700195e+00	-1.585002e+00	9.207003e+00	4.796478e+00	8.794785e-01	-4.854934e-01	-1.864760e-01	-1.251084e+00	1.129076e+01
1.445358e+03	-2.714719e+00	-1.586553e+00	9.206030e+00	4.791052e+00	9.169473e-01	-4.845203e-01	-2.004551e-01	-1.232244e+00	1.129075e+01
1.435203e+03	-2.727688e+00	-1.587907e+00	9.205157e+00	4.786221e+00	9.507038e-01	-4.836473e-01	-2.130002e-01	-1.215336e+00	1.129068e+01
1.426869e+03	-2.739415e+00	-1.589194e+00	9.204374e+00	4.782241e+00	9.813493e-01	-4.828641e-01	-2.246451e-01	-1.199734e+00	1.129059e+01
1.420124e+03	-2.749771e+00	-1.590340e+00	9.203681e+00	4.778775e+00	1.008586e+00	-4.821714e-01	-2.350110e-01	-1.185861e+00	1.129049e+01
1.414367e+03	-2.759159e+00	-1.591439e+00	9.203060e+00	4.775967e+00	1.033388e+00	-4.815500e-01	-2.446649e-01	-1.173017e+00	1.129040e+01
1.407945e+03	-2.770631e+00	-1.592708e+00	9.202502e+00	4.772114e+00	1.063139e+00	-4.809925e-01	-2.562249e-01	-1.157746e+00	1.129031e+01
1.402369e+03	-2.781003e+00	-1.593867e+00	9.202002e+00	4.769008e+00	1.090309e+00	-4.804923e-01	-2.669417e-01	-1.143646e+00	1.129011e+01
1.397508e+03	-2.790252e+00	-1.594863e+00	9.201553e+00	4.766505e+00	1.115051e+00	-4.800436e-01	-2.767163e-01	-1.130821e+00	1.128987e+01
1.393279e+03	-2.798526e+00	-1.595750e+00	9.201151e+00	4.764266e+00	1.137315e+00	-4.796410e-01	-2.854871e-01	-1.119314e+00	1.128965e+01
1.389382e+03	-2.806143e+00	-1.596638e+00	9.200790e+00	4.762718e+00	1.158082e+00	-4.792799e-01	-2.939209e-01	-1.108341e+00	1.128945e+01
1.385960e+03	-2.812899e+00	-1.597406e+00	9.200466e+00	4.761373e+00	1.176907e+00	-4.789559e-01	-3.014897e-01	-1.098494e+00	1.128924e+01
1.382918e+03	-2.818965e+00	-1.598140e+00	9.200177e+00	4.760407e+00	1.193828e+00	-4.786679e-01	-3.084504e-01	-1.089491e+00	1.128906e+01
1.380143e+03	-2.824471e+00	-1.598769e+00	9.199919e+00	4.759923e+00	1.209645e+00	-4.784095e-01	-3.149975e-01	-1.081060e+00	1.128882e+01
1.377629e+03	-2.829554e+00	-1.599304e+00	9.199687e+00	4.759463e+00	1.224495e+00	-4.781777e-01	-3.210781e-01	-1.073239e+00	1.128850e+01
1.375226e+03	-2.834431e+00	-1.599906e+00	9.199479e+00	4.759516e+00	1.238738e+00	-4.779697e-01	-3.272013e-01	-1.065451e+00	1.128822e+01
1.373137e+03	-2.838737e+00	-1.600436e+00	9.199293e+00	4.759562e+00	1.251664e+00	-4.777831e-01	-3.326991e-01	-1.058459e+00	1.128796e+01
1.371242e+03	-2.842618e+00	-1.600944e+00	9.199125e+00	4.759973e+00	1.263742e+00	-4.776157e-01	-3.379532e-01	-1.051830e+00	1.128768e+01
1.369580e+03	-2.845831e+00	-1.601296e+00	9.198975e+00	4.760552e+00	1.275239e+00	-4.774656e-01	-3.426934e-01	-1.045851e+00	1.128739e+01
1.368381e+03	-2.848478e+00	-1.601252e+00	9.198840e+00	4.759730e+00	1.285441e+00	-4.773308e-01	-3.456901e-01	-1.041714e+00	1.128709e+01
1.367273e+03	-2.850809e+00	-1.601245e+00	9.198720e+00	4.759304e+00	1.295023e+00	-4.772106e-01	-3.486634e-01	-1.037699e+00	1.128679e+01
1.365981e+03	-2.853648e+00	-1.601493e+00	9.198612e+00	4.759936e+00	1.305508e+00	-4.771027e-01	-3.527290e-01	-1.032478e+00	1.128652e+01
1.364981e+03	-2.855851e+00	-1.601438e+00	9.198516e+00	4.760150e+00	1.314912e+00	-4.770060e-01	-3.557851e-01	-1.028418e+00	1.128610e+01
1.364110e+03	-2.857633e+00	-1.601293e+00	9.198429e+00	4.760564e+00	1.323804e+00	-4.769191e-01	-3.585345e-01	-1.024767e+00	1.128565e+01
1.363302e+03	-2.859286e+00	-1.601213e+00	9.198351e+00	4.761260e+00	1.332323e+00	-4.768413e-01	-3.613393e-01	-1.021112e+00	1.128525e+01
1.363148e+03	-2.859618e+00	-1.600241e+00	9.198281e+00	4.758242e+00	1.338001e+00	-4.767714e-01	-3.601808e-01	-1.021654e+00	1.128486e+01
1.362922e+03	-2.860004e+00	-1.599419e+00	9.198218e+00	4.756068e+00	1.343782e+00	-4.767087e-01	-3.595852e-01	-1.021637e+00	1.128446e+01
1.362706e+03	-2.860206e+00	-1.598646e+00	9.198162e+00	4.754172e+00	1.349296e+00	-4.766525e-01	-3.590625e-01	-1.021607e+00	1.128409e+01
1.362396e+03	-2.860587e+00	-1.598050e+00	9.198112e+00	4.753153e+00	1.354963e+00	-4.766021e-01	-3.592583e-01	-1.020849e+00	1.128366e+01
1.362123e+03	-2.860508e+00	-1.597388e+00	9.198067e+00	4.752557e+00	1.360462e+00	-4.765569e-01	-3.593247e-01	-1.020299e+00	1.128325e+01
1.361867e+03	-2.860300e+00	-1.596747e+00	9.198026e+00	4.752103e+00	1.365703e+00	-4.765164e-01	-3.593935e-01	-1.019795e+00	1.128284e+01
1.361710e+03	-2.859785e+00	-1.595983e+00	9.197990e+00	4.751170e+00	1.370387e+00	-4.764801e-01	-3.588629e-01	-1.019959e+00	1.128245e+01
1.361641e+03	-2.858972e+00	-1.595036e+00	9.197957e+00	4.749984e+00	1.374604e+00	-4.764474e-01	-3.578044e-01	-1.020721e+00	1.128198e+01
1.362009e+03	-2.857378e+00	-1.593363e+00	9.197928e+00	4.745429e+00	1.377542e+00	-4.764182e-01	-3.537199e-01	-1.024567e+00	1.128152e+01
1.362363e+03	-2.855848e+00	-1.591825e+00	9.197902e+00	4.741401e+00	1.380414e+00	-4.763919e-01	-3.500694e-01	-1.028002e+00	1.128105e+01
1.362388e+03	-2.855215e+00	-1.590698e+00	9.197878e+00	4.738983e+00	1.384906e+00	-4.763684e-01	-3.482578e-01	-1.029412e+00	1.128060e+01
1.362417e+03	-2.854235e+00	-1.589479e+00	9.197857e+00	4.737322e+00	1.389320e+00	-4.763472e-01	-3.465353e-01	-1.030795e+00	1.127997e+01
1.362436e+03	-2.853233e+00	-1.588356e+00	9.197838e+00	4.735877e+00	1.393522e+00	-4.763283e-01	-3.450001e-01	-1.032024e+00	1.127938e+01
1.362373e+03	-2.852301e+00	-1.587372e+00	9.197821e+00	4.734852e+00	1.398005e+00	-4.763113e-01	-3.439356e-01	-1.032764e+00	1.127885e+01
1.362341e+03	-2.851345e+00	-1.586416e+00	9.197806e+00	4.733700e+00	1.402190e+00	-4.762960e-01	-3.427734e-01	-1.033622e+00	1.127837e+01
1.362810e+03	-2.849661e+00	-1.584780e+00	9.197792e+00	4.729379e+00	1.405194e+00	-4.762823e-01	-3.388117e-01	-1.037352e+00	1.127789e+01
1.363241e+03	-2.848020e+00	-1.583247e+00	9.197780e+00	4.725595e+00	1.408200e+00	-4.762700e-01	-3.352776e-01	-1.040676e+00	1.127734e+01
1.363189e+03	-2.847304e+00	-1.582123e+00	9.197769e+00	4.724073e+00	1.413375e+00	-4.762590e-01	-3.339334e-01	-1.041597e+00	1.127681e+01
1.363117e+03	-2.846433e+00	-1.581049e+00	9.197759e+00	4.722801e+00	1.418580e+00	-4.762491e-01	-3.327382e-01	-1.042411e+00	1.127628e+01
1.362873e+03	-2.845849e+00	-1.580243e+00	9.197750e+00	4.722472e+00	1.424086e+00	-4.762402e-01	-3.324463e-01	-1.042291e+00	1.127581e+01
1.362681e+03	-2.845022e+00	-1.579405e+00	9.197742e+00	4.722029e+00	1.429368e+00	-4.762323e-01	-3.319564e-01	-1.042423e+00	1.127537e+01
1.362121e+03	-2.844768e+00	-1.578728e+00	9.197735e+00	4.723048e+00	1.436829e+00	-4.762251e-01	-3.329285e-01	-1.040916e+00	1.127488e+01
1.361656e+03	-2.844281e+00	-1.578078e+00	9.197728e+00	4.724097e+00	1.443432e+00	-4.762187e-01	-3.336593e-01	-1.039732e+00	1.127442e+01
1.360916e+03	-2.844302e+00	-1.577594e+00	9.197723e+00	4.726565e+00	1.451399e+00	-4.762129e-01	-3.356691e-01	-1.037138e+00	1.127384e+01
1.360850e+03	-2.843013e+00	-1.576272e+00	9.197717e+00	4.725378e+00	1.457304e+00	-4.762078e-01	-3.341575e-01	-1.038246e+00	1.127324e+01
1.360765e+03	-2.841607e+00	-1.575016e+00	9.197713e+00	4.724399e+00	1.463106e+00	-4.762031e-01	-3.328338e-01	-1.039203e+00	1.127260e+01
1.360802e+03	-2.840013e+00	-1.573670e+00	9.197709e+00	4.722904e+00	1.468205e+00	-4.761990e-01	-3.310051e-01	-1.040732e+00	1.127189e+01
1.360811e+03	-2.838287e+00	-1.572407e+00	9.197705e+00	4.721589e+00	1.473373e+00	-4.761952e-01	-3.293744e-01	-1.042091e+00	1.127124e+01
1.360566e+03	-2.837070e+00	-1.571407e+00	9.197701e+00	4.721388e+00	1.479592e+00	-4.761919e-01	-3.289112e-01	-1.042176e+00	1.127062e+01
1.361046e+03	-2.834826e+00	-1.569609e+00	9.197698e+00	4.717554e+00	1.483362e+00	-4.761889e-01	-3.249259e-01	-1.045962e+00	1.127002e+01
1.361413e+03	-2.832604e+00	-1.567998e+00	9.197696e+00	4.714644e+00	1.487475e+00	-4.761862e-01	-3.216231e-01	-1.049037e+00	1.126943e+01
1.361721e+03	-2.829912e+00	-1.566222e+00	9.197693e+00	4.712356e+00	1.492407e+00	-4.761837e-01	-3.185496e-01	-1.051908e+00	1.126863e+01
1.361902e+03	-2.827435e+00	-1.564625e+00	9.197691e+00	4.710826e+00	1.497432e+00	-4.761816e-01	-3.161902e-01	-1.054061e+00	1.126768e+01
1.362020e+03	-2.824890e+00	-1.562988e+00	9.197689e+00	4.710057e+00	1.502845e+00	-4.761796e-01	-3.140986e-01	-1.055963e+00	1.126672e+01
1.361601e+03	-2.823523e+00	-1.561863e+00	9.197687e+00	4.710847e+00	1.510336e+00	-4.761779e-01	-3.141234e-01	-1.055512e+00	1.126586e+01
1.361005e+03	-2.822378e+00	-1.560802e+00	9.197686e+00	4.712778e+00	1.518579e+00	-4.761763e-01	-3.148370e-01	-1.054313e+00	1.126501e+01
1.360379e+03	-2.821367e+00	-1.559906e+00	9.197684e+00	4.714923e+00	1.526482e+00	-4.761749e-01	-3.158326e-01	-1.052854e+00	1.126424e+01
1.359702e+03	-2.820374e+00	-1.559107e+00	9.197683e+00	4.717551e+00	1.534421e+00	-4.761736e-01	-3.171365e-01	-1.051108e+00	1.126352e+01
1.359045e+03	-2.818974e+00	-1.558146e+00	9.197682e+00	4.720349e+00	1.542601e+00	-4.761724e-01	-3.183379e-01	-1.049506e+00	1.126263e+01
1.358921e+03	-2.816977e+00	-1.556552e+00	9.197681e+00	4.719667e+00	1.549673e+00	-4.761714e-01	-3.168061e-01	-1.050643e+00	1.126178e+01
1.358430e+03	-2.815511e+00	-1.555277e+00	9.197680e+00	4.720473e+00	1.558297e+00	-4.761705e-01	-3.168277e-01	-1.050105e+00	1.126083e+01
1.357924e+03	-2.813668e+00	-1.553956e+00	9.197679e+00	4.721534e+00	1.567252e+00	-4.761697e-01	-3.168761e-01	-1.049589e+00	1.125985e+01
1.357401e+03	-2.811481e+00	-1.552634e+00	9.197679e+00	4.722676e+00	1.576343e+00	-4.761689e-01	-3.170098e-01	-1.049024e+00	1.125877e+01
1.356863e+03	-2.808933e+00	-1.551327e+00	9.197678e+00	4.723794e+00	1.585744e+00	-4.761683e-01	-3.171712e-01	-1.048468e+00	1.125775e+01
1.356250e+03	-2.806486e+00	-1.550117e+00	9.197677e+00	4.725389e+00	1.595230e+00	-4.761677e-01	-3.177421e-01	-1.047497e+00	1.125663e+01
1.355420e+03	-2.804204e+00	-1.548826e+00	9.197677e+00	4.728353e+00	1.606056e+00	-4.761671e-01	-3.191535e-01	-1.045610e+00	1.125523e+01
1.354628e+03	-2.801839e+00	-1.547717e+00	9.197676e+00	4.731646e+00	1.616066e+00	-4.761667e-01	-3.206670e-01	-1.043673e+00	1.125397e+01
1.353646e+03	-2.799799e+00	-1.546789e+00	9.197676e+00	4.735411e+00	1.627406e+00	-4.761662e-01	-3.230075e-01	-1.040792e+00	1.125282e+01
1.353378e+03	-2.796331e+00	-1.544661e+00	9.197675e+00	4.735315e+00	1.636941e+00	-4.761658e-01	-3.211583e-01	-1.042238e+00	1.125159e+01
1.353087e+03	-2.792806e+00	-1.542678e+00	9.197675e+00	4.735304e+00	1.646339e+00	-4.761655e-01	-3.195144e-01	-1.043518e+00	1.125048e+01
1.352519e+03	-2.789752e+00	-1.540890e+00	9.197675e+00	4.736392e+00	1.657187e+00	-4.761652e-01	-3.191123e-01	-1.043453e+00	1.124920e+01
1.352635e+03	-2.785845e+00	-1.538258e+00	9.197675e+00	4.733276e+00	1.665604e+00	-4.761649e-01	-3.150344e-01	-1.047145e+00	1.124776e+01
1.352606e+03	-2.782090e+00	-1.535829e+00	9.197674e+00	4.731429e+00	1.674412e+00	-4.761646e-01	-3.118274e-01	-1.049974e+00	1.124632e+01
1.352136e+03	-2.778714e+00	-1.533777e+00	9.197674e+00	4.731338e+00	1.685509e+00	-4.761644e-01	-3.104919e-01	-1.050790e+00	1.124501e+01
1.351474e+03	-2.774605e+00	-1.531296e+00	9.197674e+00	4.733319e+00	1.698267e+00	-4.761642e-01	-3.096245e-01	-1.051169e+00	1.124325e+01
1.350824e+03	-2.770647e+00	-1.528993e+00	9.197674e+00	4.735191e+00	1.710263e+00	-4.761640e-01	-3.089026e-01	-1.051447e+00	1.124151e+01
1.350158e+03	-2.766497e+00	-1.526806e+00	9.197673e+00	4.737027e+00	1.722116e+00	-4.761639e-01	-3.082974e-01	-1.051648e+00	1.123991e+01
1.348951e+03	-2.763056e+00	-1.525114e+00	9.197673e+00	4.740960e+00	1.736672e+00	-4.761637e-01	-3.099545e-01	-1.049401e+00	1.123840e+01
1.347832e+03	-2.758604e+00	-1.523134e+00	9.197673e+00	4.744234e+00	1.751724e+00	-4.761636e-01	-3.108514e-01	-1.047985e+00	1.123684e+01
1.347358e+03	-2.753709e+00	-1.520433e+00	9.197673e+00	4.743072e+00	1.764428e+00	-4.761635e-01	-3.082921e-01	-1.050057e+00	1.123532e+01
1.346744e+03	-2.748588e+00	-1.517920e+00	9.197673e+00	4.743216e+00	1.777434e+00	-4.761634e-01	-3.064157e-01	-1.051454e+00	1.123387e+01
1.345858e+03	-2.742881e+00	-1.515217e+00	9.197673e+00	4.745577e+00	1.792349e+00	-4.761633e-01	-3.052929e-01	-1.052119e+00	1.123232e+01
1.344612e+03	-2.737878e+00	-1.512998e+00	9.197673e+00	4.749070e+00	1.808623e+00	-4.761632e-01	-3.058097e-01	-1.051026e+00	1.123093e+01
1.343056e+03	-2.733435e+00	-1.510755e+00	9.197673e+00	4.754075e+00	1.826493e+00	-4.761631e-01	-3.075109e-01	-1.048639e+00	1.122910e+01
1.341388e+03	-2.727871e+00	-1.508194e+00	9.197673e+00	4.759937e+00	1.845822e+00	-4.761630e-01	-3.091313e-01	-1.046394e+00	1.122714e+01
1.339731e+03	-2.721860e+00	-1.505709e+00	9.197673e+00	4.765306e+00	1.864944e+00	-4.761630e-01	-3.106892e-01	-1.044266e+00	1.122532e+01
1.337913e+03	-2.714700e+00	-1.503004e+00	9.197673e+00	4.770785e+00	1.885581e+00	-4.761629e-01	-3.123790e-01	-1.042039e+00	1.122292e+01
1.336012e+03	-2.707447e+00	-1.500574e+00	9.197672e+00	4.777165e+00	1.906176e+00	-4.761629e-01	-3.146195e-01	-1.039261e+00	1.122070e+01
1.333936e+03	-2.699411e+00	-1.497786e+00	9.197672e+00	4.784892e+00	1.928474e+00	-4.761628e-01	-3.168493e-01	-1.036529e+00	1.121824e+01
1.331509e+03	-2.691764e+00	-1.495356e+00	9.197672e+00	4.794001e+00	1.953337e+00	-4.761628e-01	-3.209899e-01	-1.031751e+00	1.121586e+01
1.328951e+03	-2.682498e+00	-1.492359e+00	9.197672e+00	4.803324e+00	1.979678e+00	-4.761627e-01	-3.248227e-01	-1.027344e+00	1.121259e+01
1.326318e+03	-2.673577e+00	-1.489454e+00	9.197672e+00	4.813648e+00	2.006965e+00	-4.761627e-01	-3.292307e-01	-1.022340e+00	1.120958e+01
1.323633e+03	-2.663776e+00	-1.486637e+00	9.197672e+00	4.823768e+00	2.035232e+00	-4.761627e-01	-3.339736e-01	-1.017030e+00	1.120683e+01
1.321356e+03	-2.651639e+00	-1.481499e+00	9.197672e+00	4.821168e+00	2.056983e+00	-4.761627e-01	-3.285407e-01	-1.021888e+00	1.120386e+01
1.318790e+03	-2.637246e+00	-1.475185e+00	9.197672e+00	4.819414e+00	2.080428e+00	-4.761626e-01	-3.216697e-01	-1.028255e+00	1.120028e+01
1.316153e+03	-2.623007e+00	-1.469244e+00	9.197672e+00	4.818192e+00	2.104057e+00	-4.761626e-01	-3.157058e-01	-1.033747e+00	1.119683e+01
1.312829e+03	-2.608185e+00	-1.463341e+00	9.197672e+00	4.819933e+00	2.131560e+00	-4.761626e-01	-3.121069e-01	-1.036841e+00	1.119271e+01
1.309280e+03	-2.592695e+00	-1.457560e+00	9.197672e+00	4.821321e+00	2.159244e+00	-4.761626e-01	-3.085795e-01	-1.039871e+00	1.118893e+01
1.304850e+03	-2.577919e+00	-1.452140e+00	9.197672e+00	4.827049e+00	2.190833e+00	-4.761626e-01	-3.081324e-01	-1.039722e+00	1.118464e+01
1.300517e+03	-2.559354e+00	-1.444600e+00	9.197672e+00	4.825996e+00	2.221492e+00	-4.761625e-01	-3.010736e-01	-1.046194e+00	1.118015e+01
1.294861e+03	-2.537427e+00	-1.435937e+00	9.197672e+00	4.829852e+00	2.257179e+00	-4.761625e-01	-2.947453e-01	-1.051975e+00	1.117454e+01
1.287430e+03	-2.513375e+00	-1.426446e+00	9.197672e+00	4.839801e+00	2.299384e+00	-4.761625e-01	-2.897495e-01	-1.056424e+00	1.116847e+01
1.279031e+03	-2.489046e+00	-1.417629e+00	9.197672e+00	4.849759e+00	2.342620e+00	-4.761625e-01	-2.866839e-01	-1.058939e+00	1.116261e+01
1.270524e+03	-2.461367e+00	-1.407563e+00	9.197672e+00	4.852743e+00	2.384056e+00	-4.761625e-01	-2.789094e-01	-1.066140e+00	1.115617e+01
1.258741e+03	-2.432103e+00	-1.396719e+00	9.197672e+00	4.864503e+00	2.435136e+00	-4.761625e-01	-2.745933e-01	-1.069848e+00	1.114875e+01
1.246102e+03	-2.402198e+00	-1.386394e+00	9.197672e+00	4.874838e+00	2.484769e+00	-4.761625e-01	-2.708433e-01	-1.073045e+00	1.114161e+01
1.230801e+03	-2.370643e+00	-1.376127e+00	9.197672e+00	4.890644e+00	2.539156e+00	-4.761625e-01	-2.694763e-01	-1.073907e+00	1.113499e+01
1.209423e+03	-2.331910e+00	-1.362087e+00	9.197672e+00	4.918168e+00	2.603924e+00	-4.761625e-01	-2.693881e-01	-1.073576e+00	1.112303e+01
1.183953e+03	-2.288995e+00	-1.347473e+00	9.197672e+00	4.946835e+00	2.673039e+00	-4.761625e-01	-2.704604e-01	-1.072167e+00	1.111021e+01
1.154349e+03	-2.245172e+00	-1.332825e+00	9.197672e+00	4.980856e+00	2.746399e+00	-4.761625e-01	-2.736815e-01	-1.068665e+00	1.109798e+01
1.121840e+03	-2.200270e+00	-1.318604e+00	9.197672e+00	5.015161e+00	2.820464e+00	-4.761625e-01	-2.783795e-01	-1.063710e+00	1.108609e+01
1.081109e+03	-2.146530e+00	-1.299273e+00	9.197672e+00	5.054941e+00	2.902488e+00	-4.761625e-01	-2.780650e-01	-1.063473e+00	1.106854e+01
1.032947e+03	-2.083557e+00	-1.278926e+00	9.197672e+00	5.095590e+00	2.992792e+00	-4.761625e-01	-2.811639e-01	-1.060238e+00	1.105144e+01
9.874579e+02	-2.025814e+00	-1.260727e+00	9.197672e+00	5.133138e+00	3.074939e+00	-4.761625e-01	-2.850073e-01	-1.056357e+00	1.103600e+01
9.419882e+02	-1.969846e+00	-1.243216e+00	9.197672e+00	5.173598e+00	3.156524e+00	-4.761624e-01	-2.915416e-01	-1.049942e+00	1.101948e+01
8.935081e+02	-1.909755e+00	-1.223412e+00	9.197672e+00	5.222043e+00	3.243464e+00	-4.761624e-01	-2.995683e-01	-1.042315e+00	1.099822e+01
8.515262e+02	-1.849235e+00	-1.204831e+00	9.197672e+00	5.267151e+00	3.327700e+00	-4.761624e-01	-3.094815e-01	-1.033270e+00	1.097834e+01
8.172499e+02	-1.788555e+00	-1.185877e+00	9.197672e+00	5.310911e+00	3.407851e+00	-4.761624e-01	-3.194331e-01	-1.024351e+00	1.095362e+01
7.784198e+02	-1.724889e+00	-1.151771e+00	9.197672e+00	5.396884e+00	3.505413e+00	-4.761624e-01	-3.305548e-01	-1.014148e+00	1.091086e+01
7.551232e+02	-1.705323e+00	-1.129009e+00	9.197672e+00	5.473757e+00	3.560573e+00	-4.761624e-01	-3.393601e-01	-1.004499e+00	1.087423e+01
7.372018e+02	-1.689692e+00	-1.107400e+00	9.197672e+00	5.545179e+00	3.608571e+00	-4.761624e-01	-3.485633e-01	-9.949772e-01	1.083173e+01
7.308634e+02	-1.667280e+00	-1.084529e+00	9.197672e+00	5.611687e+00	3.657550e+00	-4.761624e-01	-3.541720e-01	-9.879913e-01	1.078961e+01
7.549441e+02	-1.626227e+00	-1.045824e+00	9.197672e+00	5.705012e+00	3.730573e+00	-4.761624e-01	-3.564476e-01	-9.833639e-01	1.074127e+01
6.827293e+02	-1.692966e+00	-1.073411e+00	9.197672e+00	5.763866e+00	3.676790e+00	-4.761624e-01	-3.299004e-01	-9.868195e-01	1.071964e+01
6.408176e+02	-1.749311e+00	-1.093394e+00	9.197672e+00	5.824893e+00	3.632567e+00	-4.761624e-01	-3.106291e-01	-9.870443e-01	1.068760e+01
6.145030e+02	-1.796988e+00	-1.106945e+00	9.197672e+00	5.876243e+00	3.592725e+00	-4.761624e-01	-2.802924e-01	-9.928901e-01	1.064907e+01
5.893639e+02	-1.832708e+00	-1.107936e+00	9.197672e+00	5.941328e+00	3.566338e+00	-4.761624e-01	-2.582698e-01	-9.949946e-01	1.059707e+01
5.677316e+02	-1.862269e+00	-1.105659e+00	9.197672e+00	6.003087e+00	3.544698e+00	-4.761624e-01	-2.372936e-01	-9.969311e-01	1.054397e+01
5.470561e+02	-1.885571e+00	-1.098543e+00	9.197672e+00	6.062295e+00	3.527261e+00	-4.761624e-01	-2.119811e-01	-1.000247e+00	1.048713e+01
5.292341e+02	-1.904441e+00	-1.090533e+00	9.197672e+00	6.116987e+00	3.513622e+00	-4.761624e-01	-1.924954e-01	-1.001124e+00	1.043329e+01
5.158463e+02	-1.921806e+00	-1.083957e+00	9.197672e+00	6.165603e+00	3.500170e+00	-4.761624e-01	-1.747197e-01	-1.002075e+00	1.038530e+01
5.087577e+02	-1.947873e+00	-1.083409e+00	9.197672e+00	6.212058e+00	3.477205e+00	-4.761624e-01	-1.598856e-01	-1.001864e+00	1.033780e+01
5.051484e+02	-1.978997e+00	-1.085612e+00	9.197672e+00	6.260688e+00	3.451080e+00	-4.761624e-01	-1.518382e-01	-9.997918e-01	1.029360e+01
4.930217e+02	-2.008583e+00	-1.078111e+00	9.197672e+00	6.333425e+00	3.431356e+00	-4.761624e-01	-1.437834e-01	-9.982340e-01	1.024912e+01
4.743989e+02	-2.028896e+00	-1.063740e+00	9.197672e+00	6.404699e+00	3.419713e+00	-4.761624e-01	-1.406757e-01	-9.951607e-01	1.020316e+01
4.429499e+02	-2.042193e+00	-1.036203e+00	9.197672e+00	6.495191e+00	3.419324e+00	-4.761624e-01	-1.371521e-01	-9.929063e-01	1.015521e+01
4.226537e+02	-2.064321e+00	-1.018379e+00	9.197672e+00	6.576856e+00	3.409133e+00	-4.761624e-01	-1.396522e-01	-9.875122e-01	1.011374e+01
4.006688e+02	-2.080521e+00	-9.978435e-01	9.197672e+00	6.654977e+00	3.404849e+00	-4.761624e-01	-1.470705e-01	-9.811135e-01	1.007380e+01
3.808673e+02	-2.092892e+00	-9.779442e-01	9.197672e+00	6.725090e+00	3.402354e+00	-4.761624e-01	-1.539848e-01	-9.752446e-01	1.003636e+01
3.661504e+02	-2.110350e+00	-9.620444e-01	9.197672e+00	6.790681e+00	3.393752e+00	-4.761624e-01	-1.601409e-01	-9.698984e-01	1.000120e+01
3.529292e+02	-2.124323e+00	-9.468491e-01	9.197672e+00	6.849541e+00	3.387343e+00	-4.761624e-01	-1.671984e-01	-9.642505e-01	9.969025e+00
3.380179e+02	-2.131944e+00	-9.270247e-01	9.197672e+00	6.905371e+00	3.385800e+00	-4.761624e-01	-1.738285e-01	-9.590324e-01	9.936256e+00
3.258477e+02	-2.140638e+00	-9.085549e-01	9.197672e+00	6.956277e+00	3.381216e+00	-4.761624e-01	-1.795858e-01	-9.544280e-01	9.903574e+00
3.175339e+02	-2.156945e+00	-8.958136e-01	9.197672e+00	7.002890e+00	3.367013e+00	-4.761624e-01	-1.844930e-01	-9.503678e-01	9.872477e+00
3.137307e+02	-2.178941e+00	-8.906417e-01	9.197672e+00	7.041323e+00	3.343844e+00	-4.761624e-01	-1.881972e-01	-9.470020e-01	9.844793e+00
3.071362e+02	-2.193660e+00	-8.786769e-01	9.197672e+00	7.077985e+00	3.327006e+00	-4.761624e-01	-1.936039e-01	-9.428688e-01	9.813948e+00
2.984129e+02	-2.200867e+00	-8.617168e-01	9.197672e+00	7.114018e+00	3.317822e+00	-4.761624e-01	-1.997544e-01	-9.384663e-01	9.784195e+00
2.907545e+02	-2.204994e+00	-8.445793e-01	9.197672e+00	7.145910e+00	3.310799e+00	-4.761624e-01	-2.053297e-01	-9.344931e-01	9.755670e+00
2.829809e+02	-2.203167e+00	-8.185107e-01	9.197672e+00	7.190745e+00	3.316162e+00	-4.761624e-01	-2.177355e-01	-9.276668e-01	9.730029e+00
2.795573e+02	-2.206566e+00	-7.984717e-01	9.197672e+00	7.230763e+00	3.315354e+00	-4.761624e-01	-2.287012e-01	-9.216113e-01	9.707194e+00
2.756316e+02	-2.219262e+00	-7.869725e-01	9.197672e+00	7.266365e+00	3.304282e+00	-4.761624e-01	-2.381885e-01	-9.163234e-01	9.687058e+00
2.703059e+02	-2.239245e+00	-7.799188e-01	9.197672e+00	7.297970e+00	3.284491e+00	-4.761624e-01	-2.471732e-01	-9.113141e-01	9.666288e+00
2.662366e+02	-2.255460e+00	-7.722096e-01	9.197672e+00	7.327579e+00	3.268847e+00	-4.761624e-01	-2.581996e-01	-9.053813e-01	9.647788e+00
2.626642e+02	-2.280259e+00	-7.719839e-01	9.197672e+00	7.353492e+00	3.242958e+00	-4.761624e-01	-2.679324e-01	-9.001240e-01	9.631323e+00
2.643037e+02	-2.309970e+00	-7.786005e-01	9.197672e+00	7.374156e+00	3.209324e+00	-4.761624e-01	-2.764550e-01	-8.954456e-01	9.617100e+00
2.676928e+02	-2.332337e+00	-7.799730e-01	9.197672e+00	7.393263e+00	3.182106e+00	-4.761624e-01	-2.843051e-01	-8.911417e-01	9.602146e+00
2.706278e+02	-2.349440e+00	-7.784444e-01	9.197672e+00	7.411300e+00	3.160053e+00	-4.761624e-01	-2.915411e-01	-8.871795e-01	9.588245e+00
2.628097e+02	-2.353912e+00	-7.613390e-01	9.197672e+00	7.442290e+00	3.156000e+00	-4.761624e-01	-2.981407e-01	-8.835668e-01	9.573489e+00
2.577315e+02	-2.360109e+00	-7.478615e-01	9.197672e+00	7.470597e+00	3.150440e+00	-4.761624e-01	-3.089560e-01	-8.780320e-01	9.561148e+00
2.548723e+02	-2.368524e+00	-7.375888e-01	9.197672e+00	7.495578e+00	3.140118e+00	-4.761624e-01	-3.188551e-01	-8.729592e-01	9.549584e+00
2.508378e+02	-2.372240e+00	-7.248126e-01	9.197672e+00	7.517914e+00	3.132854e+00	-4.761624e-01	-3.282702e-01	-8.681225e-01	9.537745e+00
2.482292e+02	-2.375915e+00	-7.150764e-01	9.197672e+00	7.536052e+00	3.124412e+00	-4.761624e-01	-3.363869e-01	-8.639119e-01	9.527429e+00
2.452833e+02	-2.375744e+00	-7.041402e-01	9.197672e+00	7.553181e+00	3.120335e+00	-4.761624e-01	-3.481853e-01	-8.580481e-01	9.518706e+00
2.418890e+02	-2.373907e+00	-6.853948e-01	9.197672e+00	7.578416e+00	3.119782e+00	-4.761624e-01	-3.590430e-01	-8.526355e-01	9.508845e+00
2.412697e+02	-2.370044e+00	-6.670279e-01	9.197672e+00	7.600872e+00	3.120649e+00	-4.761624e-01	-3.688512e-01	-8.477471e-01	9.499376e+00
2.410788e+02	-2.373640e+00	-6.557738e-01	9.197672e+00	7.620495e+00	3.113722e+00	-4.761624e-01	-3.774673e-01	-8.434487e-01	9.491083e+00
2.401650e+02	-2.381033e+00	-6.480662e-01	9.197672e+00	7.637657e+00	3.102929e+00	-4.761624e-01	-3.852319e-01	-8.395685e-01	9.482956e+00
2.398792e+02	-2.388442e+00	-6.385433e-01	9.197672e+00	7.658093e+00	3.094560e+00	-4.761624e-01	-3.966470e-01	-8.340868e-01	9.475915e+00
2.407932e+02	-2.391497e+00	-6.278467e-01	9.197672e+00	7.676617e+00	3.089366e+00	-4.761624e-01	-4.070133e-01	-8.291069e-01	9.469459e+00
2.415351e+02	-2.394937e+00	-6.185273e-01	9.197672e+00	7.692480e+00	3.082728e+00	-4.761624e-01	-4.160168e-01	-8.247452e-01	9.462644e+00
2.410615e+02	-2.397675e+00	-6.124688e-01	9.197672e+00	7.700936e+00	3.072213e+00	-4.761624e-01	-4.230086e-01	-8.213862e-01	9.455456e+00
2.407870e+02	-2.399383e+00	-6.078766e-01	9.197672e+00	7.710414e+00	3.066118e+00	-4.761624e-01	-4.470964e-01	-8.125831e-01	9.453806e+00
2.335039e+02	-2.419894e+00	-6.188584e-01	9.197672e+00	7.715960e+00	3.038079e+00	-4.761624e-01	-4.684955e-01	-8.047890e-01	9.453077e+00
2.326508e+02	-2.439105e+00	-6.312476e-01	9.197672e+00	7.721833e+00	3.012702e+00	-4.761624e-01	-4.867617e-01	-7.983035e-01	9.454190e+00
2.378801e+02	-2.461055e+00	-6.460776e-01	9.197672e+00	7.728721e+00	2.985739e+00	-4.761624e-01	-5.180162e-01	-7.873124e-01	9.459289e+00
2.496257e+02	-2.482498e+00	-6.596676e-01	9.197672e+00	7.734400e+00	2.956563e+00	-4.761624e-01	-5.406769e-01	-7.805380e-01	9.463399e+00
2.593585e+02	-2.495681e+00	-6.678443e-01	9.197672e+00	7.741168e+00	2.936998e+00	-4.761624e-01	-5.659126e-01	-7.720239e-01	9.467739e+00
2.672219e+02	-2.503554e+00	-6.709836e-01	9.197672e+00	7.746731e+00	2.921390e+00	-4.761624e-01	-5.849498e-01	-7.665101e-01	9.470342e+00
2.569708e+02	-2.498028e+00	-6.553311e-01	9.197672e+00	7.766458e+00	2.925085e+00	-4.761624e-01	-6.019929e-01	-7.615138e-01	9.471112e+00
2.458165e+02	-2.491176e+00	-6.375037e-01	9.197672e+00	7.784131e+00	2.929138e+00	-4.761624e-01	-6.152081e-01	-7.580038e-01	9.469650e+00
3.383062e+02	-2.496938e+00	-6.358459e-01	9.197672e+00	7.810102e+00	2.932471e+00	-4.761624e-01	-6.820161e-01	-7.297210e-01	9.484499e+00
6.803093e+02	-2.499723e+00	-6.309062e-01	9.197672e+00	7.833809e+00	2.936621e+00	-4.761624e-01	-7.423616e-01	-7.040683e-01	9.497055e+00
1.211796e+03	-2.498808e+00	-6.246922e-01	9.197672e+00	7.854962e+00	2.942316e+00	-4.761624e-01	-7.964290e-01	-6.810782e-01	9.508235e+00
1.826048e+03	-2.497125e+00	-6.169305e-01	9.197672e+00	7.873264e+00	2.945023e+00	-4.761624e-01	-8.443514e-01	-6.609308e-01	9.517398e+00
2.515373e+03	-2.498473e+00	-6.119144e-01	9.197672e+00	7.889473e+00	2.943334e+00	-4.761624e-01	-8.873452e-01	-6.428550e-01	9.525618e+00
1.434949e+03	-2.482239e+00	-5.880274e-01	9.197672e+00	7.880308e+00	2.929942e+00	-4.761624e-01	-8.460784e-01	-6.783386e-01	9.520490e+00
2.378412e+02	-2.397751e+00	-5.013534e-01	9.197672e+00	7.796572e+00	2.848463e+00	-4.761624e-01	-7.595740e-01	-7.650651e-01	9.438256e+00
3.183815e+02	-2.321575e+00	-4.243069e-01	9.197672e+00	7.721236e+00	2.775428e+00	-4.761624e-01	-6.819237e-01	-8.429276e-01	9.364817e+00
4.781533e+02	-2.253607e+00	-3.558800e-01	9.197672e+00	7.653379e+00	2.708391e+00	-4.761624e-01	-6.122531e-01	-9.127939e-01	9.299021e+00
7.078712e+02	-2.196091e+00	-2.996905e-01	9.197672e+00	7.595556e+00	2.647892e+00	-4.761624e-01	-5.497337e-01	-9.755012e-01	9.243898e+00
8.260439e+02	-2.161217e+00	-2.693017e-01	9.197672e+00	7.536063e+00	2.569212e+00	-4.761624e-01	-4.936358e-01	-1.031778e+00	9.195989e+00
7.344760e+02	-2.150803e+00	-2.683715e-01	9.197672e+00	7.482557e+00	2.476888e+00	-4.761624e-01	-4.428821e-01	-1.082693e+00	9.158472e+00
6.411517e+02	-2.146158e+00	-2.703378e-01	9.197672e+00	7.434598e+00	2.388194e+00	-4.761624e-01	-3.973482e-01	-1.128374e+00	9.125146e+00
5.381690e+02	-2.147767e+00	-2.812138e-01	9.197672e+00	7.394077e+00	2.304541e+00	-4.761624e-01	-3.565033e-01	-1.169343e+00	9.098889e+00
4.771322e+02	-2.148180e+00	-2.905286e-01	9.197672e+00	7.357778e+00	2.230286e+00	-4.761624e-01	-3.198710e-01	-1.206069e+00	9.075303e+00
4.328205e+02	-2.151173e+00	-3.006160e-01	9.197672e+00	7.325291e+00	2.159584e+00	-4.761624e-01	-2.869994e-01	-1.239037e+00	9.054299e+00
4.145187e+02	-2.152301e+00	-3.088671e-01	9.197672e+00	7.296591e+00	2.098517e+00	-4.761624e-01	-2.575140e-01	-1.268601e+00	9.035583e+00
4.103053e+02	-2.155112e+00	-3.176434e-01	9.197672e+00	7.270777e+00	2.040560e+00	-4.761624e-01	-2.310642e-01	-1.295116e+00	9.018939e+00
4.121997e+02	-2.166531e+00	-3.373233e-01	9.197672e+00	7.254729e+00	1.985532e+00	-4.761624e-01	-2.073331e-01	-1.318909e+00	9.008644e+00
4.319819e+02	-2.174262e+00	-3.537959e-01	9.197672e+00	7.240204e+00	1.938548e+00	-4.761624e-01	-1.858743e-01	-1.340410e+00	8.999096e+00
4.599656e+02	-2.181432e+00	-3.700874e-01	9.197672e+00	7.229219e+00	1.898583e+00	-4.761624e-01	-1.666242e-01	-1.359695e+00	8.992283e+00
4.947367e+02	-2.191115e+00	-3.915507e-01	9.197672e+00	7.224791e+00	1.865238e+00	-4.761624e-01	-1.493547e-01	-1.376995e+00	8.988921e+00
5.343573e+02	-2.200031e+00	-4.129309e-01	9.197672e+00	7.221773e+00	1.835829e+00	-4.761624e-01	-1.338666e-01	-1.392501e+00	8.986213e+00
5.498240e+02	-2.199397e+00	-4.209689e-01	9.197672e+00	7.224757e+00	1.829462e+00	-4.761624e-01	-1.199735e-01	-1.406406e+00	8.983440e+00
5.612930e+02	-2.196880e+00	-4.269610e-01	9.197672e+00	7.227196e+00	1.825582e+00	-4.761624e-01	-1.075097e-01	-1.418880e+00	8.980688e+00
5.707351e+02	-2.194044e+00	-4.321175e-01	9.197672e+00	7.229437e+00	1.822938e+00	-4.761624e-01	-9.632859e-02	-1.430069e+00	8.978229e+00
5.688321e+02	-2.195593e+00	-4.379447e-01	9.197672e+00	7.229141e+00	1.834907e+00	-4.761624e-01	-8.942026e-02	-1.430757e+00	8.983814e+00
5.341260e+02	-2.192053e+00	-4.333213e-01	9.197672e+00	7.232213e+00	1.877058e+00	-4.761624e-01	-8.635607e-02	-1.421935e+00	8.996165e+00
5.036450e+02	-2.187809e+00	-4.286891e-01	9.197672e+00	7.234973e+00	1.915717e+00	-4.761624e-01	-8.361009e-02	-1.414012e+00	9.007139e+00
4.804943e+02	-2.185441e+00	-4.281387e-01	9.197672e+00	7.239343e+00	1.950223e+00	-4.761624e-01	-8.114765e-02	-1.406901e+00	9.018363e+00
4.575276e+02	-2.180408e+00	-4.259972e-01	9.197672e+00	7.243329e+00	1.984739e+00	-4.761624e-01	-7.893905e-02	-1.400519e+00	9.028236e+00
4.420325e+02	-2.179847e+00	-4.304632e-01	9.197672e+00	7.250595e+00	2.015250e+00	-4.761624e-01	-7.695974e-02	-1.394788e+00	9.039400e+00
4.281907e+02	-2.178473e+00	-4.340357e-01	9.197672e+00	7.257055e+00	2.043107e+00	-4.761624e-01	-7.518506e-02	-1.389643e+00	9.049270e+00
4.141237e+02	-2.175256e+00	-4.356469e-01	9.197672e+00	7.263445e+00	2.070985e+00	-4.761624e-01	-7.359617e-02	-1.385017e+00	9.057985e+00
3.999518e+02	-2.169494e+00	-4.349464e-01	9.197672e+00	7.269261e+00	2.099248e+00	-4.761624e-01	-7.217400e-02	-1.380857e+00	9.065421e+00
