# loss | a0 ... a9
3.601205e+02	-4.403448e-01	-4.660345e-01	1.359862e+01	1.674310e+00	1.696897e+00	1.056897e-01	-8.974138e-01	-6.191379e-01	1.075690e+01
6.256443e+02	-2.618942e-01	-6.444851e-01	1.342017e+01	1.852761e+00	1.875347e+00	-7.276096e-02	-1.075864e+00	-4.406873e-01	1.093535e+01
4.930671e+02	-7.317389e-02	-6.188678e-01	1.323531e+01	2.046285e+00	2.048116e+00	5.368198e-03	-1.187419e+00	-3.055090e-01	1.090679e+01
7.072150e+02	2.658292e-02	-4.988036e-01	1.307982e+01	2.210058e+00	2.197486e+00	1.532646e-01	-1.083434e+00	-3.354031e-01	1.080478e+01
2.853068e+02	-1.370221e-01	-6.184339e-01	1.322736e+01	2.063391e+00	2.058582e+00	4.923230e-02	-9.102329e-01	-4.934246e-01	1.085738e+01
2.997569e+02	-2.295767e-01	-6.397065e-01	1.328872e+01	2.003063e+00	2.008780e+00	7.050764e-02	-8.403247e-01	-5.510261e-01	1.079168e+01
1.931622e+02	-2.712987e-01	-6.396841e-01	1.327409e+01	2.010882e+00	2.038143e+00	1.164202e-01	-8.548978e-01	-5.204335e-01	1.070613e+01
1.973425e+02	-2.805798e-01	-6.181195e-01	1.324732e+01	2.032757e+00	2.076388e+00	1.751050e-01	-8.881657e-01	-4.795113e-01	1.061139e+01
2.446625e+02	-2.907523e-01	-6.248118e-01	1.322201e+01	2.051110e+00	2.116009e+00	2.011506e-01	-9.183907e-01	-4.405292e-01	1.057889e+01
1.393108e+02	-2.908977e-01	-6.735287e-01	1.322061e+01	2.039875e+00	2.123151e+00	1.617367e-01	-9.079744e-01	-4.404056e-01	1.059916e+01
1.500574e+02	-2.866180e-01	-7.027953e-01	1.320010e+01	2.049933e+00	2.154246e+00	1.522136e-01	-9.311863e-01	-4.106076e-01	1.060516e+01
1.446531e+02	-2.702703e-01	-7.039657e-01	1.317491e+01	2.066300e+00	2.184377e+00	1.666255e-01	-9.471612e-01	-3.767975e-01	1.057343e+01
1.335286e+02	-2.492203e-01	-6.940461e-01	1.314388e+01	2.086905e+00	2.222091e+00	1.804969e-01	-9.315254e-01	-3.597939e-01	1.053533e+01
1.484400e+02	-2.308212e-01	-6.854794e-01	1.310803e+01	2.111431e+00	2.263378e+00	1.957380e-01	-9.085323e-01	-3.416417e-01	1.049365e+01
1.332134e+02	-2.211091e-01	-7.368149e-01	1.310838e+01	2.092969e+00	2.267167e+00	1.402720e-01	-8.784923e-01	-3.379765e-01	1.051033e+01
1.195717e+02	-1.999678e-01	-7.385966e-01	1.308403e+01	2.103737e+00	2.291053e+00	1.406575e-01	-8.590107e-01	-3.209340e-01	1.047717e+01
1.066945e+02	-1.744621e-01	-7.148793e-01	1.304856e+01	2.128301e+00	2.328698e+00	1.818726e-01	-8.581804e-01	-2.935482e-01	1.043105e+01
1.243155e+02	-1.507086e-01	-7.136548e-01	1.301047e+01	2.153887e+00	2.367134e+00	1.986092e-01	-8.715603e-01	-2.692748e-01	1.041857e+01
9.242356e+01	-1.606017e-01	-7.559301e-01	1.302186e+01	2.128605e+00	2.363191e+00	1.766995e-01	-8.756556e-01	-2.604031e-01	1.042677e+01
9.039338e+01	-1.564650e-01	-7.592900e-01	1.301472e+01	2.121104e+00	2.371981e+00	1.769020e-01	-8.166227e-01	-2.499328e-01	1.039407e+01
9.940973e+01	-1.438715e-01	-7.500636e-01	1.299324e+01	2.132408e+00	2.395831e+00	2.007629e-01	-8.101239e-01	-2.311192e-01	1.035900e+01
8.898628e+01	-1.269935e-01	-7.627634e-01	1.296919e+01	2.138983e+00	2.423701e+00	2.053170e-01	-8.199059e-01	-2.195458e-01	1.035757e+01
8.603979e+01	-1.283431e-01	-7.877470e-01	1.296201e+01	2.137661e+00	2.434446e+00	2.016282e-01	-8.773614e-01	-2.051891e-01	1.036446e+01
1.344905e+02	-1.140536e-01	-7.939981e-01	1.294528e+01	2.140298e+00	2.452007e+00	2.126831e-01	-9.179990e-01	-1.937076e-01	1.035938e+01
2.038344e+02	-1.025669e-01	-7.252125e-01	1.292780e+01	2.150546e+00	2.465606e+00	2.245583e-01	-7.303010e-01	-1.970530e-01	1.025983e+01
1.393167e+02	-1.196096e-01	-7.834168e-01	1.296407e+01	2.092749e+00	2.439732e+00	1.522996e-01	-6.355003e-01	-1.964182e-01	1.027958e+01
1.277960e+02	-1.265015e-01	-7.771396e-01	1.296104e+01	2.092797e+00	2.448190e+00	1.697870e-01	-5.987349e-01	-1.896634e-01	1.026944e+01
1.229287e+02	-1.306230e-01	-7.658590e-01	1.293899e+01	2.113382e+00	2.476896e+00	1.985796e-01	-5.952959e-01	-1.687843e-01	1.025260e+01
1.279629e+02	-1.195013e-01	-7.666851e-01	1.291536e+01	2.125973e+00	2.502900e+00	2.182417e-01	-6.096240e-01	-1.462719e-01	1.025711e+01
1.051368e+02	-1.265523e-01	-7.991539e-01	1.291153e+01	2.115713e+00	2.512333e+00	2.030575e-01	-6.309662e-01	-1.241500e-01	1.027256e+01
9.890870e+01	-1.174171e-01	-8.007322e-01	1.288585e+01	2.133166e+00	2.539620e+00	2.214765e-01	-6.534797e-01	-1.039198e-01	1.026895e+01
1.068119e+02	-9.714287e-02	-7.952078e-01	1.285101e+01	2.159175e+00	2.567623e+00	2.391848e-01	-6.760954e-01	-8.353963e-02	1.026218e+01
9.018789e+01	-1.171892e-01	-8.353538e-01	1.285883e+01	2.140363e+00	2.570244e+00	2.182120e-01	-7.022223e-01	-7.368844e-02	1.027577e+01
8.096900e+01	-1.201634e-01	-8.308639e-01	1.285485e+01	2.139695e+00	2.576007e+00	2.476289e-01	-7.309028e-01	-6.846013e-02	1.026474e+01
8.533715e+01	-1.084936e-01	-8.287898e-01	1.282961e+01	2.155029e+00	2.601498e+00	2.687126e-01	-7.629569e-01	-6.156707e-02	1.026557e+01
6.747946e+01	-1.099031e-01	-8.545570e-01	1.282229e+01	2.143411e+00	2.613771e+00	2.540021e-01	-7.902654e-01	-6.075415e-02	1.026762e+01
6.424093e+01	-9.799273e-02	-8.561335e-01	1.280267e+01	2.153116e+00	2.627669e+00	2.612860e-01	-8.136762e-01	-6.030569e-02	1.026918e+01
6.512809e+01	-8.745789e-02	-8.541282e-01	1.278890e+01	2.157033e+00	2.634047e+00	2.694666e-01	-8.275976e-01	-6.285204e-02	1.026855e+01
6.916344e+01	-8.054520e-02	-8.460478e-01	1.277264e+01	2.164607e+00	2.647023e+00	2.709106e-01	-8.404844e-01	-6.931248e-02	1.024684e+01
6.937379e+01	-1.044334e-01	-8.461917e-01	1.278497e+01	2.144001e+00	2.643578e+00	2.550161e-01	-7.997735e-01	-6.085173e-02	1.021062e+01
7.336399e+01	-9.707619e-02	-8.429141e-01	1.277368e+01	2.146404e+00	2.649176e+00	2.568555e-01	-7.834096e-01	-5.580467e-02	1.020273e+01
7.129632e+01	-8.305645e-02	-8.542729e-01	1.277719e+01	2.124264e+00	2.642009e+00	2.433311e-01	-7.804062e-01	-5.394030e-02	1.018936e+01
8.233450e+01	-8.871431e-02	-8.405110e-01	1.275664e+01	2.142328e+00	2.657711e+00	2.746591e-01	-7.976394e-01	-5.428805e-02	1.019329e+01
6.459516e+01	-1.005640e-01	-8.581441e-01	1.275807e+01	2.133471e+00	2.657613e+00	2.643604e-01	-8.166363e-01	-5.739546e-02	1.020267e+01
6.488374e+01	-1.123270e-01	-8.690359e-01	1.275452e+01	2.130856e+00	2.659914e+00	2.612976e-01	-8.279954e-01	-6.047275e-02	1.021800e+01
6.400242e+01	-1.058306e-01	-8.672890e-01	1.274664e+01	2.127954e+00	2.661753e+00	2.678004e-01	-8.286116e-01	-6.388581e-02	1.021795e+01
8.855971e+01	-9.840152e-02	-8.443329e-01	1.272422e+01	2.146289e+00	2.678719e+00	2.889367e-01	-8.123508e-01	-6.332755e-02	1.019340e+01
6.554865e+01	-1.063002e-01	-8.714760e-01	1.273339e+01	2.129021e+00	2.664802e+00	2.548580e-01	-8.034240e-01	-6.874977e-02	1.019252e+01
7.237988e+01	-1.120960e-01	-8.805997e-01	1.272761e+01	2.128690e+00	2.670082e+00	2.463656e-01	-8.163311e-01	-7.127242e-02	1.019286e+01
1.038861e+02	-9.701702e-02	-8.339984e-01	1.269807e+01	2.161917e+00	2.688133e+00	2.797367e-01	-7.595615e-01	-5.266676e-02	1.015642e+01
1.084045e+02	-1.314756e-01	-8.870274e-01	1.273909e+01	2.101789e+00	2.655166e+00	2.159955e-01	-7.460466e-01	-5.196658e-02	1.015909e+01
9.223927e+01	-1.145418e-01	-8.447357e-01	1.271085e+01	2.117131e+00	2.671653e+00	2.799379e-01	-7.558945e-01	-4.804287e-02	1.013256e+01
7.254952e+01	-1.375376e-01	-8.656268e-01	1.272197e+01	2.095682e+00	2.661671e+00	2.762087e-01	-7.719604e-01	-4.844794e-02	1.016128e+01
6.667212e+01	-1.413149e-01	-8.744791e-01	1.270811e+01	2.100858e+00	2.674372e+00	2.759122e-01	-7.954754e-01	-5.134104e-02	1.017699e+01
7.660488e+01	-1.364347e-01	-8.871903e-01	1.269932e+01	2.095849e+00	2.678101e+00	2.656049e-01	-8.275427e-01	-8.421099e-02	1.022429e+01
1.304223e+02	-1.141974e-01	-8.249798e-01	1.268769e+01	2.100737e+00	2.673173e+00	2.929290e-01	-7.151008e-01	-7.235845e-02	1.017166e+01
1.383355e+02	-1.325835e-01	-8.218043e-01	1.268638e+01	2.098585e+00	2.677320e+00	2.923636e-01	-6.591594e-01	-6.464531e-02	1.017250e+01
1.280080e+02	-1.742633e-01	-8.913224e-01	1.273445e+01	2.034029e+00	2.635495e+00	2.265891e-01	-6.337548e-01	-5.857976e-02	1.021395e+01
8.638054e+01	-1.634817e-01	-8.685705e-01	1.269595e+01	2.054905e+00	2.658933e+00	2.769777e-01	-6.464072e-01	-5.065284e-02	1.020829e+01
1.182641e+02	-1.560865e-01	-8.495288e-01	1.266421e+01	2.077508e+00	2.677400e+00	3.146029e-01	-6.632903e-01	-3.956858e-02	1.020825e+01
8.320759e+01	-1.504925e-01	-8.939506e-01	1.265511e+01	2.065366e+00	2.680301e+00	2.712004e-01	-6.889133e-01	-3.888567e-02	1.022208e+01
8.616026e+01	-1.607220e-01	-9.049278e-01	1.264596e+01	2.073132e+00	2.682395e+00	2.664594e-01	-7.180122e-01	-4.016326e-02	1.022831e+01
9.454554e+01	-1.102837e-01	-8.674567e-01	1.257620e+01	2.118440e+00	2.727573e+00	3.163425e-01	-7.627408e-01	-4.173463e-02	1.020668e+01
6.340311e+01	-8.466831e-02	-8.932944e-01	1.256523e+01	2.101093e+00	2.725553e+00	2.901073e-01	-8.091865e-01	-5.057108e-02	1.020716e+01
9.516119e+01	-1.304894e-01	-9.153066e-01	1.258712e+01	2.083797e+00	2.705808e+00	2.787213e-01	-8.373194e-01	-4.119167e-02	1.018884e+01
4.921655e+02	-1.427885e-01	-7.808313e-01	1.257371e+01	2.113421e+00	2.706301e+00	3.455266e-01	-5.457453e-01	8.547832e-02	1.003142e+01
3.424476e+02	-2.704204e-01	-9.544736e-01	1.270996e+01	1.946763e+00	2.593917e+00	1.612715e-01	-4.165832e-01	1.445043e-01	1.007342e+01
3.729909e+02	-2.765256e-01	-9.737427e-01	1.269910e+01	1.939315e+00	2.599397e+00	1.659108e-01	-3.703608e-01	1.889241e-01	1.007387e+01
1.345636e+02	-2.279356e-01	-9.187297e-01	1.262946e+01	1.983269e+00	2.647034e+00	2.663842e-01	-3.643811e-01	2.157275e-01	1.004715e+01
2.102283e+02	-1.383774e-01	-8.637303e-01	1.252027e+01	2.056334e+00	2.720718e+00	3.543937e-01	-3.949931e-01	2.304015e-01	1.003217e+01
1.062236e+02	-1.825650e-01	-9.256428e-01	1.253445e+01	2.044933e+00	2.708164e+00	2.957879e-01	-4.171504e-01	2.329928e-01	1.006576e+01
1.084653e+02	-1.907169e-01	-9.413869e-01	1.253552e+01	2.038378e+00	2.705160e+00	2.962095e-01	-4.638553e-01	2.228651e-01	1.008258e+01
9.175953e+01	-1.628502e-01	-9.216486e-01	1.247063e+01	2.090982e+00	2.745957e+00	3.177685e-01	-4.952514e-01	2.191430e-01	1.007164e+01
9.698469e+01	-1.484521e-01	-9.098907e-01	1.244855e+01	2.107377e+00	2.748083e+00	3.271758e-01	-5.310287e-01	2.113309e-01	1.005172e+01
8.655039e+01	-1.743073e-01	-9.283054e-01	1.245165e+01	2.103624e+00	2.742982e+00	3.070430e-01	-5.561416e-01	2.068059e-01	1.006020e+01
9.163073e+01	-2.236328e-01	-9.368313e-01	1.247308e+01	2.098187e+00	2.718901e+00	2.976265e-01	-5.760335e-01	2.025861e-01	1.006286e+01
1.012082e+02	-1.937858e-01	-9.047612e-01	1.242779e+01	2.129373e+00	2.746028e+00	3.326584e-01	-5.929252e-01	2.009339e-01	1.004377e+01
9.911024e+01	-2.008437e-01	-9.048913e-01	1.244096e+01	2.113231e+00	2.722895e+00	3.321777e-01	-6.071256e-01	1.972977e-01	1.003422e+01
9.429777e+01	-2.256841e-01	-9.387181e-01	1.247236e+01	2.073609e+00	2.690188e+00	2.910490e-01	-6.188527e-01	1.953567e-01	1.004386e+01
8.392130e+01	-2.015455e-01	-9.242167e-01	1.245660e+01	2.083403e+00	2.689404e+00	2.978558e-01	-6.278066e-01	1.943153e-01	1.002760e+01
9.263780e+01	-1.793004e-01	-9.026797e-01	1.242886e+01	2.100334e+00	2.705496e+00	3.207346e-01	-6.352022e-01	1.939851e-01	1.001811e+01
8.755217e+01	-2.067926e-01	-9.071295e-01	1.242712e+01	2.110407e+00	2.698851e+00	3.170275e-01	-6.403041e-01	1.933903e-01	1.003215e+01
8.402577e+01	-2.158236e-01	-9.231365e-01	1.245324e+01	2.076492e+00	2.672085e+00	2.955658e-01	-6.457338e-01	1.924402e-01	1.002714e+01
8.661276e+01	-2.188267e-01	-9.058545e-01	1.244071e+01	2.082524e+00	2.674210e+00	3.141206e-01	-6.490829e-01	1.913959e-01	1.001356e+01
9.072521e+01	-1.963163e-01	-9.008007e-01	1.243159e+01	2.077938e+00	2.671353e+00	3.171934e-01	-6.539202e-01	1.909978e-01	1.000803e+01
8.458792e+01	-2.078336e-01	-9.222451e-01	1.245836e+01	2.049450e+00	2.635645e+00	2.944114e-01	-6.595072e-01	1.906883e-01	1.002668e+01
8.209132e+01	-1.885777e-01	-9.108635e-01	1.243936e+01	2.052640e+00	2.642071e+00	3.038517e-01	-6.621412e-01	1.899166e-01	1.001812e+01
9.690150e+01	-1.299540e-01	-8.940489e-01	1.238886e+01	2.074138e+00	2.668617e+00	3.169634e-01	-6.637866e-01	1.888286e-01	1.001500e+01
8.235333e+01	-2.083582e-01	-9.137207e-01	1.244286e+01	2.035277e+00	2.625484e+00	2.974217e-01	-6.663703e-01	1.881153e-01	1.001470e+01
9.120032e+01	-2.699408e-01	-9.243583e-01	1.248076e+01	2.006940e+00	2.592424e+00	2.887321e-01	-6.679796e-01	1.873959e-01	1.002250e+01
1.083485e+02	-2.382396e-01	-8.870151e-01	1.244807e+01	2.034662e+00	2.613981e+00	3.273869e-01	-6.690174e-01	1.874572e-01	1.000050e+01
8.259406e+01	-2.107933e-01	-9.107028e-01	1.244434e+01	2.015237e+00	2.609939e+00	2.982035e-01	-6.695388e-01	1.874182e-01	1.000904e+01
8.229152e+01	-2.016161e-01	-9.052497e-01	1.242780e+01	2.025174e+00	2.612574e+00	2.974790e-01	-6.704076e-01	1.869931e-01	1.000475e+01
8.670962e+01	-2.109360e-01	-9.144100e-01	1.244028e+01	2.005225e+00	2.586739e+00	2.805378e-01	-6.709164e-01	1.869567e-01	9.999029e+00
9.602037e+01	-1.795094e-01	-8.854208e-01	1.238802e+01	2.044549e+00	2.617754e+00	3.076326e-01	-6.730895e-01	1.867839e-01	9.991192e+00
8.471812e+01	-2.172506e-01	-9.071142e-01	1.241508e+01	2.021671e+00	2.582645e+00	2.755893e-01	-6.760026e-01	1.864413e-01	9.989632e+00
8.189421e+01	-2.071795e-01	-9.009255e-01	1.239670e+01	2.034076e+00	2.592311e+00	2.817787e-01	-6.768512e-01	1.857460e-01	9.995252e+00
8.388657e+01	-1.756841e-01	-8.920412e-01	1.236003e+01	2.054818e+00	2.620019e+00	2.897205e-01	-6.799581e-01	1.858631e-01	1.000446e+01
8.583660e+01	-2.153362e-01	-8.894881e-01	1.237598e+01	2.050556e+00	2.597775e+00	2.945931e-01	-6.799062e-01	1.851555e-01	1.000171e+01
8.938799e+01	-2.860150e-01	-9.090855e-01	1.242500e+01	2.017079e+00	2.548432e+00	2.709792e-01	-6.787680e-01	1.846979e-01	9.998662e+00
1.035780e+02	-2.446721e-01	-8.770386e-01	1.238682e+01	2.045638e+00	2.575942e+00	3.091565e-01	-6.808812e-01	1.845496e-01	9.995309e+00
9.407171e+01	-2.459021e-01	-9.133478e-01	1.240478e+01	2.001996e+00	2.554083e+00	2.630569e-01	-6.808474e-01	1.832209e-01	9.999573e+00
8.200710e+01	-2.147845e-01	-8.964979e-01	1.237875e+01	2.017588e+00	2.565869e+00	2.780219e-01	-6.825347e-01	1.833191e-01	9.994556e+00
1.039548e+02	-1.989597e-01	-8.715934e-01	1.236089e+01	2.029485e+00	2.565532e+00	3.008725e-01	-6.825356e-01	1.827666e-01	9.977263e+00
8.217111e+01	-2.227440e-01	-8.962337e-01	1.237923e+01	2.002598e+00	2.547936e+00	2.853784e-01	-6.822689e-01	1.820811e-01	9.996934e+00
8.423977e+01	-1.953758e-01	-8.937141e-01	1.235278e+01	2.008807e+00	2.567762e+00	2.973680e-01	-6.817690e-01	1.822162e-01	1.001235e+01
8.199912e+01	-2.340806e-01	-9.039367e-01	1.237342e+01	1.992178e+00	2.543398e+00	2.898014e-01	-6.825775e-01	1.812989e-01	1.001443e+01
