# loss | a0 ... a4
3.712088e+02	6.366279e-01	-7.355523e-01	1.620436e+01	2.794811e+00
3.838827e+03	1.163670e+00	-1.262595e+00	1.567732e+01	2.267769e+00
2.949169e+02	1.687005e+00	-7.586597e-01	1.514974e+01	2.757451e+00
2.949169e+02	1.687005e+00	-7.586597e-01	1.514974e+01	2.757451e+00
1.536030e+02	9.873198e-01	-9.052205e-01	1.584958e+01	2.082782e+00
1.603450e+02	9.777284e-01	-8.236990e-01	1.584094e+01	2.113785e+00
1.603450e+02	9.777284e-01	-8.236990e-01	1.584094e+01	2.113785e+00
1.365936e+02	1.038019e+00	-8.587862e-01	1.575370e+01	2.199495e+00
1.324346e+02	1.076164e+00	-8.739475e-01	1.569654e+01	2.289360e+00
1.324346e+02	1.076164e+00	-8.739475e-01	1.569654e+01	2.289360e+00
1.340325e+02	1.176182e+00	-8.443638e-01	1.557490e+01	2.445176e+00
1.229145e+02	1.262001e+00	-8.881282e-01	1.545165e+01	2.565539e+00
1.229145e+02	1.262001e+00	-8.881282e-01	1.545165e+01	2.565539e+00
1.032229e+02	1.447266e+00	-8.755291e-01	1.523215e+01	2.822312e+00
9.884560e+01	1.528270e+00	-8.681956e-01	1.511565e+01	2.965945e+00
9.884560e+01	1.528270e+00	-8.681956e-01	1.511565e+01	2.965945e+00
1.000025e+02	1.385791e+00	-9.006516e-01	1.515813e+01	3.047983e+00
2.704589e+02	1.659726e+00	-8.071662e-01	1.481808e+01	3.357363e+00
2.704589e+02	1.659726e+00	-8.071662e-01	1.481808e+01	3.357363e+00
1.363376e+03	7.343967e-01	-1.100902e+00	1.570839e+01	2.522697e+00
2.759258e+04	8.928754e-01	-1.831116e-01	1.555012e+01	2.825047e+00
2.759258e+04	8.928754e-01	-1.831116e-01	1.555012e+01	2.825047e+00
1.011614e+04	-5.147748e-01	-1.579459e+00	1.695377e+01	1.417666e+00
1.111587e+04	-5.857407e-01	-1.632215e+00	1.702461e+01	1.346644e+00
1.111587e+04	-5.857407e-01	-1.632215e+00	1.702461e+01	1.346644e+00
7.434022e+03	-5.893151e-01	-1.444907e+00	1.702840e+01	1.342893e+00
7.018833e+03	-5.894216e-01	-1.424421e+00	1.702859e+01	1.342720e+00
7.018833e+03	-5.894216e-01	-1.424421e+00	1.702859e+01	1.342720e+00
4.259981e+03	-5.892311e-01	-1.284106e+00	1.702863e+01	1.342719e+00
2.526064e+03	-5.891308e-01	-1.183289e+00	1.702865e+01	1.342736e+00
2.526064e+03	-5.891308e-01	-1.183289e+00	1.702865e+01	1.342736e+00
2.061699e+03	-5.890907e-01	-1.152140e+00	1.702862e+01	1.342809e+00
3.760493e+02	-5.889047e-01	-9.833746e-01	1.702867e+01	1.342809e+00
3.760493e+02	-5.889047e-01	-9.833746e-01	1.702867e+01	1.342809e+00
1.866723e+02	-5.887873e-01	-9.254341e-01	1.702860e+01	1.342951e+00
1.593628e+02	-5.887340e-01	-9.034314e-01	1.702856e+01	1.343053e+00
1.593628e+02	-5.887340e-01	-9.034314e-01	1.702856e+01	1.343053e+00
1.524549e+02	-5.886338e-01	-8.934637e-01	1.702845e+01	1.343254e+00
1.470009e+02	-5.885792e-01	-8.805340e-01	1.702838e+01	1.343377e+00
1.470009e+02	-5.885792e-01	-8.805340e-01	1.702838e+01	1.343377e+00
1.456772e+02	-5.884714e-01	-8.746625e-01	1.702829e+01	1.343557e+00
1.453984e+02	-5.884126e-01	-8.669473e-01	1.702818e+01	1.343734e+00
1.453984e+02	-5.884126e-01	-8.669473e-01	1.702818e+01	1.343734e+00
1.457051e+02	-5.883229e-01	-8.642270e-01	1.702808e+01	1.343932e+00
1.456887e+02	-5.882384e-01	-8.643351e-01	1.702798e+01	1.344115e+00
1.456887e+02	-5.882384e-01	-8.643351e-01	1.702798e+01	1.344115e+00
1.454294e+02	-5.881408e-01	-8.665539e-01	1.702788e+01	1.344295e+00
1.460454e+02	-5.880553e-01	-8.623330e-01	1.702774e+01	1.344500e+00
1.460454e+02	-5.880553e-01	-8.623330e-01	1.702774e+01	1.344500e+00
1.454631e+02	-5.879322e-01	-8.661786e-01	1.702757e+01	1.344736e+00
1.464909e+02	-5.878647e-01	-8.604389e-01	1.702747e+01	1.344910e+00
1.464909e+02	-5.878647e-01	-8.604389e-01	1.702747e+01	1.344910e+00
1.467254e+02	-5.877653e-01	-8.595885e-01	1.702735e+01	1.345114e+00
1.464030e+02	-5.876697e-01	-8.607787e-01	1.702724e+01	1.345334e+00
1.464030e+02	-5.876697e-01	-8.607787e-01	1.702724e+01	1.345334e+00
1.478082e+02	-5.875143e-01	-8.563693e-01	1.702707e+01	1.345607e+00
1.456818e+02	-5.874665e-01	-8.643783e-01	1.702695e+01	1.345788e+00
1.456818e+02	-5.874665e-01	-8.643783e-01	1.702695e+01	1.345788e+00
1.453320e+02	-5.873499e-01	-8.680983e-01	1.702684e+01	1.346024e+00
1.460860e+02	-5.872611e-01	-8.621368e-01	1.702669e+01	1.346243e+00
1.460860e+02	-5.872611e-01	-8.621368e-01	1.702669e+01	1.346243e+00
1.490067e+02	-5.871979e-01	-8.535619e-01	1.702657e+01	1.346449e+00
1.454276e+02	-5.870462e-01	-8.665654e-01	1.702640e+01	1.346719e+00
1.454276e+02	-5.870462e-01	-8.665654e-01	1.702640e+01	1.346719e+00
1.453094e+02	-5.869498e-01	-8.688461e-01	1.702625e+01	1.346937e+00
1.461609e+02	-5.868262e-01	-8.617924e-01	1.702613e+01	1.347191e+00
1.461609e+02	-5.868262e-01	-8.617924e-01	1.702613e+01	1.347191e+00
1.469146e+02	-5.866734e-01	-8.589505e-01	1.702597e+01	1.347465e+00
1.457940e+02	-5.865976e-01	-8.636645e-01	1.702584e+01	1.347670e+00
1.457940e+02	-5.865976e-01	-8.636645e-01	1.702584e+01	1.347670e+00
1.454574e+02	-5.864490e-01	-8.662267e-01	1.702571e+01	1.347928e+00
1.462040e+02	-5.863664e-01	-8.616001e-01	1.702555e+01	1.348176e+00
1.462040e+02	-5.863664e-01	-8.616001e-01	1.702555e+01	1.348176e+00
1.455159e+02	-5.861750e-01	-8.656544e-01	1.702538e+01	1.348510e+00
1.467327e+02	-5.861250e-01	-8.595590e-01	1.702528e+01	1.348692e+00
1.467327e+02	-5.861250e-01	-8.595590e-01	1.702528e+01	1.348692e+00
1.459567e+02	-5.859165e-01	-8.627663e-01	1.702502e+01	1.349067e+00
1.468117e+02	-5.858806e-01	-8.592890e-01	1.702493e+01	1.349213e+00
1.468117e+02	-5.858806e-01	-8.592890e-01	1.702493e+01	1.349213e+00
1.465388e+02	-5.857083e-01	-8.602528e-01	1.702476e+01	1.349546e+00
1.466003e+02	-5.856329e-01	-8.600264e-01	1.702462e+01	1.349760e+00
1.466003e+02	-5.856329e-01	-8.600264e-01	1.702462e+01	1.349760e+00
1.472608e+02	-5.855561e-01	-8.578771e-01	1.702449e+01	1.349956e+00
1.457708e+02	-5.853828e-01	-8.637980e-01	1.702430e+01	1.350290e+00
1.457708e+02	-5.853828e-01	-8.637980e-01	1.702430e+01	1.350290e+00
1.473243e+02	-5.852001e-01	-8.576909e-01	1.702405e+01	1.350662e+00
1.456351e+02	-5.851170e-01	-8.646921e-01	1.702393e+01	1.350857e+00
1.456351e+02	-5.851170e-01	-8.646921e-01	1.702393e+01	1.350857e+00
1.465729e+02	-5.849608e-01	-8.601248e-01	1.702379e+01	1.351136e+00
1.455343e+02	-5.848544e-01	-8.654831e-01	1.702359e+01	1.351437e+00
1.455343e+02	-5.848544e-01	-8.654831e-01	1.702359e+01	1.351437e+00
1.457673e+02	-5.847186e-01	-8.638161e-01	1.702340e+01	1.351729e+00
1.459064e+02	-5.845856e-01	-8.630241e-01	1.702324e+01	1.352015e+00
1.459064e+02	-5.845856e-01	-8.630241e-01	1.702324e+01	1.352015e+00
1.492091e+02	-5.845250e-01	-8.531324e-01	1.702311e+01	1.352231e+00
1.453249e+02	-5.843068e-01	-8.708173e-01	1.702285e+01	1.352605e+00
1.453249e+02	-5.843068e-01	-8.708173e-01	1.702285e+01	1.352605e+00
1.453096e+02	-5.841577e-01	-8.703033e-01	1.702265e+01	1.352911e+00
1.461125e+02	-5.840221e-01	-8.620025e-01	1.702249e+01	1.353202e+00
1.461125e+02	-5.840221e-01	-8.620025e-01	1.702249e+01	1.353202e+00
1.477279e+02	-5.838933e-01	-8.565723e-01	1.702231e+01	1.353491e+00
1.462034e+02	-5.837354e-01	-8.615941e-01	1.702213e+01	1.353806e+00
1.462034e+02	-5.837354e-01	-8.615941e-01	1.702213e+01	1.353806e+00
1.453594e+02	-5.836441e-01	-8.674851e-01	1.702197e+01	1.354090e+00
1.463646e+02	-5.834474e-01	-8.609188e-01	1.702175e+01	1.354427e+00
1.463646e+02	-5.834474e-01	-8.609188e-01	1.702175e+01	1.354427e+00
1.463392e+02	-5.833573e-01	-8.610213e-01	1.702166e+01	1.354605e+00
1.460631e+02	-5.831477e-01	-8.622303e-01	1.702141e+01	1.355066e+00
1.460631e+02	-5.831477e-01	-8.622303e-01	1.702141e+01	1.355066e+00
1.458711e+02	-5.829420e-01	-8.758884e-01	1.702123e+01	1.355421e+00
1.467702e+02	-5.828338e-01	-8.594215e-01	1.702104e+01	1.355714e+00
1.467702e+02	-5.828338e-01	-8.594215e-01	1.702104e+01	1.355714e+00
1.489083e+02	-5.826924e-01	-8.537653e-01	1.702088e+01	1.356025e+00
1.453622e+02	-5.825250e-01	-8.674240e-01	1.702064e+01	1.356363e+00
1.453622e+02	-5.825250e-01	-8.674240e-01	1.702064e+01	1.356363e+00
1.454265e+02	-5.823416e-01	-8.725145e-01	1.702043e+01	1.356729e+00
1.464857e+02	-5.822103e-01	-8.604425e-01	1.702028e+01	1.357013e+00
1.464857e+02	-5.822103e-01	-8.604425e-01	1.702028e+01	1.357013e+00
