# loss | a0 ... a9
2.571342e+04	-8.464000e-01	-2.604000e-01	1.454000e+01	2.535600e+00	5.594400e+00	5.620000e-02	-6.616000e-01	-1.836000e-01	8.092400e+00
8.935251e+03	-9.566975e-01	-3.706975e-01	1.442970e+01	2.645897e+00	5.484103e+00	-5.409749e-02	-5.513025e-01	-2.938975e-01	8.202697e+00
3.388122e+03	-1.074278e+00	-4.803306e-01	1.430691e+01	2.775601e+00	5.457768e+00	-1.707107e-01	-6.272592e-01	-2.158537e-01	8.317305e+00
1.908011e+03	-1.161632e+00	-5.541368e-01	1.419834e+01	2.889992e+00	5.469532e+00	-2.057648e-01	-7.065941e-01	-1.361656e-01	8.409486e+00
1.293126e+03	-1.229700e+00	-6.136912e-01	1.409858e+01	2.995915e+00	5.499539e+00	-2.130736e-01	-7.212582e-01	-1.194426e-01	8.489952e+00
1.020121e+03	-1.278119e+00	-6.550673e-01	1.401540e+01	3.082811e+00	5.535517e+00	-2.061832e-01	-7.663332e-01	-7.774906e-02	8.549421e+00
8.466681e+02	-1.314931e+00	-6.870816e-01	1.393949e+01	3.161437e+00	5.579628e+00	-1.908587e-01	-8.582735e-01	1.272430e-02	8.601734e+00
7.246331e+02	-1.341345e+00	-7.105538e-01	1.387527e+01	3.226647e+00	5.623698e+00	-1.768832e-01	-9.454832e-01	9.545202e-02	8.641975e+00
6.249075e+02	-1.360152e+00	-7.276880e-01	1.381469e+01	3.289025e+00	5.673705e+00	-1.521779e-01	-1.048679e+00	1.910304e-01	8.675219e+00
5.338320e+02	-1.372089e+00	-7.395405e-01	1.375924e+01	3.345989e+00	5.724849e+00	-1.228059e-01	-1.105027e+00	2.488383e-01	8.699784e+00
4.854505e+02	-1.381354e+00	-7.489071e-01	1.371320e+01	3.392925e+00	5.769017e+00	-9.866367e-02	-1.146607e+00	2.871086e-01	8.720315e+00
6.747989e+02	-1.388367e+00	-7.557227e-01	1.367472e+01	3.434128e+00	5.807243e+00	-7.254001e-02	-1.205759e+00	2.961943e-01	8.737892e+00
3.771799e+02	-1.382369e+00	-7.556509e-01	1.365511e+01	3.459364e+00	5.836860e+00	-4.721116e-02	-1.116805e+00	3.832228e-01	8.720458e+00
3.443344e+02	-1.376488e+00	-7.547758e-01	1.363027e+01	3.491793e+00	5.873128e+00	-1.583690e-02	-1.049659e+00	4.496852e-01	8.708229e+00
3.336696e+02	-1.377925e+00	-7.558548e-01	1.363238e+01	3.501256e+00	5.869484e+00	1.556966e-03	-1.001800e+00	4.977252e-01	8.701862e+00
3.217312e+02	-1.382991e+00	-7.574464e-01	1.364226e+01	3.506763e+00	5.852491e+00	1.871808e-02	-9.664847e-01	5.331614e-01	8.698734e+00
3.125870e+02	-1.389529e+00	-7.592425e-01	1.366014e+01	3.503474e+00	5.824994e+00	2.954642e-02	-9.409036e-01	5.610862e-01	8.697934e+00
3.019215e+02	-1.399372e+00	-7.613704e-01	1.369097e+01	3.491172e+00	5.779589e+00	3.938572e-02	-9.222874e-01	5.792902e-01	8.698857e+00
2.928752e+02	-1.408676e+00	-7.638254e-01	1.371699e+01	3.480199e+00	5.740254e+00	4.512273e-02	-9.087915e-01	5.941492e-01	8.701509e+00
2.848337e+02	-1.417250e+00	-7.664928e-01	1.373957e+01	3.470309e+00	5.705260e+00	4.925098e-02	-8.988405e-01	6.050454e-01	8.705179e+00
2.762472e+02	-1.427487e+00	-7.692573e-01	1.376806e+01	3.454941e+00	5.660838e+00	5.271444e-02	-8.917690e-01	6.101399e-01	8.709098e+00
2.684322e+02	-1.437594e+00	-7.717116e-01	1.379662e+01	3.440098e+00	5.615820e+00	5.850308e-02	-8.863686e-01	6.153005e-01	8.712913e+00
2.620028e+02	-1.446462e+00	-7.746027e-01	1.382144e+01	3.425793e+00	5.577247e+00	6.071161e-02	-8.826768e-01	6.177267e-01	8.717639e+00
2.564453e+02	-1.451870e+00	-7.771907e-01	1.383716e+01	3.417865e+00	5.553555e+00	6.523494e-02	-8.801296e-01	6.180959e-01	8.722424e+00
2.513884e+02	-1.459448e+00	-7.799769e-01	1.385795e+01	3.405520e+00	5.520643e+00	6.775763e-02	-8.781385e-01	6.196821e-01	8.727783e+00
2.466553e+02	-1.466904e+00	-7.820964e-01	1.388051e+01	3.391626e+00	5.485484e+00	7.234742e-02	-8.768576e-01	6.192620e-01	8.731780e+00
2.423140e+02	-1.472033e+00	-7.848289e-01	1.389420e+01	3.383935e+00	5.463751e+00	7.565746e-02	-8.757459e-01	6.205143e-01	8.737504e+00
2.400913e+02	-1.478230e+00	-7.877917e-01	1.391342e+01	3.370710e+00	5.433689e+00	7.487876e-02	-8.748347e-01	6.221944e-01	8.742652e+00
2.350365e+02	-1.480978e+00	-7.901146e-01	1.392033e+01	3.368207e+00	5.423028e+00	8.114449e-02	-8.742269e-01	6.228692e-01	8.748461e+00
2.296782e+02	-1.483084e+00	-7.919699e-01	1.392544e+01	3.367409e+00	5.415170e+00	8.995496e-02	-8.737735e-01	6.232760e-01	8.753517e+00
2.256402e+02	-1.484790e+00	-7.942591e-01	1.393105e+01	3.365282e+00	5.407596e+00	9.549581e-02	-8.734123e-01	6.238270e-01	8.759388e+00
2.225902e+02	-1.485110e+00	-7.965633e-01	1.393466e+01	3.363592e+00	5.404155e+00	9.841077e-02	-8.731225e-01	6.242189e-01	8.764745e+00
2.189198e+02	-1.486586e+00	-7.988230e-01	1.394046e+01	3.360755e+00	5.396344e+00	1.037701e-01	-8.729229e-01	6.244338e-01	8.770897e+00
2.159593e+02	-1.487989e+00	-8.020670e-01	1.394714e+01	3.355387e+00	5.387621e+00	1.041444e-01	-8.726661e-01	6.254832e-01	8.778514e+00
2.125257e+02	-1.488657e+00	-8.039815e-01	1.395163e+01	3.353347e+00	5.382088e+00	1.102013e-01	-8.725438e-01	6.254835e-01	8.783828e+00
2.097988e+02	-1.489014e+00	-8.060831e-01	1.395266e+01	3.353450e+00	5.381213e+00	1.138492e-01	-8.726083e-01	6.239791e-01	8.789506e+00
2.068680e+02	-1.489231e+00	-8.081154e-01	1.395892e+01	3.349855e+00	5.374989e+00	1.189069e-01	-8.724530e-01	6.245639e-01	8.795086e+00
2.038341e+02	-1.488184e+00	-8.103209e-01	1.395953e+01	3.351439e+00	5.376851e+00	1.256924e-01	-8.722741e-01	6.255754e-01	8.801908e+00
2.013703e+02	-1.488552e+00	-8.124652e-01	1.396831e+01	3.345136e+00	5.367936e+00	1.283059e-01	-8.721828e-01	6.256644e-01	8.807711e+00
1.991854e+02	-1.491854e+00	-8.158837e-01	1.398334e+01	3.332252e+00	5.347577e+00	1.250821e-01	-8.718567e-01	6.278946e-01	8.815809e+00
1.968717e+02	-1.490572e+00	-8.177097e-01	1.398743e+01	3.328949e+00	5.345212e+00	1.289006e-01	-8.718109e-01	6.276625e-01	8.821471e+00
1.952181e+02	-1.490094e+00	-8.194103e-01	1.399712e+01	3.320572e+00	5.334625e+00	1.308856e-01	-8.715403e-01	6.294369e-01	8.826301e+00
1.928564e+02	-1.488067e+00	-8.213428e-01	1.399776e+01	3.319471e+00	5.336817e+00	1.349213e-01	-8.714890e-01	6.293322e-01	8.832582e+00
1.910591e+02	-1.487481e+00	-8.240096e-01	1.399992e+01	3.316749e+00	5.335932e+00	1.352506e-01	-8.713689e-01	6.299832e-01	8.839288e+00
1.887237e+02	-1.484661e+00	-8.257297e-01	1.400028e+01	3.315947e+00	5.339619e+00	1.399732e-01	-8.712427e-01	6.304994e-01	8.845003e+00
1.867926e+02	-1.480229e+00	-8.266736e-01	1.399900e+01	3.316296e+00	5.347408e+00	1.471799e-01	-8.711680e-01	6.304482e-01	8.849066e+00
1.848671e+02	-1.478040e+00	-8.288153e-01	1.400154e+01	3.313626e+00	5.348264e+00	1.495677e-01	-8.709847e-01	6.315406e-01	8.855182e+00
1.826916e+02	-1.477587e+00	-8.310721e-01	1.400584e+01	3.310513e+00	5.344706e+00	1.544156e-01	-8.709896e-01	6.308438e-01	8.862263e+00
1.810219e+02	-1.474787e+00	-8.332144e-01	1.400864e+01	3.306465e+00	5.345674e+00	1.547770e-01	-8.707688e-01	6.322937e-01	8.868001e+00
1.793639e+02	-1.471078e+00	-8.349324e-01	1.400864e+01	3.305701e+00	5.350900e+00	1.591948e-01	-8.706096e-01	6.333564e-01	8.873553e+00
1.778120e+02	-1.468515e+00	-8.372002e-01	1.401266e+01	3.300081e+00	5.349939e+00	1.581975e-01	-8.704163e-01	6.344914e-01	8.879677e+00
1.769971e+02	-1.465021e+00	-8.395417e-01	1.401426e+01	3.295812e+00	5.352942e+00	1.550398e-01	-8.702511e-01	6.352034e-01	8.885458e+00
1.756716e+02	-1.461956e+00	-8.415561e-01	1.401740e+01	3.291610e+00	5.354097e+00	1.562775e-01	-8.700483e-01	6.364948e-01	8.891754e+00
1.740663e+02	-1.458529e+00	-8.431491e-01	1.401964e+01	3.288398e+00	5.356717e+00	1.595213e-01	-8.699022e-01	6.374131e-01	8.897072e+00
1.726294e+02	-1.454727e+00	-8.450372e-01	1.402100e+01	3.285796e+00	5.360954e+00	1.615149e-01	-8.696451e-01	6.391604e-01	8.903334e+00
1.720821e+02	-1.450775e+00	-8.473786e-01	1.402444e+01	3.280026e+00	5.363394e+00	1.598737e-01	-8.694114e-01	6.408036e-01	8.910257e+00
1.701510e+02	-1.446341e+00	-8.488917e-01	1.402369e+01	3.279780e+00	5.370688e+00	1.640365e-01	-8.691167e-01	6.429310e-01	8.916538e+00
1.687064e+02	-1.440023e+00	-8.508215e-01	1.401635e+01	3.283393e+00	5.387967e+00	1.655621e-01	-8.686454e-01	6.468391e-01	8.923897e+00
1.669510e+02	-1.435734e+00	-8.521618e-01	1.401778e+01	3.281778e+00	5.392959e+00	1.702992e-01	-8.684458e-01	6.480012e-01	8.930064e+00
1.657646e+02	-1.431124e+00	-8.537957e-01	1.401650e+01	3.281091e+00	5.401377e+00	1.719996e-01	-8.679886e-01	6.518519e-01	8.936259e+00
1.642972e+02	-1.426560e+00	-8.551661e-01	1.401782e+01	3.278678e+00	5.405997e+00	1.763042e-01	-8.679158e-01	6.517734e-01	8.942119e+00
1.630163e+02	-1.420513e+00	-8.567649e-01	1.401586e+01	3.277599e+00	5.416093e+00	1.789618e-01	-8.678774e-01	6.516024e-01	8.948650e+00
1.618474e+02	-1.416231e+00	-8.582486e-01	1.401875e+01	3.273700e+00	5.418777e+00	1.818364e-01	-8.678006e-01	6.515190e-01	8.954250e+00
1.609581e+02	-1.411570e+00	-8.594515e-01	1.402133e+01	3.269508e+00	5.422432e+00	1.834700e-01	-8.678010e-01	6.504492e-01	8.959008e+00
1.598399e+02	-1.407062e+00	-8.611489e-01	1.402443e+01	3.265045e+00	5.425312e+00	1.851973e-01	-8.677110e-01	6.506385e-01	8.965094e+00
1.589247e+02	-1.403352e+00	-8.630127e-01	1.403035e+01	3.257084e+00	5.423816e+00	1.852161e-01	-8.675781e-01	6.514997e-01	8.971601e+00
1.578726e+02	-1.398135e+00	-8.646179e-01	1.403139e+01	3.253650e+00	5.429223e+00	1.869577e-01	-8.674666e-01	6.518004e-01	8.978070e+00
1.574039e+02	-1.394355e+00	-8.662474e-01	1.404064e+01	3.243951e+00	5.424278e+00	1.862885e-01	-8.673410e-01	6.525396e-01	8.984119e+00
1.561881e+02	-1.388260e+00	-8.677210e-01	1.403898e+01	3.242846e+00	5.434288e+00	1.889255e-01	-8.671770e-01	6.533348e-01	8.990518e+00
1.552573e+02	-1.382037e+00	-8.688107e-01	1.403746e+01	3.241406e+00	5.443877e+00	1.909896e-01	-8.670314e-01	6.536948e-01	8.995272e+00
1.541147e+02	-1.375821e+00	-8.703284e-01	1.403554e+01	3.239911e+00	5.453620e+00	1.935620e-01	-8.668472e-01	6.548427e-01	9.001797e+00
1.531024e+02	-1.367006e+00	-8.712908e-01	1.402772e+01	3.242547e+00	5.472496e+00	1.965147e-01	-8.667173e-01	6.551418e-01	9.007365e+00
1.521369e+02	-1.361681e+00	-8.729379e-01	1.402878e+01	3.238232e+00	5.477560e+00	1.980254e-01	-8.665434e-01	6.562378e-01	9.013954e+00
1.511743e+02	-1.355430e+00	-8.742457e-01	1.402670e+01	3.236906e+00	5.486812e+00	2.010084e-01	-8.664440e-01	6.562192e-01	9.019379e+00
1.503154e+02	-1.349973e+00	-8.759057e-01	1.402860e+01	3.231157e+00	5.490721e+00	2.013940e-01	-8.662992e-01	6.570171e-01	9.026475e+00
1.493254e+02	-1.343102e+00	-8.771701e-01	1.402472e+01	3.230765e+00	5.502419e+00	2.049177e-01	-8.661264e-01	6.583905e-01	9.033254e+00
1.485814e+02	-1.337679e+00	-8.788795e-01	1.402778e+01	3.223389e+00	5.504532e+00	2.040504e-01	-8.660528e-01	6.582156e-01	9.040522e+00
1.487170e+02	-1.332183e+00	-8.808219e-01	1.402972e+01	3.215578e+00	5.508090e+00	1.997063e-01	-8.662363e-01	6.551387e-01	9.047004e+00
1.477781e+02	-1.325850e+00	-8.821624e-01	1.403007e+01	3.211370e+00	5.514018e+00	2.017896e-01	-8.660169e-01	6.565263e-01	9.054121e+00
1.461709e+02	-1.319551e+00	-8.831935e-01	1.402838e+01	3.210009e+00	5.522362e+00	2.079045e-01	-8.654607e-01	6.617932e-01	9.061562e+00
1.453737e+02	-1.312575e+00	-8.844661e-01	1.402787e+01	3.206461e+00	5.530248e+00	2.094495e-01	-8.653753e-01	6.616693e-01	9.068548e+00
1.443657e+02	-1.306315e+00	-8.858790e-01	1.402914e+01	3.202537e+00	5.535748e+00	2.125563e-01	-8.655347e-01	6.587281e-01	9.077145e+00
1.436703e+02	-1.298979e+00	-8.870743e-01	1.402800e+01	3.199146e+00	5.544686e+00	2.135143e-01	-8.653646e-01	6.596271e-01	9.083812e+00
1.429561e+02	-1.291246e+00	-8.879393e-01	1.402313e+01	3.199991e+00	5.557659e+00	2.155325e-01	-8.649467e-01	6.634694e-01	9.089968e+00
1.422923e+02	-1.284084e+00	-8.892929e-01	1.402342e+01	3.194463e+00	5.564385e+00	2.157926e-01	-8.649034e-01	6.629080e-01	9.097199e+00
1.417691e+02	-1.277054e+00	-8.908970e-01	1.402529e+01	3.187457e+00	5.569057e+00	2.151089e-01	-8.648357e-01	6.629644e-01	9.105239e+00
1.410759e+02	-1.269619e+00	-8.920386e-01	1.402392e+01	3.183514e+00	5.577464e+00	2.164311e-01	-8.647508e-01	6.627926e-01	9.111710e+00
1.407951e+02	-1.260996e+00	-8.937309e-01	1.402029e+01	3.179910e+00	5.589672e+00	2.146866e-01	-8.649719e-01	6.592193e-01	9.120578e+00
1.397704e+02	-1.253462e+00	-8.945522e-01	1.401864e+01	3.177344e+00	5.598659e+00	2.179407e-01	-8.647266e-01	6.609056e-01	9.126788e+00
1.386976e+02	-1.247062e+00	-8.954165e-01	1.402102e+01	3.172391e+00	5.602763e+00	2.227773e-01	-8.642419e-01	6.653856e-01	9.133700e+00
1.379811e+02	-1.238865e+00	-8.962919e-01	1.401797e+01	3.170581e+00	5.613730e+00	2.251384e-01	-8.641518e-01	6.652184e-01	9.139866e+00
1.372887e+02	-1.229402e+00	-8.970303e-01	1.400975e+01	3.172982e+00	5.631230e+00	2.303968e-01	-8.641066e-01	6.642537e-01	9.147227e+00
1.366156e+02	-1.222053e+00	-8.982355e-01	1.401169e+01	3.166853e+00	5.636633e+00	2.297398e-01	-8.640446e-01	6.639195e-01	9.153955e+00
1.360537e+02	-1.214790e+00	-8.999825e-01	1.401797e+01	3.156562e+00	5.637896e+00	2.276916e-01	-8.638890e-01	6.649759e-01	9.162031e+00
1.356202e+02	-1.207166e+00	-9.010411e-01	1.401826e+01	3.151828e+00	5.645098e+00	2.275794e-01	-8.638417e-01	6.644091e-01	9.168274e+00
1.361783e+02	-1.201064e+00	-9.024788e-01	1.402684e+01	3.138868e+00	5.641680e+00	2.237200e-01	-8.641351e-01	6.598818e-01	9.173733e+00
1.350187e+02	-1.192351e+00	-9.032200e-01	1.402102e+01	3.138679e+00	5.654524e+00	2.269703e-01	-8.638643e-01	6.618392e-01	9.180127e+00
1.344294e+02	-1.183690e+00	-9.045114e-01	1.401487e+01	3.138218e+00	5.667533e+00	2.274923e-01	-8.635955e-01	6.640867e-01	9.188014e+00
1.333051e+02	-1.174721e+00	-9.050417e-01	1.400947e+01	3.137855e+00	5.680269e+00	2.317406e-01	-8.633359e-01	6.658479e-01	9.193808e+00
1.324896e+02	-1.166010e+00	-9.056021e-01	1.400371e+01	3.138649e+00	5.692645e+00	2.358257e-01	-8.634830e-01	6.628563e-01	9.199865e+00
1.318868e+02	-1.157323e+00	-9.063507e-01	1.400073e+01	3.135240e+00	5.702346e+00	2.383317e-01	-8.631911e-01	6.651829e-01	9.206651e+00
1.313653e+02	-1.147344e+00	-9.070456e-01	1.399689e+01	3.130788e+00	5.713715e+00	2.391500e-01	-8.630295e-01	6.655730e-01	9.212371e+00
1.307854e+02	-1.139392e+00	-9.080720e-01	1.399644e+01	3.125074e+00	5.719827e+00	2.398777e-01	-8.628653e-01	6.664899e-01	9.220027e+00
1.304390e+02	-1.131289e+00	-9.097367e-01	1.399531e+01	3.118446e+00	5.726974e+00	2.367763e-01	-8.630512e-01	6.630933e-01	9.229604e+00
1.298280e+02	-1.123033e+00	-9.105364e-01	1.399555e+01	3.112807e+00	5.732962e+00	2.386111e-01	-8.628398e-01	6.645211e-01	9.236075e+00
1.291152e+02	-1.113309e+00	-9.106877e-01	1.399077e+01	3.111917e+00	5.744793e+00	2.445183e-01	-8.622668e-01	6.701627e-01	9.240916e+00
1.285750e+02	-1.105346e+00	-9.117904e-01	1.399216e+01	3.104273e+00	5.748859e+00	2.438491e-01	-8.622723e-01	6.686813e-01	9.248030e+00
1.286616e+02	-1.097595e+00	-9.132605e-01	1.399924e+01	3.089877e+00	5.746456e+00	2.394758e-01	-8.623132e-01	6.663210e-01	9.255433e+00
1.280837e+02	-1.088988e+00	-9.140856e-01	1.399675e+01	3.085596e+00	5.754453e+00	2.407827e-01	-8.623180e-01	6.650853e-01	9.262419e+00
1.277885e+02	-1.081364e+00	-9.147218e-01	1.399837e+01	3.077600e+00	5.757514e+00	2.411543e-01	-8.619091e-01	6.687580e-01	9.267259e+00
1.269300e+02	-1.071807e+00	-9.154232e-01	1.399247e+01	3.076132e+00	5.769193e+00	2.437488e-01	-8.619140e-01	6.674504e-01	9.275268e+00
1.268621e+02	-1.064313e+00	-9.165106e-01	1.399548e+01	3.067557e+00	5.771639e+00	2.426190e-01	-8.615873e-01	6.702284e-01	9.282909e+00
1.257982e+02	-1.054072e+00	-9.170131e-01	1.398774e+01	3.067789e+00	5.785584e+00	2.462949e-01	-8.616023e-01	6.687445e-01	9.290853e+00
1.250175e+02	-1.041625e+00	-9.169726e-01	1.397223e+01	3.074738e+00	5.807507e+00	2.513243e-01	-8.612517e-01	6.717736e-01	9.297007e+00
1.244601e+02	-1.032776e+00	-9.178555e-01	1.397013e+01	3.068818e+00	5.814312e+00	2.525139e-01	-8.613879e-01	6.686227e-01	9.304927e+00
1.240453e+02	-1.024452e+00	-9.187548e-01	1.396835e+01	3.062414e+00	5.820782e+00	2.512393e-01	-8.615832e-01	6.644474e-01	9.311562e+00
1.235491e+02	-1.015460e+00	-9.196803e-01	1.396776e+01	3.055175e+00	5.826073e+00	2.517617e-01	-8.616520e-01	6.622867e-01	9.319316e+00
1.228884e+02	-1.006485e+00	-9.202911e-01	1.396547e+01	3.049979e+00	5.833413e+00	2.557659e-01	-8.612537e-01	6.658652e-01	9.327948e+00
1.224651e+02	-9.974210e-01	-9.212918e-01	1.396609e+01	3.041870e+00	5.838041e+00	2.544633e-01	-8.613420e-01	6.632424e-01	9.335515e+00
1.218761e+02	-9.868890e-01	-9.219270e-01	1.395778e+01	3.042131e+00	5.851981e+00	2.570752e-01	-8.614086e-01	6.611874e-01	9.343859e+00
1.215650e+02	-9.782090e-01	-9.229254e-01	1.396163e+01	3.031587e+00	5.853838e+00	2.551217e-01	-8.613506e-01	6.603733e-01	9.350853e+00
1.212776e+02	-9.694998e-01	-9.235802e-01	1.396316e+01	3.023705e+00	5.857619e+00	2.548422e-01	-8.607677e-01	6.657809e-01	9.356248e+00
1.210644e+02	-9.601771e-01	-9.244437e-01	1.396385e+01	3.015831e+00	5.862437e+00	2.540879e-01	-8.607495e-01	6.643248e-01	9.363640e+00
1.219833e+02	-9.520561e-01	-9.259958e-01	1.396932e+01	3.003261e+00	5.862663e+00	2.496405e-01	-8.606831e-01	6.638528e-01	9.373189e+00
1.207127e+02	-9.415018e-01	-9.262373e-01	1.396296e+01	3.002022e+00	5.873918e+00	2.531316e-01	-8.604287e-01	6.653457e-01	9.379367e+00
1.194343e+02	-9.289450e-01	-9.261295e-01	1.394912e+01	3.006620e+00	5.892509e+00	2.576017e-01	-8.601944e-01	6.669952e-01	9.384154e+00
1.188191e+02	-9.191833e-01	-9.265545e-01	1.394605e+01	3.002570e+00	5.900370e+00	2.600186e-01	-8.599770e-01	6.680346e-01	9.390991e+00
1.183679e+02	-9.107265e-01	-9.272318e-01	1.394884e+01	2.991914e+00	5.901599e+00	2.610716e-01	-8.601629e-01	6.639436e-01	9.398826e+00
1.178261e+02	-9.005097e-01	-9.276667e-01	1.394374e+01	2.988941e+00	5.910521e+00	2.628617e-01	-8.598664e-01	6.659801e-01	9.405861e+00
1.177049e+02	-8.914112e-01	-9.287291e-01	1.394455e+01	2.979083e+00	5.913239e+00	2.606564e-01	-8.596034e-01	6.679088e-01	9.414710e+00
1.169838e+02	-8.808918e-01	-9.289777e-01	1.393755e+01	2.977119e+00	5.923180e+00	2.636058e-01	-8.593676e-01	6.692383e-01	9.421012e+00
1.164472e+02	-8.689244e-01	-9.289533e-01	1.392262e+01	2.982286e+00	5.941229e+00	2.698412e-01	-8.594642e-01	6.664742e-01	9.429582e+00
1.159296e+02	-8.595022e-01	-9.296422e-01	1.392207e+01	2.973323e+00	5.944296e+00	2.688696e-01	-8.592637e-01	6.675590e-01	9.436468e+00
1.156782e+02	-8.487861e-01	-9.297963e-01	1.391573e+01	2.970839e+00	5.952986e+00	2.730328e-01	-8.591987e-01	6.665601e-01	9.444066e+00
1.150388e+02	-8.400025e-01	-9.308643e-01	1.392009e+01	2.957719e+00	5.952304e+00	2.689434e-01	-8.591036e-01	6.663872e-01	9.451207e+00
1.146787e+02	-8.299918e-01	-9.316603e-01	1.391802e+01	2.949815e+00	5.957794e+00	2.680023e-01	-8.587281e-01	6.698916e-01	9.459183e+00
1.147798e+02	-8.208906e-01	-9.325579e-01	1.392115e+01	2.938396e+00	5.958301e+00	2.648728e-01	-8.587516e-01	6.680963e-01	9.466328e+00
1.153622e+02	-8.113068e-01	-9.334661e-01	1.392500e+01	2.924941e+00	5.957561e+00	2.616375e-01	-8.588269e-01	6.659030e-01	9.473889e+00
1.147786e+02	-8.012297e-01	-9.338343e-01	1.392065e+01	2.920524e+00	5.964292e+00	2.628634e-01	-8.585843e-01	6.672956e-01	9.480558e+00
1.138658e+02	-7.897858e-01	-9.339841e-01	1.390807e+01	2.922220e+00	5.978367e+00	2.648437e-01	-8.581750e-01	6.704035e-01	9.486410e+00
1.130047e+02	-7.794192e-01	-9.341414e-01	1.390218e+01	2.918911e+00	5.985589e+00	2.678881e-01	-8.579310e-01	6.719890e-01	9.493622e+00
1.120762e+02	-7.684171e-01	-9.339496e-01	1.389421e+01	2.918973e+00	5.994737e+00	2.752447e-01	-8.576772e-01	6.733263e-01	9.501542e+00
1.116685e+02	-7.583231e-01	-9.343794e-01	1.389021e+01	2.912877e+00	5.999969e+00	2.756018e-01	-8.575664e-01	6.732990e-01	9.508668e+00
1.113161e+02	-7.479354e-01	-9.348244e-01	1.388945e+01	2.903866e+00	6.002629e+00	2.745355e-01	-8.574164e-01	6.739874e-01	9.514245e+00
1.109610e+02	-7.380847e-01	-9.353772e-01	1.388691e+01	2.896926e+00	6.006800e+00	2.740746e-01	-8.574820e-01	6.716110e-01	9.522513e+00
1.106787e+02	-7.269497e-01	-9.356622e-01	1.388186e+01	2.891624e+00	6.013398e+00	2.733003e-01	-8.576358e-01	6.677953e-01	9.527664e+00
1.103271e+02	-7.172348e-01	-9.361853e-01	1.388006e+01	2.884569e+00	6.016984e+00	2.735264e-01	-8.576626e-01	6.659655e-01	9.535995e+00
1.106478e+02	-7.085098e-01	-9.369624e-01	1.388954e+01	2.866037e+00	6.009494e+00	2.708878e-01	-8.576386e-01	6.651966e-01	9.543018e+00
1.097779e+02	-6.979130e-01	-9.371373e-01	1.387995e+01	2.864403e+00	6.018198e+00	2.735813e-01	-8.574654e-01	6.656976e-01	9.551247e+00
1.088558e+02	-6.864919e-01	-9.367077e-01	1.387095e+01	2.863232e+00	6.026748e+00	2.797526e-01	-8.569950e-01	6.700281e-01	9.555743e+00
1.084558e+02	-6.760831e-01	-9.371248e-01	1.386370e+01	2.859680e+00	6.034057e+00	2.803167e-01	-8.569773e-01	6.684909e-01	9.564040e+00
1.082562e+02	-6.639418e-01	-9.377316e-01	1.385493e+01	2.855019e+00	6.042845e+00	2.772268e-01	-8.568360e-01	6.689818e-01	9.570934e+00
1.078360e+02	-6.542413e-01	-9.381028e-01	1.385091e+01	2.849217e+00	6.046795e+00	2.781892e-01	-8.568580e-01	6.668822e-01	9.579537e+00
1.076360e+02	-6.419987e-01	-9.376126e-01	1.383115e+01	2.858002e+00	6.064863e+00	2.843029e-01	-8.563964e-01	6.711861e-01	9.584451e+00
1.069720e+02	-6.332462e-01	-9.383441e-01	1.383793e+01	2.843905e+00	6.060824e+00	2.826271e-01	-8.566452e-01	6.661119e-01	9.593856e+00
1.066435e+02	-6.238429e-01	-9.393631e-01	1.383687e+01	2.835902e+00	6.063004e+00	2.803803e-01	-8.568403e-01	6.621511e-01	9.607606e+00
1.065384e+02	-6.146530e-01	-9.398786e-01	1.384108e+01	2.822771e+00	6.059700e+00	2.789269e-01	-8.568574e-01	6.600242e-01	9.615299e+00
1.059269e+02	-6.042596e-01	-9.397046e-01	1.383560e+01	2.819350e+00	6.064728e+00	2.817993e-01	-8.563487e-01	6.646843e-01	9.619413e+00
1.057419e+02	-5.946817e-01	-9.401645e-01	1.383834e+01	2.808153e+00	6.063056e+00	2.809449e-01	-8.563753e-01	6.624967e-01	9.628096e+00
1.052663e+02	-5.814411e-01	-9.402976e-01	1.382289e+01	2.811337e+00	6.076733e+00	2.815210e-01	-8.559732e-01	6.656585e-01	9.637476e+00
1.050566e+02	-5.725354e-01	-9.406605e-01	1.382889e+01	2.798751e+00	6.072981e+00	2.814023e-01	-8.560146e-01	6.630782e-01	9.644328e+00
1.043897e+02	-5.611580e-01	-9.404554e-01	1.382035e+01	2.798657e+00	6.080629e+00	2.851934e-01	-8.564614e-01	6.555548e-01	9.649790e+00
1.041968e+02	-5.522299e-01	-9.408879e-01	1.382650e+01	2.785692e+00	6.076817e+00	2.842939e-01	-8.562132e-01	6.566598e-01	9.657137e+00
1.038105e+02	-5.436359e-01	-9.409520e-01	1.382973e+01	2.775949e+00	6.075050e+00	2.861728e-01	-8.554786e-01	6.640727e-01	9.661830e+00
1.036207e+02	-5.336722e-01	-9.412857e-01	1.382947e+01	2.766862e+00	6.075062e+00	2.855872e-01	-8.553831e-01	6.631750e-01	9.668982e+00
1.036208e+02	-5.253538e-01	-9.416279e-01	1.383685e+01	2.751208e+00	6.067658e+00	2.852591e-01	-8.556231e-01	6.582605e-01	9.675174e+00
1.031642e+02	-5.143057e-01	-9.417319e-01	1.382768e+01	2.748488e+00	6.073260e+00	2.859115e-01	-8.553255e-01	6.599617e-01	9.681801e+00
1.023456e+02	-5.020391e-01	-9.409796e-01	1.380707e+01	2.757117e+00	6.088885e+00	2.925555e-01	-8.554551e-01	6.562591e-01	9.684638e+00
1.020214e+02	-4.918359e-01	-9.413825e-01	1.380331e+01	2.749270e+00	6.089463e+00	2.909827e-01	-8.550511e-01	6.592688e-01	9.691989e+00
1.025635e+02	-4.841522e-01	-9.423285e-01	1.381127e+01	2.729809e+00	6.080175e+00	2.850188e-01	-8.542022e-01	6.679912e-01	9.699267e+00
1.020642e+02	-4.732490e-01	-9.423541e-01	1.380224e+01	2.726349e+00	6.083857e+00	2.860121e-01	-8.541137e-01	6.670805e-01	9.705928e+00
1.030157e+02	-4.645223e-01	-9.430530e-01	1.380260e+01	2.714432e+00	6.079965e+00	2.815458e-01	-8.534439e-01	6.737474e-01	9.712486e+00
1.014523e+02	-4.527685e-01	-9.425847e-01	1.378825e+01	2.716717e+00	6.087929e+00	2.865683e-01	-8.535767e-01	6.701505e-01	9.717596e+00
1.009487e+02	-4.415469e-01	-9.424462e-01	1.377954e+01	2.713583e+00	6.092130e+00	2.879474e-01	-8.533346e-01	6.714782e-01	9.721274e+00
1.002501e+02	-4.303357e-01	-9.420181e-01	1.376727e+01	2.715382e+00	6.098652e+00	2.926524e-01	-8.535914e-01	6.661737e-01	9.726425e+00
9.991231e+01	-4.212955e-01	-9.423093e-01	1.376357e+01	2.709580e+00	6.099056e+00	2.933608e-01	-8.542418e-01	6.555476e-01	9.736878e+00
9.963359e+01	-4.104825e-01	-9.420985e-01	1.375556e+01	2.707422e+00	6.101910e+00	2.955823e-01	-8.542868e-01	6.528055e-01	9.741587e+00
9.965320e+01	-4.004508e-01	-9.414972e-01	1.374936e+01	2.704567e+00	6.103908e+00	2.995186e-01	-8.545531e-01	6.478432e-01	9.741377e+00
9.916678e+01	-3.906934e-01	-9.418527e-01	1.374848e+01	2.696346e+00	6.101402e+00	2.977817e-01	-8.544150e-01	6.471806e-01	9.748313e+00
9.880068e+01	-3.803770e-01	-9.421798e-01	1.374823e+01	2.684610e+00	6.097765e+00	2.958681e-01	-8.546636e-01	6.418963e-01	9.753102e+00
9.868140e+01	-3.712686e-01	-9.426092e-01	1.374775e+01	2.675800e+00	6.093937e+00	2.932457e-01	-8.542907e-01	6.440931e-01	9.760448e+00
9.854941e+01	-3.640232e-01	-9.428085e-01	1.375560e+01	2.662903e+00	6.084144e+00	2.934101e-01	-8.539779e-01	6.493304e-01	9.766641e+00
9.850975e+01	-3.539125e-01	-9.430444e-01	1.374980e+01	2.658216e+00	6.084376e+00	2.918939e-01	-8.538415e-01	6.516036e-01	9.772558e+00
9.857698e+01	-3.441745e-01	-9.433019e-01	1.374960e+01	2.648158e+00	6.080526e+00	2.908088e-01	-8.540671e-01	6.487548e-01	9.777258e+00
9.808906e+01	-3.337500e-01	-9.431652e-01	1.373969e+01	2.648200e+00	6.083452e+00	2.918609e-01	-8.536688e-01	6.529516e-01	9.782023e+00
9.778962e+01	-3.213658e-01	-9.429463e-01	1.371948e+01	2.656368e+00	6.092552e+00	2.913010e-01	-8.539015e-01	6.492362e-01	9.784849e+00
9.734426e+01	-3.120924e-01	-9.427659e-01	1.371416e+01	2.651758e+00	6.090999e+00	2.934824e-01	-8.533630e-01	6.543145e-01	9.789550e+00
9.690980e+01	-3.045314e-01	-9.420985e-01	1.371625e+01	2.643450e+00	6.082596e+00	2.992510e-01	-8.527213e-01	6.599596e-01	9.789177e+00
9.668474e+01	-2.951142e-01	-9.423003e-01	1.371099e+01	2.637744e+00	6.080244e+00	2.982832e-01	-8.524756e-01	6.610914e-01	9.795291e+00
9.639381e+01	-2.851987e-01	-9.423519e-01	1.370782e+01	2.629582e+00	6.076831e+00	2.988406e-01	-8.526922e-01	6.560650e-01	9.801553e+00
9.629874e+01	-2.764801e-01	-9.426470e-01	1.370551e+01	2.622504e+00	6.072146e+00	2.966175e-01	-8.525763e-01	6.553115e-01	9.806885e+00
9.603166e+01	-2.668784e-01	-9.426501e-01	1.370007e+01	2.617894e+00	6.070419e+00	2.974648e-01	-8.528150e-01	6.503095e-01	9.812709e+00
9.604802e+01	-2.584180e-01	-9.428558e-01	1.369922e+01	2.610749e+00	6.064448e+00	2.954729e-01	-8.526387e-01	6.500339e-01	9.817011e+00
9.595117e+01	-2.489908e-01	-9.429846e-01	1.369130e+01	2.609276e+00	6.063021e+00	2.947636e-01	-8.526330e-01	6.481795e-01	9.823623e+00
9.582636e+01	-2.404907e-01	-9.429613e-01	1.368944e+01	2.602948e+00	6.057105e+00	2.945580e-01	-8.523689e-01	6.487702e-01	9.826485e+00
9.627851e+01	-2.330949e-01	-9.433415e-01	1.369519e+01	2.589971e+00	6.046258e+00	2.920457e-01	-8.524977e-01	6.444846e-01	9.832265e+00
9.560462e+01	-2.238482e-01	-9.429538e-01	1.368825e+01	2.589074e+00	6.044003e+00	2.944084e-01	-8.520786e-01	6.469567e-01	9.833261e+00
9.513229e+01	-2.135912e-01	-9.424733e-01	1.367540e+01	2.591353e+00	6.045752e+00	2.957794e-01	-8.516057e-01	6.442672e-01	9.831753e+00
9.473223e+01	-2.050132e-01	-9.421335e-01	1.367060e+01	2.588963e+00	6.041294e+00	2.984212e-01	-8.512729e-01	6.422118e-01	9.833959e+00
9.471058e+01	-1.938043e-01	-9.413976e-01	1.365481e+01	2.595239e+00	6.044691e+00	3.034297e-01	-8.509326e-01	6.466091e-01	9.834727e+00
9.432731e+01	-1.870481e-01	-9.416788e-01	1.366088e+01	2.584807e+00	6.032559e+00	3.014714e-01	-8.512187e-01	6.418097e-01	9.838389e+00
9.421191e+01	-1.787894e-01	-9.415881e-01	1.365688e+01	2.582889e+00	6.027321e+00	3.006325e-01	-8.507941e-01	6.456312e-01	9.839287e+00
9.418067e+01	-1.723304e-01	-9.420098e-01	1.366366e+01	2.569721e+00	6.013042e+00	2.977666e-01	-8.511203e-01	6.395127e-01	9.844486e+00
9.385793e+01	-1.644788e-01	-9.417079e-01	1.366343e+01	2.563754e+00	6.003978e+00	2.986706e-01	-8.528406e-01	6.352457e-01	9.842884e+00
9.381450e+01	-1.575437e-01	-9.420208e-01	1.366739e+01	2.553725e+00	5.992509e+00	2.966813e-01	-8.539967e-01	6.328474e-01	9.849526e+00
9.395160e+01	-1.506240e-01	-9.423224e-01	1.367515e+01	2.540303e+00	5.978317e+00	2.950926e-01	-8.550789e-01	6.274191e-01	9.857629e+00
9.333375e+01	-1.425647e-01	-9.422467e-01	1.367118e+01	2.537590e+00	5.972770e+00	2.952729e-01	-8.569480e-01	6.030052e-01	9.861494e+00
9.257917e+01	-1.354534e-01	-9.418988e-01	1.366841e+01	2.535601e+00	5.966811e+00	2.981985e-01	-8.581474e-01	5.868296e-01	9.864898e+00
9.208274e+01	-1.263789e-01	-9.415980e-01	1.365885e+01	2.536136e+00	5.965562e+00	2.996651e-01	-8.593352e-01	5.657948e-01	9.867517e+00
9.200464e+01	-1.183442e-01	-9.414089e-01	1.365551e+01	2.531116e+00	5.960390e+00	2.993618e-01	-8.601666e-01	5.455106e-01	9.867708e+00
9.168116e+01	-1.092448e-01	-9.411077e-01	1.364445e+01	2.532597e+00	5.960467e+00	3.009921e-01	-8.604317e-01	5.345839e-01	9.871351e+00
9.156592e+01	-9.818704e-02	-9.404693e-01	1.361938e+01	2.544566e+00	5.970394e+00	3.048015e-01	-8.602240e-01	5.308599e-01	9.873997e+00
9.133815e+01	-9.096532e-02	-9.406302e-01	1.362069e+01	2.535978e+00	5.962989e+00	3.026908e-01	-8.596723e-01	5.274721e-01	9.878478e+00
9.139322e+01	-8.641059e-02	-9.409596e-01	1.363200e+01	2.518693e+00	5.948751e+00	3.007280e-01	-8.596789e-01	5.183125e-01	9.884320e+00
9.139258e+01	-7.858342e-02	-9.409873e-01	1.362908e+01	2.513443e+00	5.943755e+00	2.990579e-01	-8.583946e-01	5.223046e-01	9.887292e+00
9.110430e+01	-7.217935e-02	-9.405681e-01	1.362783e+01	2.510076e+00	5.937917e+00	2.989061e-01	-8.557086e-01	5.408692e-01	9.883329e+00
9.099290e+01	-6.394570e-02	-9.405135e-01	1.362253e+01	2.506890e+00	5.934458e+00	2.985848e-01	-8.547980e-01	5.403722e-01	9.887703e+00
9.196830e+01	-5.468017e-02	-9.410136e-01	1.361997e+01	2.495530e+00	5.927825e+00	2.934881e-01	-8.551611e-01	5.264682e-01	9.893553e+00
9.087948e+01	-4.697016e-02	-9.404405e-01	1.361181e+01	2.497770e+00	5.926633e+00	2.975620e-01	-8.536646e-01	5.320252e-01	9.894577e+00
9.055945e+01	-4.113418e-02	-9.403064e-01	1.361600e+01	2.486629e+00	5.916763e+00	2.995623e-01	-8.521330e-01	5.399042e-01	9.898367e+00
9.002039e+01	-3.307473e-02	-9.396801e-01	1.360326e+01	2.491403e+00	5.916995e+00	3.033723e-01	-8.509055e-01	5.425268e-01	9.898595e+00
9.032312e+01	-2.819615e-02	-9.402481e-01	1.360932e+01	2.479190e+00	5.905620e+00	3.001727e-01	-8.507687e-01	5.324619e-01	9.906787e+00
8.981554e+01	-2.009945e-02	-9.396106e-01	1.359724e+01	2.484031e+00	5.905420e+00	3.031883e-01	-8.494530e-01	5.363441e-01	9.905911e+00
9.043004e+01	-9.441159e-03	-9.384090e-01	1.357238e+01	2.499523e+00	5.913059e+00	3.106479e-01	-8.495628e-01	5.248575e-01	9.901283e+00
8.976376e+01	-4.427670e-03	-9.386234e-01	1.357661e+01	2.489183e+00	5.901948e+00	3.075689e-01	-8.481559e-01	5.299090e-01	9.903723e+00
8.972468e+01	-5.415268e-05	-9.384132e-01	1.357870e+01	2.485444e+00	5.892684e+00	3.089955e-01	-8.462426e-01	5.410342e-01	9.906853e+00
8.942577e+01	4.532411e-03	-9.390503e-01	1.358665e+01	2.470166e+00	5.878067e+00	3.022920e-01	-8.456179e-01	5.368205e-01	9.910368e+00
9.188582e+01	1.036499e-02	-9.403548e-01	1.359916e+01	2.447216e+00	5.860295e+00	2.917444e-01	-8.456689e-01	5.247577e-01	9.920170e+00
9.205706e+01	1.586842e-02	-9.402139e-01	1.359903e+01	2.443414e+00	5.852702e+00	2.909838e-01	-8.447698e-01	5.235143e-01	9.920110e+00
9.103482e+01	2.350557e-02	-9.397752e-01	1.358261e+01	2.453982e+00	5.857051e+00	2.922730e-01	-8.433192e-01	5.265672e-01	9.922129e+00
8.985496e+01	2.949301e-02	-9.390588e-01	1.358062e+01	2.453512e+00	5.851216e+00	2.964260e-01	-8.423081e-01	5.276558e-01	9.919399e+00
8.924802e+01	3.425024e-02	-9.385387e-01	1.358246e+01	2.451401e+00	5.842513e+00	2.997215e-01	-8.410652e-01	5.288625e-01	9.922287e+00
8.877278e+01	4.067089e-02	-9.378873e-01	1.357706e+01	2.452867e+00	5.838219e+00	3.032180e-01	-8.401867e-01	5.292595e-01	9.919911e+00
8.880536e+01	4.636353e-02	-9.372562e-01	1.356680e+01	2.459043e+00	5.839090e+00	3.079111e-01	-8.383251e-01	5.398735e-01	9.920544e+00
8.857525e+01	5.177267e-02	-9.372053e-01	1.357064e+01	2.453411e+00	5.827857e+00	3.064454e-01	-8.382485e-01	5.297489e-01	9.920531e+00
8.850867e+01	5.306584e-02	-9.371800e-01	1.359026e+01	2.435244e+00	5.805910e+00	3.054136e-01	-8.378128e-01	5.257813e-01	9.916288e+00
8.862597e+01	5.920908e-02	-9.373487e-01	1.358776e+01	2.432843e+00	5.798245e+00	3.023349e-01	-8.376189e-01	5.167595e-01	9.919786e+00
8.949338e+01	6.353060e-02	-9.377413e-01	1.359578e+01	2.422058e+00	5.782500e+00	2.977702e-01	-8.376253e-01	5.084627e-01	9.924468e+00
8.920533e+01	7.033857e-02	-9.375068e-01	1.358601e+01	2.426090e+00	5.780761e+00	2.976631e-01	-8.366985e-01	5.067892e-01	9.925974e+00
8.873536e+01	7.713037e-02	-9.370341e-01	1.357514e+01	2.433483e+00	5.779330e+00	2.984825e-01	-8.356223e-01	5.046994e-01	9.925728e+00
8.837133e+01	8.355878e-02	-9.366781e-01	1.356589e+01	2.436674e+00	5.777622e+00	2.999149e-01	-8.345045e-01	5.062911e-01	9.926910e+00
8.874291e+01	8.653556e-02	-9.367862e-01	1.357397e+01	2.428376e+00	5.765044e+00	2.979138e-01	-8.347076e-01	4.951681e-01	9.929105e+00
8.816391e+01	9.304621e-02	-9.362819e-01	1.356441e+01	2.433455e+00	5.764181e+00	3.006625e-01	-8.331391e-01	5.005245e-01	9.929506e+00
8.801486e+01	1.009525e-01	-9.361399e-01	1.354941e+01	2.439397e+00	5.766461e+00	3.022069e-01	-8.326682e-01	4.948081e-01	9.936282e+00
8.787762e+01	1.054581e-01	-9.358000e-01	1.354861e+01	2.438814e+00	5.760019e+00	3.032487e-01	-8.309865e-01	5.012826e-01	9.935317e+00
8.784469e+01	1.112397e-01	-9.355248e-01	1.354523e+01	2.438303e+00	5.753832e+00	3.027510e-01	-8.307070e-01	4.933959e-01	9.933368e+00
8.775562e+01	1.142193e-01	-9.355011e-01	1.355020e+01	2.432808e+00	5.743259e+00	3.019979e-01	-8.290045e-01	5.001096e-01	9.934469e+00
8.765531e+01	1.173699e-01	-9.349291e-01	1.355314e+01	2.433010e+00	5.731941e+00	3.061532e-01	-8.284599e-01	4.957573e-01	9.933903e+00
8.761052e+01	1.201111e-01	-9.352695e-01	1.355964e+01	2.424239e+00	5.720270e+00	3.023925e-01	-8.268707e-01	5.014536e-01	9.936811e+00
8.771191e+01	1.207274e-01	-9.352470e-01	1.356696e+01	2.420990e+00	5.708919e+00	3.008782e-01	-8.256407e-01	5.065890e-01	9.935606e+00
8.800843e+01	1.247576e-01	-9.354390e-01	1.356861e+01	2.415127e+00	5.699797e+00	2.984518e-01	-8.244516e-01	5.074203e-01	9.938841e+00
8.777032e+01	1.323229e-01	-9.353151e-01	1.355676e+01	2.417650e+00	5.697648e+00	2.990558e-01	-8.235813e-01	5.078680e-01	9.942468e+00
8.785027e+01	1.353661e-01	-9.352594e-01	1.355852e+01	2.413913e+00	5.688399e+00	2.983057e-01	-8.226520e-01	5.058469e-01	9.943682e+00
8.774285e+01	1.371170e-01	-9.351556e-01	1.355804e+01	2.416453e+00	5.681685e+00	2.988910e-01	-8.219090e-01	5.002860e-01	9.948484e+00
8.760916e+01	1.410708e-01	-9.348989e-01	1.355804e+01	2.414207e+00	5.673603e+00	2.993846e-01	-8.210846e-01	4.983697e-01	9.947491e+00
8.724123e+01	1.468464e-01	-9.342332e-01	1.354458e+01	2.426096e+00	5.673510e+00	3.029760e-01	-8.204232e-01	4.922814e-01	9.949557e+00
8.719735e+01	1.495811e-01	-9.342023e-01	1.355037e+01	2.417759e+00	5.661782e+00	3.020727e-01	-8.195586e-01	4.913229e-01	9.948524e+00
8.863695e+01	1.489965e-01	-9.349675e-01	1.357224e+01	2.397470e+00	5.640848e+00	2.945849e-01	-8.176381e-01	5.005349e-01	9.949637e+00
8.782187e+01	1.531195e-01	-9.344604e-01	1.356982e+01	2.398300e+00	5.635408e+00	2.978791e-01	-8.171502e-01	4.957599e-01	9.947850e+00
8.726200e+01	1.579810e-01	-9.339592e-01	1.355999e+01	2.406316e+00	5.635195e+00	3.001757e-01	-8.167698e-01	4.929451e-01	9.948639e+00
8.696870e+01	1.618799e-01	-9.334990e-01	1.355789e+01	2.406499e+00	5.629109e+00	3.029217e-01	-8.161104e-01	4.886804e-01	9.947445e+00
8.687031e+01	1.642337e-01	-9.331202e-01	1.356368e+01	2.401578e+00	5.617454e+00	3.054750e-01	-8.150912e-01	4.857943e-01	9.945323e+00
8.682004e+01	1.681244e-01	-9.330102e-01	1.356023e+01	2.401984e+00	5.612400e+00	3.050020e-01	-8.144754e-01	4.819368e-01	9.947057e+00
8.679946e+01	1.721057e-01	-9.326641e-01	1.355504e+01	2.406414e+00	5.607355e+00	3.041812e-01	-8.148882e-01	4.686998e-01	9.942789e+00
8.684756e+01	1.753463e-01	-9.328760e-01	1.355521e+01	2.403398e+00	5.600701e+00	3.018632e-01	-8.137623e-01	4.686211e-01	9.947069e+00
8.752532e+01	1.797298e-01	-9.333281e-01	1.356519e+01	2.387861e+00	5.586144e+00	2.979183e-01	-8.137670e-01	4.578448e-01	9.952416e+00
8.733677e+01	1.828784e-01	-9.331622e-01	1.356002e+01	2.391015e+00	5.583411e+00	2.979992e-01	-8.121271e-01	4.622671e-01	9.954221e+00
8.667630e+01	1.852820e-01	-9.323072e-01	1.354682e+01	2.407210e+00	5.587736e+00	3.032256e-01	-8.116774e-01	4.565860e-01	9.952178e+00
8.662632e+01	1.884609e-01	-9.322573e-01	1.354899e+01	2.404542e+00	5.580709e+00	3.024966e-01	-8.098046e-01	4.632000e-01	9.954495e+00
8.655397e+01	1.920201e-01	-9.319541e-01	1.354615e+01	2.408091e+00	5.575662e+00	3.035319e-01	-8.085594e-01	4.666420e-01	9.958846e+00
8.664304e+01	1.942172e-01	-9.321535e-01	1.355093e+01	2.402319e+00	5.566550e+00	3.007522e-01	-8.070086e-01	4.699604e-01	9.960759e+00
8.684006e+01	1.987401e-01	-9.322758e-01	1.354437e+01	2.401468e+00	5.564968e+00	2.979423e-01	-8.051556e-01	4.733474e-01	9.960175e+00
8.704973e+01	2.001596e-01	-9.323110e-01	1.354921e+01	2.397359e+00	5.554702e+00	2.965979e-01	-8.040781e-01	4.735939e-01	9.962282e+00
8.715901e+01	2.057937e-01	-9.321694e-01	1.353575e+01	2.405797e+00	5.554141e+00	2.946940e-01	-8.022034e-01	4.808755e-01	9.964041e+00
8.693858e+01	2.062726e-01	-9.319353e-01	1.354142e+01	2.401525e+00	5.543324e+00	2.961351e-01	-8.016446e-01	4.756864e-01	9.964528e+00
8.715105e+01	2.068553e-01	-9.320227e-01	1.355802e+01	2.385770e+00	5.526114e+00	2.965560e-01	-7.999763e-01	4.801206e-01	9.967073e+00
8.665155e+01	2.085179e-01	-9.315376e-01	1.355582e+01	2.388703e+00	5.520292e+00	2.991384e-01	-7.998224e-01	4.715370e-01	9.966473e+00
8.650289e+01	2.131595e-01	-9.312594e-01	1.354265e+01	2.398776e+00	5.521090e+00	2.989293e-01	-8.006390e-01	4.535492e-01	9.967813e+00
8.629464e+01	2.140965e-01	-9.308612e-01	1.354466e+01	2.398216e+00	5.513353e+00	3.011436e-01	-7.998225e-01	4.504634e-01	9.966924e+00
8.647542e+01	2.138351e-01	-9.309140e-01	1.355450e+01	2.391264e+00	5.499726e+00	2.995276e-01	-7.989426e-01	4.453290e-01	9.969763e+00
8.627926e+01	2.155937e-01	-9.305735e-01	1.355364e+01	2.392345e+00	5.494298e+00	3.010878e-01	-7.979393e-01	4.448377e-01	9.968613e+00
8.731485e+01	2.152441e-01	-9.312894e-01	1.356843e+01	2.380526e+00	5.478610e+00	2.958083e-01	-7.969544e-01	4.467304e-01	9.977183e+00
8.656041e+01	2.182498e-01	-9.307051e-01	1.356086e+01	2.386890e+00	5.477411e+00	2.986990e-01	-7.957862e-01	4.466491e-01	9.974139e+00
8.744660e+01	2.190558e-01	-9.311342e-01	1.356769e+01	2.378618e+00	5.465978e+00	2.948093e-01	-7.943426e-01	4.457409e-01	9.978262e+00
8.624218e+01	2.229755e-01	-9.302318e-01	1.355555e+01	2.389722e+00	5.468036e+00	3.001814e-01	-7.932673e-01	4.460002e-01	9.974850e+00
8.652196e+01	2.274280e-01	-9.287943e-01	1.354042e+01	2.402023e+00	5.472939e+00	3.099349e-01	-7.924743e-01	4.465143e-01	9.967457e+00
8.626646e+01	2.293960e-01	-9.289032e-01	1.353886e+01	2.403817e+00	5.467466e+00	3.078005e-01	-7.915511e-01	4.439879e-01	9.970054e+00
8.622976e+01	2.322848e-01	-9.289949e-01	1.353773e+01	2.403254e+00	5.461435e+00	3.079484e-01	-7.916696e-01	4.317362e-01	9.975063e+00
8.601646e+01	2.323624e-01	-9.296668e-01	1.354526e+01	2.396941e+00	5.450541e+00	3.008831e-01	-7.904803e-01	4.314196e-01	9.978864e+00
8.839475e+01	2.291358e-01	-9.306914e-01	1.357875e+01	2.372194e+00	5.422783e+00	2.912584e-01	-7.884613e-01	4.375790e-01	9.983723e+00
8.779268e+01	2.313998e-01	-9.303967e-01	1.357253e+01	2.377271e+00	5.420874e+00	2.923708e-01	-7.874443e-01	4.364026e-01	9.983596e+00
8.651134e+01	2.381467e-01	-9.297361e-01	1.354346e+01	2.398402e+00	5.432288e+00	2.953365e-01	-7.874595e-01	4.277222e-01	9.986545e+00
8.610204e+01	2.390950e-01	-9.292679e-01	1.354195e+01	2.399361e+00	5.426681e+00	2.978378e-01	-7.860457e-01	4.296379e-01	9.983892e+00
8.621589e+01	2.382680e-01	-9.293053e-01	1.355167e+01	2.392132e+00	5.413909e+00	2.973855e-01	-7.849483e-01	4.308067e-01	9.984378e+00
8.587836e+01	2.397947e-01	-9.287872e-01	1.354855e+01	2.395210e+00	5.409984e+00	2.999029e-01	-7.836617e-01	4.311210e-01	9.981928e+00
8.593589e+01	2.382596e-01	-9.287252e-01	1.355548e+01	2.390554e+00	5.400990e+00	2.993531e-01	-7.825251e-01	4.279029e-01	9.979337e+00
8.577244e+01	2.405141e-01	-9.283618e-01	1.355178e+01	2.393736e+00	5.397249e+00	3.007441e-01	-7.814164e-01	4.276629e-01	9.978767e+00
8.577336e+01	2.423976e-01	-9.279710e-01	1.353937e+01	2.407678e+00	5.399429e+00	3.032111e-01	-7.814559e-01	4.184926e-01	9.982281e+00
8.572138e+01	2.435354e-01	-9.280988e-01	1.354318e+01	2.401923e+00	5.389721e+00	3.005612e-01	-7.801249e-01	4.193213e-01	9.982715e+00
8.576743e+01	2.454273e-01	-9.282946e-01	1.354484e+01	2.396128e+00	5.382802e+00	2.996333e-01	-7.774497e-01	4.296230e-01	9.988083e+00
8.603284e+01	2.459502e-01	-9.283982e-01	1.354969e+01	2.391931e+00	5.373176e+00	2.967910e-01	-7.767930e-01	4.245364e-01	9.987691e+00
8.626317e+01	2.476741e-01	-9.283908e-01	1.355158e+01	2.387105e+00	5.366408e+00	2.953840e-01	-7.748444e-01	4.293866e-01	9.990451e+00
8.622528e+01	2.485057e-01	-9.281960e-01	1.355281e+01	2.387497e+00	5.359432e+00	2.952165e-01	-7.745386e-01	4.217577e-01	9.988516e+00
8.562134e+01	2.518741e-01	-9.273802e-01	1.354966e+01	2.386657e+00	5.354032e+00	2.995884e-01	-7.751040e-01	4.075017e-01	9.978744e+00
8.567026e+01	2.522956e-01	-9.273702e-01	1.355042e+01	2.388784e+00	5.348432e+00	2.984638e-01	-7.742244e-01	4.040955e-01	9.979542e+00
8.564617e+01	2.518392e-01	-9.271152e-01	1.355315e+01	2.394647e+00	5.341086e+00	2.978865e-01	-7.725758e-01	4.062136e-01	9.977726e+00
8.573661e+01	2.528737e-01	-9.271643e-01	1.355312e+01	2.394434e+00	5.336207e+00	2.966999e-01	-7.718280e-01	4.018980e-01	9.979586e+00
8.549696e+01	2.533896e-01	-9.266151e-01	1.355078e+01	2.398846e+00	5.334719e+00	2.994591e-01	-7.720745e-01	3.914921e-01	9.977162e+00
8.569184e+01	2.543611e-01	-9.268933e-01	1.355257e+01	2.396601e+00	5.327710e+00	2.964770e-01	-7.708239e-01	3.904376e-01	9.979769e+00
8.553473e+01	2.516819e-01	-9.268083e-01	1.355572e+01	2.400894e+00	5.322909e+00	2.990775e-01	-7.702845e-01	3.847984e-01	9.987500e+00
8.581287e+01	2.536730e-01	-9.270127e-01	1.355605e+01	2.397913e+00	5.315834e+00	2.957036e-01	-7.687970e-01	3.854632e-01	9.988281e+00
8.578564e+01	2.573635e-01	-9.269556e-01	1.355214e+01	2.395136e+00	5.311483e+00	2.956795e-01	-7.682441e-01	3.790864e-01	9.988536e+00
8.594713e+01	2.584427e-01	-9.269225e-01	1.355272e+01	2.395238e+00	5.305460e+00	2.941119e-01	-7.665305e-01	3.813953e-01	9.988973e+00
