# loss | a0 ... a4
2.904953e+02	1.911200e+00	-9.660000e-01	1.526480e+01	1.544400e+00
1.563927e+02	1.770240e+00	-8.250397e-01	1.512384e+01	1.685360e+00
1.797169e+02	1.888625e+00	-9.316126e-01	1.497958e+01	1.818721e+00
1.570263e+02	2.044177e+00	-9.242513e-01	1.481812e+01	1.974135e+00
1.307642e+02	2.011479e+00	-8.375611e-01	1.471358e+01	2.101550e+00
1.681722e+02	1.882213e+00	-8.107294e-01	1.462208e+01	2.226379e+00
1.551046e+02	1.829319e+00	-9.338956e-01	1.457242e+01	2.265691e+00
1.884110e+02	1.981739e+00	-9.449028e-01	1.441506e+01	2.403263e+00
1.739518e+02	1.852013e+00	-8.488088e-01	1.442685e+01	2.533361e+00
1.112639e+02	1.641794e+00	-8.613859e-01	1.461262e+01	2.440824e+00
1.057047e+02	1.569071e+00	-8.889991e-01	1.464052e+01	2.467716e+00
1.203582e+02	1.581223e+00	-9.167827e-01	1.459104e+01	2.542138e+00
1.229600e+02	1.657311e+00	-8.731422e-01	1.447982e+01	2.663246e+00
1.515888e+02	1.688133e+00	-8.681509e-01	1.440487e+01	2.727505e+00
1.184560e+02	1.456442e+00	-9.185642e-01	1.460192e+01	2.622042e+00
1.003662e+02	1.436220e+00	-8.764390e-01	1.459701e+01	2.694201e+00
1.013230e+02	1.437762e+00	-8.967598e-01	1.457537e+01	2.747366e+00
1.052570e+02	1.460486e+00	-8.800754e-01	1.451926e+01	2.832896e+00
1.037389e+02	1.442230e+00	-9.033817e-01	1.451767e+01	2.858649e+00
1.006724e+02	1.410342e+00	-8.921982e-01	1.452518e+01	2.901321e+00
1.040505e+02	1.416901e+00	-9.009570e-01	1.448991e+01	2.958971e+00
9.785856e+01	1.347179e+00	-8.940644e-01	1.452514e+01	2.998245e+00
1.004344e+02	1.353880e+00	-8.907601e-01	1.450227e+01	3.044362e+00
9.166047e+01	1.226607e+00	-8.877660e-01	1.459222e+01	3.041856e+00
9.485723e+01	1.249834e+00	-9.090786e-01	1.456395e+01	3.082578e+00
9.615959e+01	1.277782e+00	-9.100257e-01	1.452294e+01	3.133828e+00
9.889859e+01	1.275540e+00	-8.903102e-01	1.449266e+01	3.204818e+00
9.364852e+01	1.224126e+00	-8.937450e-01	1.450892e+01	3.212092e+00
9.502620e+01	1.176376e+00	-9.186039e-01	1.452389e+01	3.224535e+00
1.288086e+02	1.268363e+00	-8.751495e-01	1.440971e+01	3.368549e+00
2.301006e+02	9.750757e-01	-9.779784e-01	1.464502e+01	3.160360e+00
1.908172e+02	9.755927e-01	-8.051955e-01	1.460924e+01	3.262408e+00
2.617251e+02	8.596070e-01	-9.826062e-01	1.469851e+01	3.139776e+00
2.507190e+02	9.233610e-01	-7.831246e-01	1.462558e+01	3.272183e+00
9.792201e+01	8.537008e-01	-8.635093e-01	1.469776e+01	3.167031e+00
1.055275e+02	8.354090e-01	-9.171560e-01	1.471525e+01	3.127877e+00
9.359674e+01	8.944937e-01	-9.084698e-01	1.465690e+01	3.185179e+00
8.654991e+01	9.589663e-01	-8.854295e-01	1.458266e+01	3.261482e+00
8.942292e+01	1.006309e+00	-8.804149e-01	1.453502e+01	3.296949e+00
8.945155e+01	1.045093e+00	-8.855479e-01	1.449486e+01	3.325288e+00
8.995396e+01	1.018048e+00	-9.174211e-01	1.450939e+01	3.314349e+00
8.756496e+01	1.055609e+00	-9.010711e-01	1.445038e+01	3.379158e+00
8.691380e+01	1.037492e+00	-9.073751e-01	1.445855e+01	3.372929e+00
9.029103e+01	1.082282e+00	-9.163057e-01	1.441081e+01	3.412117e+00
9.164983e+01	1.017684e+00	-9.249183e-01	1.445366e+01	3.400750e+00
9.256057e+01	1.071483e+00	-8.998926e-01	1.438439e+01	3.464467e+00
8.484025e+01	9.704336e-01	-9.095049e-01	1.445590e+01	3.437687e+00
9.129665e+01	1.000076e+00	-9.280352e-01	1.441759e+01	3.477353e+00
8.498072e+01	9.689409e-01	-9.137092e-01	1.442984e+01	3.487495e+00
8.348593e+01	9.282496e-01	-9.065605e-01	1.444561e+01	3.490806e+00
8.460359e+01	9.536714e-01	-9.108960e-01	1.441065e+01	3.515797e+00
8.645425e+01	9.171928e-01	-9.218154e-01	1.443478e+01	3.493047e+00
8.634273e+01	9.663530e-01	-9.047086e-01	1.437909e+01	3.556308e+00
9.672642e+01	1.005736e+00	-8.948483e-01	1.433424e+01	3.591839e+00
1.062478e+02	8.730479e-01	-9.448083e-01	1.442655e+01	3.523427e+00
8.237729e+01	8.683129e-01	-9.123920e-01	1.441653e+01	3.560414e+00
8.481164e+01	8.998756e-01	-9.000594e-01	1.437439e+01	3.589016e+00
8.283224e+01	8.808292e-01	-9.147588e-01	1.436802e+01	3.597539e+00
8.505730e+01	8.787161e-01	-9.247739e-01	1.436195e+01	3.590983e+00
9.362078e+01	9.410655e-01	-8.984862e-01	1.429010e+01	3.651624e+00
9.316641e+01	7.916711e-01	-9.346915e-01	1.440286e+01	3.575784e+00
8.787146e+01	8.080025e-01	-8.870875e-01	1.437874e+01	3.627382e+00
8.476019e+01	7.855741e-01	-8.906364e-01	1.438574e+01	3.622169e+00
9.160116e+01	7.703854e-01	-9.334099e-01	1.439491e+01	3.589938e+00
8.211092e+01	8.074319e-01	-9.204259e-01	1.435078e+01	3.629254e+00
9.165617e+01	7.967782e-01	-9.366318e-01	1.434862e+01	3.624434e+00
9.323333e+01	8.692836e-01	-8.947409e-01	1.426889e+01	3.704136e+00
1.002479e+02	7.170086e-01	-9.421891e-01	1.438064e+01	3.622946e+00
9.570462e+01	7.840560e-01	-8.821581e-01	1.430838e+01	3.699938e+00
8.028645e+01	7.378798e-01	-9.168126e-01	1.433019e+01	3.682259e+00
8.059860e+01	7.525063e-01	-9.193211e-01	1.430912e+01	3.688335e+00
9.123844e+01	8.336874e-01	-8.992232e-01	1.422749e+01	3.748692e+00
9.518814e+01	7.024142e-01	-9.406378e-01	1.432950e+01	3.665024e+00
8.204216e+01	7.288119e-01	-8.999994e-01	1.429091e+01	3.713574e+00
8.415946e+01	7.310797e-01	-9.302873e-01	1.428635e+01	3.696029e+00
8.421702e+01	7.798765e-01	-9.038596e-01	1.424240e+01	3.737731e+00
8.466870e+01	7.374587e-01	-9.327974e-01	1.426119e+01	3.720659e+00
8.457886e+01	7.639047e-01	-9.028806e-01	1.423152e+01	3.757042e+00
8.156086e+01	7.314599e-01	-9.275891e-01	1.424225e+01	3.748140e+00
8.475982e+01	7.928435e-01	-9.187338e-01	1.417038e+01	3.807083e+00
9.128748e+01	6.978330e-01	-9.427478e-01	1.423929e+01	3.751910e+00
8.642753e+01	7.323826e-01	-9.384477e-01	1.420322e+01	3.768430e+00
1.065183e+02	7.516262e-01	-8.840314e-01	1.416651e+01	3.829501e+00
9.440194e+01	6.293965e-01	-9.448353e-01	1.424218e+01	3.768195e+00
8.017298e+01	6.639065e-01	-9.093561e-01	1.420042e+01	3.814359e+00
8.350422e+01	7.250148e-01	-9.125421e-01	1.415107e+01	3.846354e+00
9.414192e+01	6.227646e-01	-9.459154e-01	1.422118e+01	3.789948e+00
7.952328e+01	6.224303e-01	-9.073334e-01	1.421465e+01	3.814297e+00
9.376330e+01	6.778691e-01	-8.907787e-01	1.416743e+01	3.853944e+00
1.313978e+02	5.733986e-01	-9.682030e-01	1.423047e+01	3.783225e+00
1.074508e+02	6.778408e-01	-8.817883e-01	1.413992e+01	3.891049e+00
8.121189e+01	5.601181e-01	-9.264074e-01	1.423713e+01	3.794298e+00
7.863248e+01	6.032825e-01	-9.201644e-01	1.420618e+01	3.814369e+00
