# loss | a0 ... a4
5.535974e+02	-3.550000e-01	-6.975000e-01	1.409000e+01	2.057500e+00
4.845603e+02	-3.427556e-01	-7.097444e-01	1.407776e+01	2.045256e+00
4.321043e+02	-3.380870e-01	-7.202151e-01	1.408503e+01	2.033324e+00
3.906126e+02	-3.296682e-01	-7.293727e-01	1.408247e+01	2.024319e+00
3.584303e+02	-3.189899e-01	-7.371325e-01	1.407129e+01	2.019276e+00
3.213504e+02	-3.101359e-01	-7.470040e-01	1.405936e+01	2.014934e+00
3.045817e+02	-2.984004e-01	-7.517836e-01	1.404660e+01	2.010098e+00
2.883398e+02	-2.875298e-01	-7.566923e-01	1.403359e+01	2.005584e+00
2.651044e+02	-2.776227e-01	-7.643362e-01	1.402087e+01	2.003717e+00
2.463386e+02	-2.674627e-01	-7.710978e-01	1.400768e+01	2.002169e+00
2.325852e+02	-2.566462e-01	-7.764343e-01	1.399311e+01	2.002041e+00
2.234400e+02	-2.454284e-01	-7.801595e-01	1.397802e+01	2.001578e+00
2.081614e+02	-2.353475e-01	-7.869049e-01	1.396675e+01	2.003427e+00
1.941806e+02	-2.245688e-01	-7.936803e-01	1.395128e+01	2.009123e+00
1.879070e+02	-2.137626e-01	-7.968876e-01	1.394025e+01	2.010609e+00
1.771209e+02	-2.051710e-01	-8.031038e-01	1.393074e+01	2.009137e+00
1.726168e+02	-1.923310e-01	-8.055919e-01	1.391506e+01	2.019578e+00
1.691087e+02	-1.807343e-01	-8.075492e-01	1.390037e+01	2.028091e+00
1.611053e+02	-1.702703e-01	-8.129535e-01	1.388716e+01	2.033111e+00
1.567111e+02	-1.610214e-01	-8.160827e-01	1.387672e+01	2.036497e+00
1.508183e+02	-1.485527e-01	-8.203747e-01	1.386115e+01	2.047932e+00
1.453657e+02	-1.383243e-01	-8.247626e-01	1.384880e+01	2.057959e+00
1.422378e+02	-1.262634e-01	-8.271636e-01	1.383473e+01	2.066701e+00
1.393450e+02	-1.135598e-01	-8.293703e-01	1.382093e+01	2.079266e+00
1.356854e+02	-1.036830e-01	-8.328448e-01	1.380981e+01	2.086772e+00
1.313170e+02	-9.385754e-02	-8.377576e-01	1.379981e+01	2.092818e+00
1.298888e+02	-8.153000e-02	-8.384964e-01	1.378530e+01	2.107487e+00
1.264436e+02	-6.813667e-02	-8.423289e-01	1.377018e+01	2.120848e+00
1.252784e+02	-5.874643e-02	-8.430668e-01	1.375869e+01	2.131285e+00
1.235277e+02	-4.831777e-02	-8.448098e-01	1.374698e+01	2.140915e+00
1.213411e+02	-3.638898e-02	-8.470764e-01	1.373097e+01	2.154365e+00
1.188466e+02	-2.386794e-02	-8.503056e-01	1.371681e+01	2.167751e+00
1.174462e+02	-1.377159e-02	-8.516533e-01	1.370471e+01	2.178858e+00
1.166317e+02	-3.533937e-03	-8.514665e-01	1.369215e+01	2.191244e+00
1.143091e+02	8.430221e-03	-8.547400e-01	1.367751e+01	2.202953e+00
1.129361e+02	2.335513e-02	-8.548350e-01	1.365896e+01	2.221030e+00
1.108907e+02	3.047520e-02	-8.579270e-01	1.365076e+01	2.225684e+00
1.088922e+02	4.365569e-02	-8.600972e-01	1.363565e+01	2.238491e+00
1.076896e+02	5.156823e-02	-8.613977e-01	1.362635e+01	2.248334e+00
1.063062e+02	6.108490e-02	-8.626669e-01	1.361520e+01	2.263589e+00
1.049555e+02	7.171682e-02	-8.644642e-01	1.360439e+01	2.271490e+00
1.037688e+02	7.863873e-02	-8.664380e-01	1.359579e+01	2.281706e+00
1.024477e+02	9.171175e-02	-8.672039e-01	1.358086e+01	2.294813e+00
1.015072e+02	1.012918e-01	-8.666813e-01	1.356860e+01	2.311401e+00
1.002060e+02	1.113179e-01	-8.694213e-01	1.355785e+01	2.318016e+00
9.905214e+01	1.212418e-01	-8.708396e-01	1.354548e+01	2.329827e+00
9.813044e+01	1.299152e-01	-8.715840e-01	1.353540e+01	2.340921e+00
9.714588e+01	1.396358e-01	-8.715493e-01	1.352409e+01	2.355664e+00
9.633872e+01	1.465419e-01	-8.732479e-01	1.351584e+01	2.363761e+00
9.571911e+01	1.493101e-01	-8.749671e-01	1.350987e+01	2.374448e+00
9.471539e+01	1.615082e-01	-8.748354e-01	1.349745e+01	2.386110e+00
9.398688e+01	1.692213e-01	-8.747775e-01	1.348899e+01	2.397090e+00
9.322309e+01	1.757032e-01	-8.759938e-01	1.347962e+01	2.407912e+00
9.254333e+01	1.837908e-01	-8.763122e-01	1.347091e+01	2.416575e+00
9.187547e+01	1.875251e-01	-8.772313e-01	1.346197e+01	2.428742e+00
9.126974e+01	1.937143e-01	-8.775767e-01	1.345313e+01	2.437150e+00
9.065597e+01	1.969935e-01	-8.783252e-01	1.344458e+01	2.449180e+00
9.040201e+01	1.961096e-01	-8.798451e-01	1.343972e+01	2.456001e+00
8.959624e+01	2.047843e-01	-8.793271e-01	1.342966e+01	2.469130e+00
8.911553e+01	2.121455e-01	-8.802180e-01	1.342187e+01	2.474987e+00
8.865076e+01	2.114600e-01	-8.801143e-01	1.341594e+01	2.488071e+00
8.829617e+01	2.092697e-01	-8.798400e-01	1.341180e+01	2.500013e+00
8.787081e+01	2.149422e-01	-8.809179e-01	1.340483e+01	2.506598e+00
8.813448e+01	2.058789e-01	-8.827426e-01	1.340760e+01	2.509725e+00
8.718757e+01	2.176447e-01	-8.817189e-01	1.339488e+01	2.523738e+00
8.677568e+01	2.171584e-01	-8.815553e-01	1.338944e+01	2.535774e+00
8.649876e+01	2.203519e-01	-8.822791e-01	1.338455e+01	2.541198e+00
8.676593e+01	2.137142e-01	-8.837883e-01	1.338631e+01	2.540201e+00
8.594137e+01	2.208064e-01	-8.830913e-01	1.337468e+01	2.556189e+00
8.523193e+01	2.296197e-01	-8.814530e-01	1.336231e+01	2.569748e+00
8.543345e+01	2.194760e-01	-8.837875e-01	1.336560e+01	2.571363e+00
8.536227e+01	2.104539e-01	-8.832573e-01	1.336649e+01	2.580542e+00
8.504008e+01	2.164645e-01	-8.845322e-01	1.335912e+01	2.585787e+00
8.452861e+01	2.237247e-01	-8.846060e-01	1.335024e+01	2.595258e+00
8.457805e+01	2.158298e-01	-8.851464e-01	1.335122e+01	2.600298e+00
8.432363e+01	2.228718e-01	-8.859962e-01	1.334390e+01	2.602875e+00
8.419570e+01	2.130085e-01	-8.856438e-01	1.334471e+01	2.614131e+00
8.441728e+01	2.017518e-01	-8.863501e-01	1.334733e+01	2.617824e+00
8.376381e+01	2.093935e-01	-8.858635e-01	1.333708e+01	2.629015e+00
8.385940e+01	2.074999e-01	-8.870909e-01	1.333716e+01	2.630843e+00
8.332842e+01	2.088175e-01	-8.862922e-01	1.332963e+01	2.643172e+00
8.289602e+01	2.151416e-01	-8.872505e-01	1.331975e+01	2.652804e+00
8.290286e+01	2.063288e-01	-8.866018e-01	1.332133e+01	2.657331e+00
8.276492e+01	2.013273e-01	-8.872172e-01	1.331802e+01	2.666011e+00
8.257414e+01	2.020073e-01	-8.869293e-01	1.331450e+01	2.670018e+00
8.279444e+01	1.970796e-01	-8.883943e-01	1.331454e+01	2.669432e+00
8.227249e+01	1.993675e-01	-8.875484e-01	1.330757e+01	2.681383e+00
8.169116e+01	2.069783e-01	-8.874657e-01	1.329736e+01	2.694622e+00
8.196554e+01	1.956846e-01	-8.878213e-01	1.330193e+01	2.694112e+00
8.273141e+01	1.806702e-01	-8.898141e-01	1.330981e+01	2.689145e+00
8.176296e+01	1.908334e-01	-8.880734e-01	1.329782e+01	2.704366e+00
8.190056e+01	1.822442e-01	-8.879515e-01	1.330009e+01	2.706542e+00
8.142333e+01	1.887711e-01	-8.882967e-01	1.329045e+01	2.716059e+00
8.098259e+01	1.962929e-01	-8.877014e-01	1.328228e+01	2.723550e+00
8.119331e+01	1.859524e-01	-8.887775e-01	1.328504e+01	2.726030e+00
8.052969e+01	2.014856e-01	-8.901588e-01	1.326703e+01	2.737236e+00
8.099452e+01	1.817732e-01	-8.894846e-01	1.327933e+01	2.736441e+00
8.106139e+01	1.728036e-01	-8.896237e-01	1.328099e+01	2.743341e+00
8.081795e+01	1.767454e-01	-8.895484e-01	1.327597e+01	2.746453e+00
8.176866e+01	1.625104e-01	-8.915097e-01	1.328638e+01	2.736929e+00
8.065939e+01	1.744180e-01	-8.898582e-01	1.327234e+01	2.754190e+00
8.040416e+01	1.682524e-01	-8.886703e-01	1.327010e+01	2.766924e+00
8.032885e+01	1.734659e-01	-8.898450e-01	1.326554e+01	2.765081e+00
8.027148e+01	1.719425e-01	-8.913221e-01	1.326094e+01	2.771865e+00
8.010920e+01	1.719905e-01	-8.905430e-01	1.325874e+01	2.773871e+00
7.958829e+01	1.830251e-01	-8.894947e-01	1.324777e+01	2.778915e+00
7.993965e+01	1.682558e-01	-8.906599e-01	1.325375e+01	2.781507e+00
7.998615e+01	1.657495e-01	-8.910662e-01	1.325405e+01	2.783668e+00
7.986146e+01	1.644753e-01	-8.915335e-01	1.324997e+01	2.789625e+00
8.026043e+01	1.606525e-01	-8.933154e-01	1.325226e+01	2.787619e+00
7.966133e+01	1.634002e-01	-8.923157e-01	1.324317e+01	2.798598e+00
7.982310e+01	1.604381e-01	-8.940486e-01	1.323984e+01	2.802246e+00
7.929672e+01	1.623051e-01	-8.919134e-01	1.323589e+01	2.809318e+00
7.950569e+01	1.495712e-01	-8.912002e-01	1.324114e+01	2.813006e+00
7.910024e+01	1.588906e-01	-8.916695e-01	1.323109e+01	2.817274e+00
7.936353e+01	1.519830e-01	-8.918932e-01	1.323407e+01	2.813698e+00
7.893843e+01	1.574283e-01	-8.918964e-01	1.322621e+01	2.823786e+00
7.875459e+01	1.633209e-01	-8.920395e-01	1.322108e+01	2.824128e+00
7.886226e+01	1.550094e-01	-8.927795e-01	1.322201e+01	2.830629e+00
7.887108e+01	1.522445e-01	-8.935659e-01	1.321950e+01	2.835124e+00
7.869602e+01	1.515625e-01	-8.927638e-01	1.321750e+01	2.838713e+00
7.837013e+01	1.500482e-01	-8.918307e-01	1.321143e+01	2.849175e+00
7.862707e+01	1.482906e-01	-8.934345e-01	1.321271e+01	2.844739e+00
7.889652e+01	1.385380e-01	-8.937678e-01	1.321619e+01	2.846528e+00
7.861108e+01	1.458074e-01	-8.944469e-01	1.320875e+01	2.850926e+00
7.856398e+01	1.412159e-01	-8.942248e-01	1.320734e+01	2.855479e+00
7.849238e+01	1.448168e-01	-8.952705e-01	1.320287e+01	2.858698e+00
7.804282e+01	1.543446e-01	-8.950103e-01	1.319414e+01	2.863448e+00
7.824632e+01	1.434291e-01	-8.949382e-01	1.319802e+01	2.866244e+00
7.839219e+01	1.311389e-01	-8.945726e-01	1.320166e+01	2.873768e+00
7.825042e+01	1.393352e-01	-8.957657e-01	1.319474e+01	2.873664e+00
7.778566e+01	1.450376e-01	-8.955743e-01	1.318562e+01	2.883211e+00
7.816380e+01	1.386270e-01	-8.966929e-01	1.318838e+01	2.880655e+00
7.867746e+01	1.304416e-01	-8.984012e-01	1.319073e+01	2.883283e+00
7.811573e+01	1.367567e-01	-8.976551e-01	1.318270e+01	2.888798e+00
7.793436e+01	1.370537e-01	-8.970305e-01	1.318131e+01	2.890910e+00
7.795296e+01	1.365200e-01	-8.981661e-01	1.317689e+01	2.897212e+00
7.807046e+01	1.309492e-01	-8.987041e-01	1.317554e+01	2.901619e+00
7.789945e+01	1.351461e-01	-8.992320e-01	1.317022e+01	2.906479e+00
7.745504e+01	1.375919e-01	-8.985745e-01	1.316448e+01	2.915602e+00
7.777491e+01	1.340273e-01	-9.000597e-01	1.316503e+01	2.915160e+00
7.798612e+01	1.282579e-01	-9.016438e-01	1.316366e+01	2.915817e+00
7.771141e+01	1.309823e-01	-9.008956e-01	1.315962e+01	2.919839e+00
7.761958e+01	1.340673e-01	-9.009559e-01	1.315647e+01	2.918352e+00
7.760889e+01	1.291145e-01	-9.011132e-01	1.315541e+01	2.924649e+00
7.729731e+01	1.263090e-01	-8.996141e-01	1.315134e+01	2.934852e+00
7.739533e+01	1.273254e-01	-9.014192e-01	1.314906e+01	2.934657e+00
7.723907e+01	1.205674e-01	-8.999144e-01	1.314798e+01	2.945394e+00
7.709628e+01	1.257540e-01	-8.997776e-01	1.314372e+01	2.940820e+00
7.756422e+01	1.187214e-01	-9.018747e-01	1.314739e+01	2.935598e+00
7.701546e+01	1.248102e-01	-9.005301e-01	1.313799e+01	2.947027e+00
7.730827e+01	1.194743e-01	-9.022807e-01	1.313833e+01	2.942194e+00
7.659677e+01	1.224277e-01	-8.988204e-01	1.313233e+01	2.953395e+00
7.612543e+01	1.203963e-01	-8.954448e-01	1.312867e+01	2.964142e+00
7.661594e+01	1.177474e-01	-8.988686e-01	1.313077e+01	2.956615e+00
7.646191e+01	1.084507e-01	-8.976183e-01	1.313026e+01	2.968840e+00
7.661325e+01	1.135392e-01	-8.988174e-01	1.312878e+01	2.959407e+00
7.669539e+01	1.053846e-01	-8.975765e-01	1.313244e+01	2.958069e+00
7.674732e+01	1.116102e-01	-8.998640e-01	1.312613e+01	2.961182e+00
7.751699e+01	9.356955e-02	-9.007863e-01	1.313672e+01	2.957825e+00
7.685469e+01	1.082172e-01	-9.011503e-01	1.312181e+01	2.962316e+00
7.632184e+01	1.168272e-01	-8.992667e-01	1.311537e+01	2.963426e+00
7.669565e+01	1.082881e-01	-9.017315e-01	1.311568e+01	2.968002e+00
7.755025e+01	9.271077e-02	-9.035757e-01	1.312524e+01	2.960618e+00
7.674764e+01	1.046212e-01	-9.025248e-01	1.311319e+01	2.970379e+00
7.719384e+01	9.212582e-02	-9.023771e-01	1.312004e+01	2.967789e+00
7.653990e+01	1.037370e-01	-9.007901e-01	1.310800e+01	2.974248e+00
7.592914e+01	1.071611e-01	-8.980046e-01	1.310366e+01	2.980430e+00
7.641774e+01	1.032384e-01	-9.010232e-01	1.310310e+01	2.978590e+00
7.569716e+01	1.086711e-01	-8.975916e-01	1.309716e+01	2.987021e+00
7.643649e+01	9.774978e-02	-9.003866e-01	1.310340e+01	2.979691e+00
7.585306e+01	9.798322e-02	-8.982876e-01	1.309640e+01	2.993758e+00
7.651219e+01	9.473419e-02	-9.013104e-01	1.310112e+01	2.982435e+00
7.699455e+01	8.599385e-02	-9.033354e-01	1.310511e+01	2.978300e+00
7.648223e+01	9.353922e-02	-9.023401e-01	1.309614e+01	2.983128e+00
7.716423e+01	8.871790e-02	-9.056416e-01	1.309808e+01	2.977276e+00
7.628403e+01	9.487929e-02	-9.021644e-01	1.309019e+01	2.987394e+00
7.548674e+01	1.004419e-01	-8.984077e-01	1.308022e+01	3.001024e+00
7.601331e+01	9.417953e-02	-9.003113e-01	1.308612e+01	2.992434e+00
7.614628e+01	9.716946e-02	-9.011080e-01	1.308564e+01	2.986397e+00
7.596583e+01	9.010786e-02	-8.997177e-01	1.308376e+01	2.992651e+00
7.556041e+01	9.871368e-02	-8.986754e-01	1.307673e+01	2.993166e+00
7.593136e+01	8.666068e-02	-8.991802e-01	1.308230e+01	2.993522e+00
7.672293e+01	7.340739e-02	-9.006420e-01	1.309063e+01	2.986601e+00
7.591093e+01	8.377944e-02	-8.985585e-01	1.307994e+01	2.990556e+00
7.619704e+01	8.321161e-02	-9.003953e-01	1.307982e+01	2.988436e+00
7.596211e+01	8.454450e-02	-8.998322e-01	1.307582e+01	2.992075e+00
7.589390e+01	8.035820e-02	-8.981704e-01	1.307738e+01	2.990905e+00
7.582703e+01	8.343176e-02	-8.990741e-01	1.307308e+01	2.993090e+00
7.545692e+01	9.029818e-02	-8.970743e-01	1.306837e+01	2.993029e+00
7.583128e+01	8.116909e-02	-8.988757e-01	1.307153e+01	2.992447e+00
7.699784e+01	6.668897e-02	-9.036108e-01	1.308215e+01	2.982659e+00
7.593980e+01	7.909197e-02	-8.998431e-01	1.306989e+01	2.995044e+00
7.578293e+01	7.243209e-02	-8.977912e-01	1.307011e+01	3.002868e+00
7.568854e+01	7.934669e-02	-8.986737e-01	1.306560e+01	2.997719e+00
7.659296e+01	6.703450e-02	-9.010931e-01	1.307486e+01	2.986950e+00
7.559518e+01	7.826217e-02	-8.979599e-01	1.306262e+01	2.997847e+00
7.602480e+01	6.953844e-02	-8.987654e-01	1.306875e+01	2.992769e+00
7.554734e+01	7.760839e-02	-8.975943e-01	1.306048e+01	2.997740e+00
7.599294e+01	7.323291e-02	-8.996380e-01	1.306381e+01	2.989787e+00
7.561868e+01	7.711905e-02	-8.989113e-01	1.305722e+01	2.997278e+00
7.532415e+01	8.399176e-02	-8.984089e-01	1.305093e+01	2.998821e+00
7.582372e+01	7.526565e-02	-9.005143e-01	1.305474e+01	2.996872e+00
7.601741e+01	7.786744e-02	-9.024075e-01	1.305561e+01	2.987496e+00
7.562103e+01	7.471835e-02	-8.994756e-01	1.305165e+01	2.998599e+00
7.543888e+01	7.483750e-02	-8.979811e-01	1.304951e+01	2.998771e+00
7.576703e+01	7.260589e-02	-9.005009e-01	1.304968e+01	2.998741e+00
7.581497e+01	7.028173e-02	-9.000381e-01	1.305193e+01	2.996899e+00
7.563976e+01	7.206303e-02	-8.998796e-01	1.304721e+01	2.999512e+00
7.600499e+01	7.106986e-02	-9.026191e-01	1.304908e+01	2.992429e+00
7.577317e+01	7.231748e-02	-9.014079e-01	1.304371e+01	3.000859e+00
7.619986e+01	6.152602e-02	-9.016530e-01	1.305024e+01	2.993748e+00
7.563229e+01	6.955827e-02	-9.000131e-01	1.304221e+01	2.998656e+00
7.507500e+01	8.040158e-02	-8.975908e-01	1.303441e+01	2.999871e+00
7.578795e+01	6.797072e-02	-9.009932e-01	1.304039e+01	2.997898e+00
7.585979e+01	6.318697e-02	-9.019301e-01	1.303936e+01	3.004755e+00
7.588240e+01	6.655297e-02	-9.030067e-01	1.303888e+01	2.997845e+00
7.608042e+01	6.522278e-02	-9.041922e-01	1.303810e+01	2.991137e+00
7.574828e+01	6.752484e-02	-9.013329e-01	1.303450e+01	2.996968e+00
7.542395e+01	6.047017e-02	-8.988101e-01	1.303271e+01	3.009637e+00
7.564524e+01	6.428030e-02	-9.003129e-01	1.303389e+01	2.998369e+00
7.503420e+01	6.986093e-02	-8.992700e-01	1.302116e+01	3.015463e+00
7.581547e+01	6.344880e-02	-9.028925e-01	1.303130e+01	2.997025e+00
7.513509e+01	7.418165e-02	-9.000578e-01	1.302123e+01	3.003739e+00
7.587806e+01	6.227174e-02	-9.040102e-01	1.302849e+01	2.996776e+00
7.677839e+01	5.909113e-02	-9.070566e-01	1.303321e+01	2.982137e+00
7.564614e+01	6.299194e-02	-9.021833e-01	1.302325e+01	2.997802e+00
7.539773e+01	6.248054e-02	-9.011605e-01	1.301596e+01	3.006576e+00
7.536409e+01	6.342201e-02	-9.003713e-01	1.301861e+01	3.001775e+00
7.507653e+01	6.847987e-02	-8.998121e-01	1.301359e+01	3.005492e+00
7.531279e+01	6.175724e-02	-8.997037e-01	1.301757e+01	3.000576e+00
7.560642e+01	5.793932e-02	-9.008361e-01	1.301836e+01	2.996495e+00
7.525460e+01	5.996175e-02	-8.989967e-01	1.301557e+01	2.999488e+00
7.523177e+01	7.040234e-02	-9.007166e-01	1.301008e+01	2.991021e+00
7.521612e+01	5.882987e-02	-8.985154e-01	1.301336e+01	2.997658e+00
7.481750e+01	6.328727e-02	-8.948432e-01	1.300064e+01	3.013997e+00
7.548063e+01	5.325087e-02	-8.996561e-01	1.301297e+01	2.994195e+00
7.565782e+01	4.722295e-02	-8.990954e-01	1.301654e+01	2.990934e+00
7.574774e+01	5.210829e-02	-9.019884e-01	1.301191e+01	2.991040e+00
7.537781e+01	5.130762e-02	-8.992827e-01	1.300810e+01	2.996043e+00
7.574169e+01	5.176640e-02	-9.012369e-01	1.300963e+01	2.987223e+00
7.542222e+01	5.868801e-02	-9.005205e-01	1.300489e+01	2.985107e+00
7.572921e+01	5.276459e-02	-9.030956e-01	1.300689e+01	2.986945e+00
7.560618e+01	5.416968e-02	-9.032716e-01	1.300267e+01	2.989007e+00
7.573496e+01	5.263628e-02	-9.039227e-01	1.300335e+01	2.986707e+00
7.539952e+01	5.060532e-02	-9.014181e-01	1.299508e+01	3.000584e+00
7.554752e+01	5.237356e-02	-9.024235e-01	1.299844e+01	2.986973e+00
7.519034e+01	5.253954e-02	-8.991478e-01	1.299574e+01	2.988821e+00
7.542787e+01	5.299184e-02	-9.010209e-01	1.299471e+01	2.986502e+00
7.559316e+01	5.404186e-02	-9.008881e-01	1.299898e+01	2.974907e+00
7.528525e+01	5.329899e-02	-9.000596e-01	1.299268e+01	2.982810e+00
7.502266e+01	5.993380e-02	-9.000486e-01	1.298659e+01	2.984575e+00
7.517746e+01	5.186430e-02	-8.993395e-01	1.298995e+01	2.983350e+00
7.507776e+01	5.171514e-02	-8.993817e-01	1.298553e+01	2.986767e+00
7.546695e+01	4.938746e-02	-9.014075e-01	1.298853e+01	2.982075e+00
7.471869e+01	5.474071e-02	-8.981486e-01	1.297695e+01	2.995157e+00
7.546705e+01	4.817986e-02	-9.027117e-01	1.298505e+01	2.981267e+00
7.475578e+01	6.017629e-02	-8.990922e-01	1.297607e+01	2.984365e+00
7.554732e+01	4.653200e-02	-9.038293e-01	1.298272e+01	2.980583e+00
7.658942e+01	4.018497e-02	-9.071583e-01	1.298830e+01	2.966896e+00
7.533211e+01	4.702128e-02	-9.019444e-01	1.297741e+01	2.981499e+00
7.491680e+01	5.817391e-02	-9.018777e-01	1.296676e+01	2.984039e+00
7.519935e+01	4.566844e-02	-9.001848e-01	1.297540e+01	2.979661e+00
7.505009e+01	5.140207e-02	-9.016745e-01	1.296785e+01	2.985502e+00
7.534536e+01	4.391719e-02	-9.018551e-01	1.297356e+01	2.979999e+00
7.589052e+01	3.380337e-02	-9.033331e-01	1.297960e+01	2.970051e+00
7.527031e+01	4.164950e-02	-9.003842e-01	1.297079e+01	2.976511e+00
7.503218e+01	4.424742e-02	-8.993101e-01	1.296877e+01	2.977435e+00
7.506189e+01	4.241264e-02	-8.993332e-01	1.296753e+01	2.976571e+00
7.494551e+01	5.168898e-02	-9.024258e-01	1.295875e+01	2.979167e+00
7.524933e+01	4.186139e-02	-9.010861e-01	1.296451e+01	2.977141e+00
7.560134e+01	2.809182e-02	-9.003077e-01	1.297110e+01	2.977568e+00
7.528344e+01	3.946822e-02	-9.026313e-01	1.296216e+01	2.977751e+00
7.447696e+01	4.967959e-02	-8.994754e-01	1.294868e+01	2.994497e+00
7.524509e+01	4.049513e-02	-9.035939e-01	1.295910e+01	2.979046e+00
7.456359e+01	5.684125e-02	-9.031492e-01	1.294373e+01	2.987079e+00
7.552452e+01	3.736467e-02	-9.050916e-01	1.295886e+01	2.974891e+00
7.533212e+01	4.010545e-02	-9.051246e-01	1.295386e+01	2.977188e+00
7.528454e+01	3.681922e-02	-9.032270e-01	1.295577e+01	2.975233e+00
7.585276e+01	2.703674e-02	-9.047376e-01	1.296087e+01	2.970866e+00
7.520628e+01	3.688941e-02	-9.028412e-01	1.295259e+01	2.974884e+00
7.486140e+01	3.477193e-02	-8.990586e-01	1.294901e+01	2.979590e+00
7.517429e+01	3.630313e-02	-9.015051e-01	1.294988e+01	2.971172e+00
7.576812e+01	2.834616e-02	-9.026331e-01	1.296017e+01	2.953896e+00
7.505590e+01	3.603685e-02	-8.999920e-01	1.294850e+01	2.965813e+00
7.421093e+01	5.452510e-02	-8.967331e-01	1.293241e+01	2.973893e+00
7.517378e+01	3.311455e-02	-9.002645e-01	1.294768e+01	2.963303e+00
7.564646e+01	3.122857e-02	-9.032595e-01	1.295345e+01	2.950605e+00
7.498504e+01	3.291519e-02	-8.989576e-01	1.294601e+01	2.963388e+00
7.446237e+01	4.212641e-02	-8.974899e-01	1.293644e+01	2.973600e+00
7.528544e+01	3.076189e-02	-9.011511e-01	1.294510e+01	2.962746e+00
7.585522e+01	2.851499e-02	-9.045956e-01	1.294926e+01	2.946200e+00
7.502608e+01	3.054458e-02	-8.993206e-01	1.294051e+01	2.958888e+00
7.439775e+01	3.824764e-02	-8.953515e-01	1.292761e+01	2.973877e+00
7.500650e+01	2.824001e-02	-8.989657e-01	1.293778e+01	2.957316e+00
7.474143e+01	2.667157e-02	-8.962111e-01	1.293423e+01	2.965319e+00
7.514228e+01	2.581453e-02	-8.992823e-01	1.293774e+01	2.953126e+00
7.569477e+01	2.015665e-02	-9.008758e-01	1.294359e+01	2.942646e+00
7.537116e+01	2.540384e-02	-9.018290e-01	1.293444e+01	2.946788e+00
7.508487e+01	2.627164e-02	-8.998155e-01	1.293031e+01	2.951068e+00
7.528779e+01	2.760902e-02	-9.033815e-01	1.292886e+01	2.948641e+00
7.514848e+01	2.822541e-02	-9.035793e-01	1.292361e+01	2.952427e+00
7.522461e+01	2.878800e-02	-9.039311e-01	1.292438e+01	2.948631e+00
7.532904e+01	2.690156e-02	-9.023956e-01	1.292983e+01	2.941171e+00
7.514022e+01	2.958533e-02	-9.039820e-01	1.291999e+01	2.947251e+00
7.530639e+01	2.632551e-02	-9.047679e-01	1.291862e+01	2.946115e+00
7.487425e+01	3.066222e-02	-9.020389e-01	1.291447e+01	2.948811e+00
7.439531e+01	3.207168e-02	-8.972305e-01	1.291191e+01	2.954490e+00
7.475845e+01	2.958005e-02	-9.002031e-01	1.291238e+01	2.948989e+00
7.466832e+01	3.800372e-02	-9.035569e-01	1.290641e+01	2.946756e+00
7.485458e+01	2.843906e-02	-9.026848e-01	1.290930e+01	2.948783e+00
7.447325e+01	3.099448e-02	-9.002917e-01	1.290085e+01	2.956442e+00
7.481130e+01	2.637009e-02	-9.010272e-01	1.290597e+01	2.949956e+00
7.530915e+01	1.460200e-02	-9.025836e-01	1.291326e+01	2.944139e+00
7.464358e+01	2.363298e-02	-8.993067e-01	1.290465e+01	2.949419e+00
7.450256e+01	2.690093e-02	-8.981221e-01	1.290404e+01	2.943682e+00
7.456381e+01	2.306690e-02	-8.985778e-01	1.290229e+01	2.947121e+00
7.470607e+01	2.412998e-02	-8.998126e-01	1.290215e+01	2.943225e+00
7.485237e+01	2.140947e-02	-9.013641e-01	1.290026e+01	2.945329e+00
7.502903e+01	2.046488e-02	-9.032995e-01	1.290147e+01	2.939554e+00
7.487786e+01	2.055103e-02	-9.027390e-01	1.289721e+01	2.942657e+00
7.464374e+01	2.295629e-02	-9.013699e-01	1.289093e+01	2.947724e+00
7.493983e+01	1.943761e-02	-9.036343e-01	1.289451e+01	2.940650e+00
7.455911e+01	2.055204e-02	-9.008116e-01	1.288587e+01	2.951419e+00
7.484599e+01	1.771496e-02	-9.020075e-01	1.289144e+01	2.938588e+00
7.500821e+01	1.888649e-02	-9.051654e-01	1.288626e+01	2.937858e+00
7.486862e+01	1.768250e-02	-9.032450e-01	1.288764e+01	2.935882e+00
7.407056e+01	2.340681e-02	-8.972353e-01	1.287682e+01	2.949092e+00
7.490697e+01	1.490800e-02	-9.018439e-01	1.288824e+01	2.932034e+00
7.581070e+01	-2.077168e-03	-9.035835e-01	1.289911e+01	2.925532e+00
7.493320e+01	1.415883e-02	-9.024747e-01	1.288613e+01	2.929929e+00
7.479374e+01	1.554413e-02	-9.012557e-01	1.288267e+01	2.930689e+00
7.477608e+01	1.581177e-02	-9.004628e-01	1.288153e+01	2.927824e+00
7.710797e+01	7.325696e-03	-9.091922e-01	1.289554e+01	2.904666e+00
7.463818e+01	1.943562e-02	-9.011948e-01	1.287630e+01	2.925688e+00
7.433255e+01	3.114190e-02	-9.039311e-01	1.286566e+01	2.925779e+00
7.458944e+01	1.875003e-02	-9.014611e-01	1.287266e+01	2.925912e+00
7.437263e+01	1.612343e-02	-8.988847e-01	1.287155e+01	2.929909e+00
7.449736e+01	1.552301e-02	-8.995599e-01	1.287148e+01	2.925725e+00
7.419037e+01	2.249187e-02	-8.995827e-01	1.286404e+01	2.930086e+00
7.447802e+01	1.336164e-02	-8.990375e-01	1.287016e+01	2.923917e+00
7.436315e+01	1.132932e-02	-8.960927e-01	1.287214e+01	2.921950e+00
7.478014e+01	1.015462e-02	-9.003819e-01	1.287054e+01	2.920039e+00
7.507482e+01	-2.857942e-03	-8.994667e-01	1.287547e+01	2.920752e+00
7.484450e+01	9.290899e-03	-9.029569e-01	1.286814e+01	2.919986e+00
7.420903e+01	1.554186e-02	-8.993526e-01	1.285777e+01	2.929340e+00
7.477157e+01	9.216191e-03	-9.017301e-01	1.286639e+01	2.917228e+00
7.412419e+01	1.600836e-02	-8.995119e-01	1.285213e+01	2.929370e+00
7.490744e+01	8.128089e-03	-9.039097e-01	1.286267e+01	2.915653e+00
7.571064e+01	-1.693432e-03	-9.059861e-01	1.286777e+01	2.911082e+00
7.471445e+01	9.032364e-03	-9.032112e-01	1.285784e+01	2.916100e+00
7.492716e+01	5.881172e-03	-9.018966e-01	1.286413e+01	2.905548e+00
7.461148e+01	1.044109e-02	-9.030528e-01	1.285415e+01	2.914733e+00
7.474457e+01	2.309173e-03	-9.004810e-01	1.285606e+01	2.916778e+00
7.465264e+01	8.940309e-03	-9.043889e-01	1.284877e+01	2.917367e+00
7.430183e+01	9.591982e-03	-9.006836e-01	1.284321e+01	2.924355e+00
7.447559e+01	8.336471e-03	-9.030288e-01	1.284505e+01	2.916393e+00
7.425501e+01	8.788662e-03	-9.024314e-01	1.283800e+01	2.922669e+00
7.461256e+01	6.461484e-03	-9.042583e-01	1.284209e+01	2.913421e+00
7.560918e+01	-1.037740e-03	-9.069522e-01	1.284866e+01	2.902232e+00
7.428988e+01	8.047719e-03	-9.018732e-01	1.283621e+01	2.914611e+00
7.461826e+01	3.648721e-03	-9.026469e-01	1.284226e+01	2.905065e+00
7.427929e+01	7.322820e-03	-9.024124e-01	1.283264e+01	2.912287e+00
7.458948e+01	-2.096181e-03	-9.022485e-01	1.283658e+01	2.909465e+00
7.426873e+01	5.334341e-03	-9.006668e-01	1.282946e+01	2.910346e+00
7.459910e+01	-3.853779e-03	-9.029323e-01	1.283334e+01	2.911384e+00
7.428886e+01	3.334606e-03	-9.025272e-01	1.282708e+01	2.910744e+00
7.367074e+01	1.122348e-02	-8.982753e-01	1.281837e+01	2.918838e+00
7.435428e+01	2.324779e-03	-9.035706e-01	1.282489e+01	2.909670e+00
7.499716e+01	-1.785688e-03	-9.057063e-01	1.283105e+01	2.900028e+00
7.423291e+01	2.343017e-03	-9.022408e-01	1.282221e+01	2.908420e+00
7.410658e+01	4.483887e-03	-9.030435e-01	1.281567e+01	2.908812e+00
7.414772e+01	9.093818e-04	-8.999941e-01	1.281923e+01	2.906772e+00
7.345220e+01	1.527574e-02	-8.945172e-01	1.280392e+01	2.918937e+00
7.436927e+01	-5.728596e-03	-8.999301e-01	1.282050e+01	2.901431e+00
7.433652e+01	-7.540342e-04	-9.024416e-01	1.281723e+01	2.895518e+00
7.426924e+01	-7.488191e-03	-8.988785e-01	1.281855e+01	2.898364e+00
7.418765e+01	-1.260167e-02	-8.971866e-01	1.281756e+01	2.902524e+00
7.447847e+01	-9.244480e-03	-9.004408e-01	1.281699e+01	2.896657e+00
7.355879e+01	6.039708e-03	-8.965902e-01	1.280349e+01	2.905387e+00
7.458198e+01	-1.172108e-02	-9.019259e-01	1.281644e+01	2.893834e+00
7.484497e+01	-1.638959e-02	-9.015569e-01	1.282203e+01	2.888775e+00
7.455374e+01	-1.266389e-02	-9.005062e-01	1.281388e+01	2.890240e+00
7.363835e+01	-3.607638e-03	-8.939588e-01	1.279439e+01	2.907247e+00
7.456232e+01	-1.584499e-02	-8.996338e-01	1.281001e+01	2.884240e+00
7.477696e+01	-2.309797e-02	-9.002276e-01	1.281139e+01	2.890745e+00
7.469439e+01	-1.569464e-02	-9.025741e-01	1.280896e+01	2.882832e+00
7.443523e+01	-9.059246e-03	-9.007670e-01	1.280642e+01	2.877289e+00
7.449106e+01	-1.355693e-02	-9.009293e-01	1.280460e+01	2.880106e+00
7.399162e+01	-2.409309e-04	-9.012640e-01	1.279418e+01	2.882544e+00
7.461644e+01	-1.488721e-02	-9.027258e-01	1.280266e+01	2.877333e+00
7.472022e+01	-2.284268e-02	-9.000422e-01	1.280371e+01	2.878649e+00
7.446911e+01	-1.647490e-02	-9.003529e-01	1.279831e+01	2.876848e+00
7.511220e+01	-3.229603e-02	-8.999997e-01	1.280688e+01	2.871191e+00
7.428464e+01	-1.663883e-02	-8.986056e-01	1.279586e+01	2.872818e+00
7.409965e+01	-1.445914e-02	-8.982968e-01	1.279152e+01	2.874622e+00
7.406711e+01	-1.439862e-02	-8.977074e-01	1.279173e+01	2.871698e+00
7.492215e+01	-2.279173e-02	-9.029847e-01	1.279773e+01	2.863383e+00
7.410930e+01	-1.342983e-02	-8.988575e-01	1.278826e+01	2.871598e+00
7.500329e+01	-2.259707e-02	-9.032062e-01	1.279826e+01	2.859384e+00
7.416140e+01	-1.149080e-02	-9.007622e-01	1.278522e+01	2.871223e+00
7.445392e+01	-1.158241e-02	-9.035193e-01	1.278493e+01	2.859504e+00
7.385485e+01	-1.096100e-02	-8.980985e-01	1.278075e+01	2.869603e+00
7.371780e+01	-1.373870e-02	-8.964611e-01	1.277873e+01	2.876129e+00
7.415302e+01	-1.414292e-02	-9.006625e-01	1.277984e+01	2.867781e+00
7.471459e+01	-2.897931e-02	-8.997155e-01	1.278890e+01	2.865088e+00
7.413459e+01	-1.699016e-02	-8.992364e-01	1.277941e+01	2.866304e+00
7.396409e+01	-7.128055e-03	-9.005543e-01	1.277513e+01	2.862067e+00
7.417395e+01	-1.583743e-02	-9.016122e-01	1.277653e+01	2.865644e+00
7.397415e+01	-7.656622e-03	-8.999014e-01	1.277392e+01	2.859998e+00
7.437716e+01	-1.711080e-02	-9.037952e-01	1.277576e+01	2.866129e+00
