# loss | a0 ... a4
7.176329e+02	-2.740310e-01	-1.046105e+00	1.564244e+01	4.078944e+00
4.931950e+02	4.080982e-02	-7.312638e-01	1.532760e+01	4.393785e+00
1.745662e+02	-5.665564e-02	-8.166358e-01	1.546332e+01	4.251271e+00
1.745662e+02	-5.665564e-02	-8.166358e-01	1.546332e+01	4.251271e+00
1.148725e+02	-1.953358e-02	-8.706530e-01	1.544001e+01	4.218600e+00
1.129080e+02	4.325592e-03	-9.034193e-01	1.544018e+01	4.177673e+00
1.129080e+02	4.325592e-03	-9.034193e-01	1.544018e+01	4.177673e+00
1.080844e+02	9.233979e-02	-8.776881e-01	1.534461e+01	4.235577e+00
9.863931e+01	2.186671e-01	-8.979216e-01	1.520918e+01	4.261829e+00
9.863931e+01	2.186671e-01	-8.979216e-01	1.520918e+01	4.261829e+00
9.501312e+01	3.213388e-01	-8.906657e-01	1.509934e+01	4.302807e+00
1.020339e+02	4.019038e-01	-9.357934e-01	1.501922e+01	4.273181e+00
1.020339e+02	4.019038e-01	-9.357934e-01	1.501922e+01	4.273181e+00
1.097676e+02	5.993971e-01	-8.784915e-01	1.476543e+01	4.419177e+00
8.950421e+01	5.893992e-01	-9.398207e-01	1.481780e+01	4.278209e+00
8.950421e+01	5.893992e-01	-9.398207e-01	1.481780e+01	4.278209e+00
8.081060e+01	6.734777e-01	-9.187198e-01	1.466525e+01	4.370953e+00
7.965574e+01	7.108247e-01	-9.325802e-01	1.466147e+01	4.291304e+00
7.965574e+01	7.108247e-01	-9.325802e-01	1.466147e+01	4.291304e+00
8.377779e+01	5.831510e-01	-9.257047e-01	1.482665e+01	4.239975e+00
8.216581e+01	7.617679e-01	-9.220248e-01	1.458370e+01	4.339121e+00
8.216581e+01	7.617679e-01	-9.220248e-01	1.458370e+01	4.339121e+00
8.951459e+01	4.982128e-01	-9.328598e-01	1.484685e+01	4.278913e+00
9.010305e+01	6.581717e-01	-9.001131e-01	1.467512e+01	4.368598e+00
9.010305e+01	6.581717e-01	-9.001131e-01	1.467512e+01	4.368598e+00
2.746607e+02	4.187076e-01	-9.968856e-01	1.502063e+01	4.044621e+00
2.141854e+03	8.322023e-01	-6.505968e-01	1.452437e+01	4.594711e+00
2.141854e+03	8.322023e-01	-6.505968e-01	1.452437e+01	4.594711e+00
7.238577e+03	-9.985447e-02	-1.445374e+00	1.545682e+01	3.672882e+00
9.096900e+02	4.050625e-02	-6.668132e-01	1.530211e+01	4.009284e+00
9.096900e+02	4.050625e-02	-6.668132e-01	1.530211e+01	4.009284e+00
6.786979e+02	3.997746e-03	-6.934627e-01	1.532703e+01	3.974991e+00
1.408595e+02	-8.032795e-02	-9.246750e-01	1.541697e+01	3.829535e+00
1.408595e+02	-8.032795e-02	-9.246750e-01	1.541697e+01	3.829535e+00
1.260351e+02	-6.032446e-02	-9.117068e-01	1.539961e+01	3.847270e+00
1.159119e+02	-4.123762e-02	-8.930992e-01	1.538403e+01	3.864241e+00
1.159119e+02	-4.123762e-02	-8.930992e-01	1.538403e+01	3.864241e+00
1.179564e+02	-2.466973e-02	-9.018932e-01	1.537030e+01	3.873180e+00
1.123291e+02	-1.466598e-03	-8.826746e-01	1.534862e+01	3.894522e+00
1.123291e+02	-1.466598e-03	-8.826746e-01	1.534862e+01	3.894522e+00
1.118884e+02	1.347000e-02	-8.798415e-01	1.533619e+01	3.901514e+00
1.112418e+02	3.330077e-02	-8.914507e-01	1.531881e+01	3.912334e+00
1.112418e+02	3.330077e-02	-8.914507e-01	1.531881e+01	3.912334e+00
1.095245e+02	5.832514e-02	-8.899111e-01	1.529455e+01	3.929371e+00
1.088272e+02	7.405847e-02	-8.911119e-01	1.528147e+01	3.937755e+00
1.088272e+02	7.405847e-02	-8.911119e-01	1.528147e+01	3.937755e+00
1.074452e+02	9.230878e-02	-8.867686e-01	1.526292e+01	3.951259e+00
1.071858e+02	1.143842e-01	-8.951723e-01	1.524473e+01	3.960277e+00
1.071858e+02	1.143842e-01	-8.951723e-01	1.524473e+01	3.960277e+00
1.057427e+02	1.401078e-01	-8.959910e-01	1.522168e+01	3.977286e+00
1.037532e+02	1.614569e-01	-8.905727e-01	1.520059e+01	3.990836e+00
1.037532e+02	1.614569e-01	-8.905727e-01	1.520059e+01	3.990836e+00
1.026757e+02	1.888941e-01	-8.842272e-01	1.517089e+01	4.012637e+00
1.026172e+02	2.039869e-01	-9.000335e-01	1.515957e+01	4.009236e+00
1.026172e+02	2.039869e-01	-9.000335e-01	1.515957e+01	4.009236e+00
1.011264e+02	2.248070e-01	-8.998670e-01	1.514000e+01	4.024662e+00
9.928802e+01	2.559252e-01	-9.007994e-01	1.511139e+01	4.042591e+00
9.928802e+01	2.559252e-01	-9.007994e-01	1.511139e+01	4.042591e+00
9.679039e+01	2.921044e-01	-8.891591e-01	1.507362e+01	4.074766e+00
9.681263e+01	3.032915e-01	-9.033227e-01	1.506854e+01	4.064954e+00
9.681263e+01	3.032915e-01	-9.033227e-01	1.506854e+01	4.064954e+00
9.589882e+01	3.311238e-01	-9.073833e-01	1.504147e+01	4.083224e+00
9.319211e+01	3.582871e-01	-9.037220e-01	1.501556e+01	4.099696e+00
9.319211e+01	3.582871e-01	-9.037220e-01	1.501556e+01	4.099696e+00
9.408301e+01	3.687329e-01	-9.091374e-01	1.500987e+01	4.092349e+00
9.017250e+01	4.067466e-01	-8.986671e-01	1.496811e+01	4.129776e+00
9.017250e+01	4.067466e-01	-8.986671e-01	1.496811e+01	4.129776e+00
9.074767e+01	4.281048e-01	-9.132064e-01	1.495169e+01	4.127334e+00
8.761266e+01	4.555717e-01	-9.032438e-01	1.492088e+01	4.151557e+00
8.761266e+01	4.555717e-01	-9.032438e-01	1.492088e+01	4.151557e+00
8.712109e+01	4.665902e-01	-9.045321e-01	1.491025e+01	4.151301e+00
8.596143e+01	4.983017e-01	-9.112377e-01	1.487842e+01	4.164948e+00
8.596143e+01	4.983017e-01	-9.112377e-01	1.487842e+01	4.164948e+00
8.448591e+01	5.236519e-01	-9.097876e-01	1.485181e+01	4.178528e+00
8.399556e+01	5.418168e-01	-9.135817e-01	1.483298e+01	4.181431e+00
8.399556e+01	5.418168e-01	-9.135817e-01	1.483298e+01	4.181431e+00
9.043380e+01	5.459292e-01	-9.320478e-01	1.483587e+01	4.156297e+00
9.145517e+01	5.976239e-01	-8.891380e-01	1.477255e+01	4.226430e+00
9.145517e+01	5.976239e-01	-8.891380e-01	1.477255e+01	4.226430e+00
8.584349e+01	5.788414e-01	-9.301322e-01	1.479193e+01	4.190344e+00
8.201071e+01	6.074933e-01	-9.240182e-01	1.475761e+01	4.204134e+00
8.201071e+01	6.074933e-01	-9.240182e-01	1.475761e+01	4.204134e+00
8.074115e+01	6.319150e-01	-9.228108e-01	1.472392e+01	4.223348e+00
8.078076e+01	6.350281e-01	-9.213748e-01	1.472694e+01	4.211975e+00
8.078076e+01	6.350281e-01	-9.213748e-01	1.472694e+01	4.211975e+00
8.374264e+01	6.771025e-01	-9.051390e-01	1.467054e+01	4.251500e+00
8.535226e+01	6.292823e-01	-9.350642e-01	1.473344e+01	4.185722e+00
8.535226e+01	6.292823e-01	-9.350642e-01	1.473344e+01	4.185722e+00
8.277055e+01	6.390209e-01	-9.315067e-01	1.471830e+01	4.194070e+00
8.166571e+01	6.760322e-01	-9.091055e-01	1.467420e+01	4.232397e+00
8.166571e+01	6.760322e-01	-9.091055e-01	1.467420e+01	4.232397e+00
8.024230e+01	6.580367e-01	-9.222734e-01	1.469807e+01	4.197644e+00
7.994781e+01	6.691476e-01	-9.246465e-01	1.467969e+01	4.204248e+00
7.994781e+01	6.691476e-01	-9.246465e-01	1.467969e+01	4.204248e+00
7.959657e+01	7.002310e-01	-9.231370e-01	1.463569e+01	4.238083e+00
8.419938e+01	6.615891e-01	-9.366965e-01	1.468894e+01	4.184776e+00
8.419938e+01	6.615891e-01	-9.366965e-01	1.468894e+01	4.184776e+00
8.020986e+01	6.821196e-01	-9.145104e-01	1.465952e+01	4.220655e+00
7.968685e+01	6.849395e-01	-9.202645e-01	1.465766e+01	4.207836e+00
7.968685e+01	6.849395e-01	-9.202645e-01	1.465766e+01	4.207836e+00
8.011421e+01	7.080461e-01	-9.330656e-01	1.462742e+01	4.216543e+00
8.139556e+01	6.850790e-01	-9.345957e-01	1.464842e+01	4.204369e+00
8.139556e+01	6.850790e-01	-9.345957e-01	1.464842e+01	4.204369e+00
8.141723e+01	6.782185e-01	-9.335467e-01	1.465603e+01	4.195769e+00
8.117800e+01	7.106456e-01	-9.136070e-01	1.461152e+01	4.237534e+00
8.117800e+01	7.106456e-01	-9.136070e-01	1.461152e+01	4.237534e+00
9.664307e+01	6.555925e-01	-9.507737e-01	1.467767e+01	4.163978e+00
8.388282e+01	7.111089e-01	-9.079693e-01	1.459495e+01	4.241268e+00
8.388282e+01	7.111089e-01	-9.079693e-01	1.459495e+01	4.241268e+00
7.971666e+01	7.322810e-01	-9.238314e-01	1.458067e+01	4.220121e+00
8.747801e+01	6.583359e-01	-9.420378e-01	1.466077e+01	4.171918e+00
8.747801e+01	6.583359e-01	-9.420378e-01	1.466077e+01	4.171918e+00
9.498464e+01	7.189107e-01	-8.946244e-01	1.458732e+01	4.249859e+00
8.552035e+01	6.171857e-01	-9.344098e-01	1.469862e+01	4.148178e+00
8.552035e+01	6.171857e-01	-9.344098e-01	1.469862e+01	4.148178e+00
8.860756e+01	6.687175e-01	-8.964593e-01	1.463320e+01	4.213593e+00
1.038403e+02	6.084226e-01	-9.514972e-01	1.471734e+01	4.116938e+00
1.038403e+02	6.084226e-01	-9.514972e-01	1.471734e+01	4.116938e+00
9.012877e+01	6.257950e-01	-9.404493e-01	1.470349e+01	4.132465e+00
1.035862e+02	6.967941e-01	-8.837177e-01	1.460493e+01	4.228514e+00
1.035862e+02	6.967941e-01	-8.837177e-01	1.460493e+01	4.228514e+00
8.912757e+01	6.330617e-01	-9.382033e-01	1.470507e+01	4.104123e+00
8.803347e+01	6.752019e-01	-8.954528e-01	1.464638e+01	4.174738e+00
8.803347e+01	6.752019e-01	-8.954528e-01	1.464638e+01	4.174738e+00
9.039330e+01	6.538875e-01	-9.408527e-01	1.469121e+01	4.094993e+00
9.832898e+01	6.977281e-01	-8.862716e-01	1.461834e+01	4.183553e+00
9.832898e+01	6.977281e-01	-8.862716e-01	1.461834e+01	4.183553e+00
1.073845e+02	6.324968e-01	-9.541359e-01	1.471265e+01	4.080800e+00
9.822960e+01	6.591533e-01	-9.502370e-01	1.466989e+01	4.109429e+00
9.822960e+01	6.591533e-01	-9.502370e-01	1.466989e+01	4.109429e+00
9.746808e+01	6.886743e-01	-8.867802e-01	1.462367e+01	4.186925e+00
8.164639e+01	6.835130e-01	-9.314718e-01	1.464404e+01	4.124472e+00
8.164639e+01	6.835130e-01	-9.314718e-01	1.464404e+01	4.124472e+00
8.005648e+01	7.169738e-01	-9.141471e-01	1.460450e+01	4.149761e+00
8.073955e+01	6.788898e-01	-9.285636e-01	1.463765e+01	4.121113e+00
8.073955e+01	6.788898e-01	-9.285636e-01	1.463765e+01	4.121113e+00
9.309557e+01	7.048486e-01	-8.928872e-01	1.458791e+01	4.189168e+00
1.067567e+02	6.313355e-01	-9.527086e-01	1.470264e+01	4.054235e+00
1.067567e+02	6.313355e-01	-9.527086e-01	1.470264e+01	4.054235e+00
1.546437e+02	7.472682e-01	-8.550459e-01	1.455648e+01	4.208221e+00
2.937672e+02	4.638273e-01	-9.998068e-01	1.491279e+01	3.902894e+00
2.937672e+02	4.638273e-01	-9.998068e-01	1.491279e+01	3.902894e+00
1.361927e+02	5.508807e-01	-8.440206e-01	1.479837e+01	4.053710e+00
8.589163e+01	5.579553e-01	-8.941160e-01	1.479252e+01	4.025263e+00
8.589163e+01	5.579553e-01	-8.941160e-01	1.479252e+01	4.025263e+00
8.836037e+01	5.767449e-01	-9.253793e-01	1.478197e+01	4.002230e+00
8.239993e+01	6.053390e-01	-9.120587e-01	1.473758e+01	4.035713e+00
8.239993e+01	6.053390e-01	-9.120587e-01	1.473758e+01	4.035713e+00
8.221897e+01	6.493836e-01	-9.015167e-01	1.468597e+01	4.059314e+00
8.411462e+01	6.226163e-01	-9.254296e-01	1.470981e+01	4.034614e+00
8.411462e+01	6.226163e-01	-9.254296e-01	1.470981e+01	4.034614e+00
8.194833e+01	6.393155e-01	-9.024788e-01	1.468774e+01	4.052062e+00
8.001492e+01	6.705115e-01	-9.127396e-01	1.464426e+01	4.068948e+00
8.001492e+01	6.705115e-01	-9.127396e-01	1.464426e+01	4.068948e+00
7.963964e+01	6.957739e-01	-9.219503e-01	1.460868e+01	4.080327e+00
7.976489e+01	6.797104e-01	-9.139795e-01	1.462222e+01	4.074018e+00
7.976489e+01	6.797104e-01	-9.139795e-01	1.462222e+01	4.074018e+00
8.039903e+01	6.537970e-01	-9.186170e-01	1.464033e+01	4.066561e+00
7.999949e+01	6.742447e-01	-9.208987e-01	1.461143e+01	4.051308e+00
7.999949e+01	6.742447e-01	-9.208987e-01	1.461143e+01	4.051308e+00
8.191658e+01	7.065933e-01	-9.043793e-01	1.457632e+01	4.065982e+00
8.546052e+01	6.418414e-01	-9.317563e-01	1.464179e+01	4.016108e+00
8.546052e+01	6.418414e-01	-9.317563e-01	1.464179e+01	4.016108e+00
9.167952e+01	6.839438e-01	-8.887787e-01	1.458483e+01	4.078555e+00
8.415341e+01	6.422484e-01	-9.283684e-01	1.464590e+01	4.000519e+00
8.415341e+01	6.422484e-01	-9.283684e-01	1.464590e+01	4.000519e+00
8.535640e+01	6.917239e-01	-8.962263e-01	1.458802e+01	4.051499e+00
8.547264e+01	6.306108e-01	-9.287654e-01	1.465971e+01	3.985159e+00
8.547264e+01	6.306108e-01	-9.287654e-01	1.465971e+01	3.985159e+00
