# loss | a0 ... a4
2.698626e+02	-7.384000e-01	-7.644000e-01	1.319120e+01	1.510800e+00
1.431360e+02	-5.974397e-01	-9.053603e-01	1.305024e+01	1.651760e+00
1.211519e+02	-4.782191e-01	-8.551241e-01	1.291018e+01	1.793365e+00
1.384366e+02	-3.558679e-01	-9.219254e-01	1.278331e+01	1.922918e+00
9.029390e+01	-2.027458e-01	-8.650998e-01	1.262196e+01	2.065791e+00
8.506596e+01	-8.536435e-02	-9.028360e-01	1.250116e+01	2.150051e+00
8.234582e+01	-1.788188e-02	-8.655402e-01	1.237919e+01	2.293573e+00
1.158253e+02	-1.856812e-01	-9.356665e-01	1.244671e+01	2.352010e+00
1.203181e+02	-7.568061e-02	-8.322109e-01	1.232420e+01	2.484121e+00
1.223558e+02	-2.387127e-01	-9.357645e-01	1.247392e+01	2.331826e+00
2.573656e+02	-1.374389e-01	-7.741702e-01	1.234948e+01	2.473253e+00
5.359924e+02	-1.693004e-01	-1.025911e+00	1.244293e+01	2.267113e+00
4.060659e+02	-5.755193e-03	-7.503582e-01	1.224986e+01	2.509093e+00
8.905289e+01	-2.811524e-01	-8.619678e-01	1.250179e+01	2.327657e+00
8.416877e+01	-2.738214e-01	-8.768886e-01	1.250355e+01	2.304539e+00
8.195615e+01	-2.489340e-01	-8.802661e-01	1.248353e+01	2.303816e+00
7.713302e+01	-1.938983e-01	-8.830584e-01	1.243138e+01	2.331376e+00
7.544815e+01	-1.633799e-01	-8.856902e-01	1.240915e+01	2.324561e+00
7.272299e+01	-1.315100e-01	-8.856748e-01	1.235688e+01	2.362561e+00
7.321720e+01	-1.084203e-01	-8.976195e-01	1.233350e+01	2.352579e+00
7.146717e+01	-1.047208e-01	-8.920090e-01	1.230905e+01	2.385419e+00
7.173957e+01	-1.322097e-01	-8.904569e-01	1.231881e+01	2.393603e+00
7.146237e+01	-9.499357e-02	-9.006331e-01	1.227277e+01	2.406330e+00
7.284097e+01	-3.814173e-02	-8.881819e-01	1.219296e+01	2.454664e+00
7.729932e+01	-1.632711e-01	-9.098455e-01	1.229348e+01	2.410566e+00
7.056254e+01	-1.349396e-01	-8.957679e-01	1.225436e+01	2.441112e+00
7.032501e+01	-1.337835e-01	-8.973025e-01	1.224001e+01	2.439946e+00
6.976168e+01	-1.075475e-01	-8.998031e-01	1.220594e+01	2.446397e+00
7.008827e+01	-1.398072e-01	-8.982499e-01	1.222153e+01	2.443541e+00
7.197178e+01	-1.542046e-01	-9.067817e-01	1.220935e+01	2.457529e+00
6.930805e+01	-1.173662e-01	-9.006028e-01	1.218000e+01	2.462472e+00
7.758413e+01	-1.590925e-01	-9.144984e-01	1.222034e+01	2.421969e+00
6.938574e+01	-9.786027e-02	-8.920276e-01	1.214010e+01	2.478793e+00
7.445284e+01	-1.753668e-01	-9.087799e-01	1.221501e+01	2.422676e+00
6.885676e+01	-1.184716e-01	-8.920017e-01	1.214220e+01	2.472543e+00
6.988513e+01	-1.283006e-01	-8.854895e-01	1.212621e+01	2.497797e+00
7.417588e+01	-1.659489e-01	-9.110631e-01	1.217544e+01	2.423454e+00
7.081651e+01	-1.448942e-01	-9.067469e-01	1.215071e+01	2.429997e+00
6.854075e+01	-1.270784e-01	-8.987789e-01	1.211665e+01	2.453570e+00
7.809034e+01	-1.270886e-01	-9.190507e-01	1.213003e+01	2.399981e+00
6.829224e+01	-1.375380e-01	-8.937346e-01	1.209604e+01	2.450907e+00
6.984856e+01	-1.059907e-01	-8.900928e-01	1.205325e+01	2.481696e+00
9.027848e+01	-2.236859e-01	-9.254390e-01	1.215661e+01	2.387489e+00
6.864140e+01	-1.851711e-01	-8.896024e-01	1.210623e+01	2.433259e+00
6.837846e+01	-1.671125e-01	-8.887711e-01	1.209140e+01	2.419360e+00
6.826309e+01	-1.462937e-01	-8.988735e-01	1.207837e+01	2.404759e+00
6.908756e+01	-1.806529e-01	-9.011552e-01	1.209019e+01	2.397924e+00
6.973416e+01	-1.500066e-01	-9.080943e-01	1.205380e+01	2.413053e+00
6.896729e+01	-1.732932e-01	-9.045171e-01	1.205723e+01	2.406957e+00
6.936715e+01	-1.410238e-01	-9.071208e-01	1.203558e+01	2.392765e+00
6.798188e+01	-1.822663e-01	-9.013960e-01	1.203478e+01	2.416843e+00
8.812211e+01	-2.543417e-01	-9.241683e-01	1.208409e+01	2.382749e+00
6.770081e+01	-1.489065e-01	-8.965957e-01	1.197897e+01	2.454429e+00
6.925619e+01	-2.444915e-01	-8.945510e-01	1.203639e+01	2.437494e+00
6.894321e+01	-1.990376e-01	-9.063249e-01	1.200920e+01	2.421822e+00
6.860991e+01	-1.700263e-01	-9.078926e-01	1.198588e+01	2.417402e+00
6.743794e+01	-1.805561e-01	-9.036012e-01	1.197756e+01	2.421196e+00
7.394991e+01	-1.883302e-01	-9.156098e-01	1.199906e+01	2.372617e+00
6.703792e+01	-1.663768e-01	-8.981828e-01	1.195194e+01	2.414495e+00
6.780366e+01	-1.856284e-01	-9.030702e-01	1.197840e+01	2.361997e+00
6.963189e+01	-1.939508e-01	-9.096529e-01	1.196309e+01	2.381254e+00
7.598289e+01	-2.173681e-01	-9.168076e-01	1.198288e+01	2.347863e+00
6.916277e+01	-1.548821e-01	-8.872256e-01	1.189618e+01	2.416871e+00
6.700743e+01	-2.325679e-01	-9.016278e-01	1.191011e+01	2.439355e+00
6.982120e+01	-2.398351e-01	-9.073130e-01	1.194626e+01	2.368767e+00
6.705058e+01	-1.585379e-01	-8.981541e-01	1.189664e+01	2.365419e+00
7.088556e+01	-2.693255e-01	-9.041788e-01	1.196285e+01	2.331541e+00
7.477492e+01	-2.871656e-01	-9.107483e-01	1.195625e+01	2.346646e+00
6.770811e+01	-1.767701e-01	-8.875883e-01	1.187127e+01	2.368243e+00
7.242467e+01	-2.774495e-01	-9.054852e-01	1.195817e+01	2.281529e+00
6.703732e+01	-2.299482e-01	-8.983969e-01	1.191132e+01	2.302891e+00
8.264584e+01	-1.856209e-01	-9.248870e-01	1.189456e+01	2.239534e+00
6.717035e+01	-2.166032e-01	-8.847031e-01	1.186262e+01	2.332762e+00
7.375620e+01	-2.618723e-01	-9.126191e-01	1.190268e+01	2.287880e+00
6.911406e+01	-1.954470e-01	-8.811423e-01	1.182856e+01	2.338730e+00
1.223235e+02	-2.715503e-01	-9.431866e-01	1.198244e+01	2.142297e+00
2.085823e+02	-1.807059e-01	-7.947090e-01	1.183918e+01	2.300026e+00
1.002637e+02	-4.257919e-01	-9.077100e-01	1.213644e+01	1.951618e+00
8.662039e+01	-3.769372e-01	-8.938207e-01	1.210516e+01	1.945887e+00
7.474986e+01	-2.818354e-01	-8.846179e-01	1.202517e+01	1.959548e+00
6.938142e+01	-2.112032e-01	-8.783441e-01	1.193321e+01	2.030767e+00
7.300430e+01	-2.176555e-01	-9.060478e-01	1.190023e+01	2.051764e+00
6.774650e+01	-1.954694e-01	-8.802907e-01	1.185438e+01	2.101936e+00
7.144206e+01	-2.551660e-01	-9.060878e-01	1.186210e+01	2.116365e+00
6.641442e+01	-2.135469e-01	-8.833847e-01	1.182088e+01	2.130965e+00
6.605713e+01	-2.195981e-01	-8.855546e-01	1.181246e+01	2.109640e+00
7.049456e+01	-2.628762e-01	-9.055712e-01	1.182651e+01	2.108533e+00
6.763872e+01	-2.798047e-01	-8.967278e-01	1.181464e+01	2.118264e+00
6.575754e+01	-1.980527e-01	-8.914163e-01	1.174012e+01	2.151931e+00
8.354566e+01	-1.752490e-01	-9.268886e-01	1.172219e+01	2.137991e+00
6.596577e+01	-2.944133e-01	-8.980311e-01	1.173756e+01	2.198259e+00
6.500321e+01	-2.784092e-01	-8.880528e-01	1.169375e+01	2.235900e+00
8.667935e+01	-2.817440e-01	-9.275105e-01	1.173515e+01	2.147083e+00
7.963211e+01	-1.933853e-01	-8.659147e-01	1.165684e+01	2.183320e+00
1.252532e+02	-3.887222e-01	-9.406166e-01	1.184238e+01	2.034125e+00
