# loss | a0 ... a9
9.808637e+03	-1.037037e+00	-5.185185e-01	9.925926e+00	3.444444e+00	1.444444e+00	4.888889e-01	-2.777778e-01	-2.777778e-01	9.481481e+00
1.885164e+03	-1.187037e+00	-6.685185e-01	9.775926e+00	3.294444e+00	1.294444e+00	3.388889e-01	-1.277778e-01	-4.277778e-01	9.631481e+00
3.180176e+02	-1.352786e+00	-8.574516e-01	9.885205e+00	3.130566e+00	1.114087e+00	1.417281e-01	2.298492e-02	-5.969008e-01	9.813649e+00
8.511302e+02	-1.485625e+00	-1.000388e+00	9.927933e+00	3.060099e+00	9.749691e-01	1.271736e-02	1.218393e-01	-6.385731e-01	9.957960e+00
1.075982e+03	-1.587543e+00	-1.083616e+00	9.879103e+00	3.101691e+00	8.814904e-01	-2.415675e-02	1.930363e-01	-6.286741e-01	1.004502e+01
1.205881e+03	-1.670145e+00	-1.152086e+00	9.831909e+00	3.138493e+00	8.079597e-01	-5.285878e-02	2.441854e-01	-5.883626e-01	1.010849e+01
1.278211e+03	-1.736759e+00	-1.210330e+00	9.775322e+00	3.172430e+00	7.546968e-01	-7.583608e-02	2.819457e-01	-5.326609e-01	1.016222e+01
1.255275e+03	-1.793625e+00	-1.251022e+00	9.664975e+00	3.248004e+00	7.267736e-01	-6.745886e-02	1.561741e-01	-3.762432e-01	1.021522e+01
1.214303e+03	-1.835896e+00	-1.276447e+00	9.540643e+00	3.336321e+00	7.200406e-01	-4.134361e-02	4.625499e-02	-2.396020e-01	1.025286e+01
1.176514e+03	-1.856071e+00	-1.287478e+00	9.441925e+00	3.404168e+00	7.314053e-01	-1.503375e-02	-2.937610e-02	-1.455629e-01	1.026374e+01
1.140717e+03	-1.869734e+00	-1.294872e+00	9.348632e+00	3.466170e+00	7.493400e-01	1.115004e-02	-1.085654e-01	-5.409378e-02	1.026787e+01
1.086002e+03	-1.870485e+00	-1.292589e+00	9.243850e+00	3.532973e+00	7.887072e-01	4.773753e-02	-2.010129e-01	2.598509e-02	1.025688e+01
9.412880e+02	-1.855080e+00	-1.260883e+00	9.108493e+00	3.635337e+00	8.600975e-01	1.268507e-01	-3.397802e-01	8.218737e-02	1.020964e+01
6.407816e+02	-1.805994e+00	-1.192929e+00	8.945451e+00	3.778044e+00	9.786584e-01	2.515690e-01	-4.186455e-01	1.547251e-01	1.014760e+01
3.324805e+02	-1.725310e+00	-1.115062e+00	8.784549e+00	3.922863e+00	1.121896e+00	3.825281e-01	-4.885318e-01	1.938736e-01	1.008184e+01
3.220211e+02	-1.624302e+00	-1.025733e+00	8.644450e+00	4.059091e+00	1.274859e+00	5.174320e-01	-4.146731e-01	3.095099e-01	9.999228e+00
8.817993e+02	-1.523110e+00	-9.592684e-01	8.528242e+00	4.185178e+00	1.414540e+00	6.264983e-01	-3.516519e-01	4.087647e-01	9.966728e+00
1.018562e+03	-1.566931e+00	-9.470531e-01	8.448060e+00	4.279555e+00	1.386093e+00	6.773705e-01	-2.880912e-01	5.081605e-01	9.986402e+00
7.827117e+02	-1.652836e+00	-9.700690e-01	8.376083e+00	4.366759e+00	1.304984e+00	6.881738e-01	-1.775222e-01	6.301421e-01	1.006415e+01
3.818053e+02	-1.769570e+00	-1.070697e+00	8.266084e+00	4.484673e+00	1.190666e+00	5.932873e-01	-8.180520e-02	7.357604e-01	1.017051e+01
4.280767e+02	-1.866641e+00	-1.156375e+00	8.175378e+00	4.585328e+00	1.095066e+00	5.123261e-01	3.715032e-04	8.265152e-01	1.025984e+01
5.845870e+02	-1.958126e+00	-1.227677e+00	8.109564e+00	4.657370e+00	9.998033e-01	4.423570e-01	-7.986419e-02	7.433566e-01	1.032029e+01
7.285489e+02	-2.029212e+00	-1.288139e+00	8.062909e+00	4.722597e+00	9.228925e-01	3.826659e-01	-1.519567e-01	6.691271e-01	1.037151e+01
7.617078e+02	-2.052292e+00	-1.310379e+00	8.047277e+00	4.763566e+00	9.061194e-01	3.712351e-01	-2.273062e-01	5.930227e-01	1.038527e+01
7.607316e+02	-2.049964e+00	-1.319958e+00	8.045243e+00	4.796967e+00	9.195617e-01	3.742399e-01	-2.865778e-01	5.323171e-01	1.038802e+01
7.504464e+02	-2.039723e+00	-1.325592e+00	8.053035e+00	4.822712e+00	9.377646e-01	3.781121e-01	-3.345441e-01	4.835384e-01	1.038450e+01
6.917628e+02	-2.004969e+00	-1.317595e+00	8.066593e+00	4.843534e+00	9.848641e-01	3.981638e-01	-4.031983e-01	4.128491e-01	1.036658e+01
6.213048e+02	-1.963408e+00	-1.306741e+00	8.078562e+00	4.863886e+00	1.038696e+00	4.206781e-01	-4.651355e-01	3.497617e-01	1.034975e+01
4.387937e+02	-1.880546e+00	-1.251133e+00	8.076688e+00	4.894315e+00	1.132907e+00	4.906694e-01	-5.188441e-01	2.951111e-01	1.028345e+01
2.996833e+02	-1.774147e+00	-1.177811e+00	8.106240e+00	4.906097e+00	1.244165e+00	5.726347e-01	-4.729787e-01	3.265589e-01	1.019031e+01
4.031498e+02	-1.664548e+00	-1.105881e+00	8.154837e+00	4.910451e+00	1.351936e+00	6.489024e-01	-4.328016e-01	3.532305e-01	1.009416e+01
8.491380e+02	-1.553983e+00	-1.040512e+00	8.210570e+00	4.920833e+00	1.454067e+00	7.166015e-01	-3.998045e-01	3.747804e-01	1.000991e+01
4.404306e+02	-1.616762e+00	-1.113471e+00	8.310662e+00	4.836790e+00	1.392087e+00	6.465051e-01	-3.641654e-01	3.993304e-01	1.007160e+01
3.054942e+02	-1.695392e+00	-1.193007e+00	8.423452e+00	4.746481e+00	1.312588e+00	5.685773e-01	-3.197071e-01	4.354574e-01	1.014487e+01
3.883119e+02	-1.777908e+00	-1.276081e+00	8.551546e+00	4.640296e+00	1.223853e+00	4.830598e-01	-3.973994e-01	3.552647e-01	1.022196e+01
5.289510e+02	-1.832671e+00	-1.328774e+00	8.637968e+00	4.587500e+00	1.163987e+00	4.307654e-01	-4.670750e-01	2.832734e-01	1.026772e+01
6.216008e+02	-1.865624e+00	-1.362232e+00	8.702473e+00	4.552827e+00	1.125544e+00	3.971940e-01	-5.276563e-01	2.208363e-01	1.028554e+01
6.948673e+02	-1.885185e+00	-1.384968e+00	8.753519e+00	4.529292e+00	1.099993e+00	3.739946e-01	-5.211457e-01	2.177292e-01	1.029056e+01
6.731576e+02	-1.877091e+00	-1.380234e+00	8.764275e+00	4.542741e+00	1.104117e+00	3.797714e-01	-5.097542e-01	2.184789e-01	1.026735e+01
6.519636e+02	-1.867060e+00	-1.375644e+00	8.773303e+00	4.554044e+00	1.110218e+00	3.851706e-01	-4.999050e-01	2.191288e-01	1.024723e+01
5.809113e+02	-1.835009e+00	-1.355004e+00	8.750496e+00	4.583858e+00	1.140720e+00	4.076640e-01	-4.661449e-01	2.440660e-01	1.021449e+01
4.513902e+02	-1.781285e+00	-1.313095e+00	8.697327e+00	4.645656e+00	1.193150e+00	4.525709e-01	-4.137864e-01	2.760465e-01	1.016637e+01
3.018158e+02	-1.707883e+00	-1.244318e+00	8.606343e+00	4.744111e+00	1.269824e+00	5.306117e-01	-3.550125e-01	3.153436e-01	1.010518e+01
3.119571e+02	-1.626250e+00	-1.180147e+00	8.525799e+00	4.827948e+00	1.350175e+00	6.013731e-01	-3.062187e-01	3.478478e-01	1.005064e+01
4.773139e+02	-1.565301e+00	-1.125065e+00	8.483654e+00	4.894426e+00	1.403177e+00	6.580564e-01	-2.604614e-01	3.789924e-01	9.983449e+00
7.728564e+02	-1.505202e+00	-1.077767e+00	8.456366e+00	4.949924e+00	1.450375e+00	7.052750e-01	-2.222613e-01	4.049653e-01	9.927187e+00
6.484187e+02	-1.543551e+00	-1.092834e+00	8.495332e+00	4.987861e+00	1.409091e+00	6.981373e-01	-1.836628e-01	4.318357e-01	9.923301e+00
4.232935e+02	-1.589002e+00	-1.146845e+00	8.542766e+00	5.013008e+00	1.359398e+00	6.572684e-01	-1.526684e-01	4.533097e-01	9.971439e+00
3.255082e+02	-1.669854e+00	-1.241821e+00	8.631748e+00	4.954040e+00	1.273547e+00	5.681582e-01	-1.279168e-01	4.703829e-01	1.006317e+01
4.110284e+02	-1.719017e+00	-1.306339e+00	8.708623e+00	4.905458e+00	1.212697e+00	5.035554e-01	-1.063277e-01	4.856326e-01	1.009972e+01
4.958722e+02	-1.747111e+00	-1.353418e+00	8.761389e+00	4.883510e+00	1.172304e+00	4.579187e-01	-1.342765e-01	4.611672e-01	1.012493e+01
5.238616e+02	-1.752295e+00	-1.370822e+00	8.798226e+00	4.880808e+00	1.151332e+00	4.374767e-01	-1.988720e-01	3.986620e-01	1.010840e+01
4.140337e+02	-1.705771e+00	-1.337037e+00	8.751657e+00	4.947637e+00	1.191025e+00	4.776247e-01	-2.639530e-01	3.358178e-01	1.005812e+01
2.779600e+02	-1.627440e+00	-1.271288e+00	8.665341e+00	5.045837e+00	1.267607e+00	5.534734e-01	-3.617913e-01	2.389619e-01	9.997084e+00
2.897907e+02	-1.545162e+00	-1.210368e+00	8.590551e+00	5.128542e+00	1.343030e+00	6.208944e-01	-4.455380e-01	1.556024e-01	9.938833e+00
5.234069e+02	-1.452289e+00	-1.152178e+00	8.524790e+00	5.196452e+00	1.422030e+00	6.814517e-01	-5.180113e-01	8.388064e-02	9.878364e+00
3.961359e+02	-1.488806e+00	-1.183242e+00	8.560035e+00	5.212325e+00	1.386260e+00	6.655827e-01	-5.764676e-01	2.383617e-02	9.904498e+00
3.252985e+02	-1.518450e+00	-1.209533e+00	8.595535e+00	5.222428e+00	1.354235e+00	6.503266e-01	-6.250507e-01	-2.660495e-02	9.918084e+00
2.712039e+02	-1.545248e+00	-1.245521e+00	8.633822e+00	5.213677e+00	1.324344e+00	6.248073e-01	-6.441798e-01	-5.811811e-02	9.947381e+00
2.646258e+02	-1.576440e+00	-1.296550e+00	8.696120e+00	5.168515e+00	1.280973e+00	5.771240e-01	-5.809637e-01	-3.068761e-03	9.986843e+00
3.408025e+02	-1.600708e+00	-1.352592e+00	8.763914e+00	5.106267e+00	1.239415e+00	5.207098e-01	-5.760620e-01	-7.192596e-03	1.003566e+01
3.373509e+02	-1.573825e+00	-1.357399e+00	8.782213e+00	5.092637e+00	1.242341e+00	5.075385e-01	-4.979066e-01	6.833742e-02	1.003862e+01
3.153075e+02	-1.525490e+00	-1.349156e+00	8.788410e+00	5.075987e+00	1.262503e+00	5.023592e-01	-4.305543e-01	1.336536e-01	1.002075e+01
2.536930e+02	-1.464499e+00	-1.304945e+00	8.772787e+00	5.106222e+00	1.292069e+00	5.261797e-01	-3.716365e-01	1.905185e-01	9.949046e+00
2.598302e+02	-1.380245e+00	-1.250473e+00	8.733378e+00	5.129409e+00	1.345040e+00	5.585598e-01	-3.210098e-01	2.396154e-01	9.873953e+00
4.444281e+02	-1.283976e+00	-1.190185e+00	8.675056e+00	5.151810e+00	1.411821e+00	5.970418e-01	-2.782275e-01	2.812750e-01	9.801780e+00
3.841999e+02	-1.304181e+00	-1.194237e+00	8.728195e+00	5.195566e+00	1.373247e+00	5.796996e-01	-2.384849e-01	3.193381e-01	9.750764e+00
2.646493e+02	-1.370864e+00	-1.269923e+00	8.818168e+00	5.122408e+00	1.291528e+00	5.004554e-01	-2.021716e-01	3.546389e-01	9.799477e+00
3.547676e+02	-1.424733e+00	-1.338991e+00	8.904243e+00	5.049863e+00	1.215332e+00	4.236889e-01	-1.946114e-01	3.628134e-01	9.835007e+00
4.604591e+02	-1.437373e+00	-1.381127e+00	8.953884e+00	4.997380e+00	1.178207e+00	3.720928e-01	-1.896739e-01	3.686546e-01	9.844079e+00
4.331930e+02	-1.411976e+00	-1.370521e+00	8.949963e+00	5.003751e+00	1.184720e+00	3.755445e-01	-1.855040e-01	3.736723e-01	9.802097e+00
3.680160e+02	-1.375493e+00	-1.349665e+00	8.932424e+00	5.022679e+00	1.202626e+00	3.902087e-01	-2.260976e-01	3.294612e-01	9.757901e+00
2.586353e+02	-1.325790e+00	-1.308121e+00	8.884068e+00	5.075595e+00	1.244474e+00	4.332772e-01	-3.114091e-01	2.426431e-01	9.706115e+00
2.170589e+02	-1.252286e+00	-1.251925e+00	8.815992e+00	5.139147e+00	1.308009e+00	4.896406e-01	-3.853738e-01	1.677464e-01	9.647612e+00
2.101894e+02	-1.240940e+00	-1.247592e+00	8.829303e+00	5.138698e+00	1.296946e+00	4.834999e-01	-4.481477e-01	1.037337e-01	9.598889e+00
2.110210e+02	-1.214210e+00	-1.238750e+00	8.835397e+00	5.139315e+00	1.294560e+00	4.810509e-01	-5.069979e-01	4.326452e-02	9.555463e+00
1.997007e+02	-1.235936e+00	-1.250189e+00	8.876090e+00	5.138927e+00	1.251173e+00	4.624703e-01	-5.568924e-01	-8.767615e-03	9.520036e+00
2.177571e+02	-1.259185e+00	-1.277737e+00	8.934252e+00	5.107345e+00	1.196219e+00	4.222381e-01	-6.001894e-01	-5.376566e-02	9.486728e+00
2.243026e+02	-1.229018e+00	-1.276206e+00	8.962930e+00	5.080551e+00	1.177128e+00	3.985594e-01	-6.279280e-01	-9.033644e-02	9.441272e+00
1.858704e+02	-1.180320e+00	-1.233306e+00	8.967803e+00	5.099011e+00	1.168630e+00	4.063052e-01	-6.442753e-01	-1.225181e-01	9.369347e+00
1.838815e+02	-1.108872e+00	-1.182441e+00	8.956924e+00	5.112095e+00	1.183902e+00	4.199284e-01	-6.217731e-01	-1.447413e-01	9.298501e+00
1.787382e+02	-1.117758e+00	-1.213303e+00	9.018455e+00	5.054863e+00	1.127410e+00	3.619207e-01	-6.013720e-01	-1.639759e-01	9.255546e+00
1.972875e+02	-1.084646e+00	-1.216648e+00	9.053947e+00	5.011456e+00	1.098806e+00	3.231183e-01	-5.614127e-01	-1.876283e-01	9.202344e+00
2.477851e+02	-1.069918e+00	-1.232796e+00	9.102837e+00	4.969302e+00	1.054831e+00	2.801988e-01	-6.114839e-01	-2.206272e-01	9.199978e+00
1.602696e+02	-1.010124e+00	-1.179944e+00	9.074856e+00	5.018051e+00	1.071659e+00	3.215029e-01	-6.511774e-01	-2.488027e-01	9.163013e+00
1.504126e+02	-9.916603e-01	-1.144483e+00	9.076434e+00	5.065507e+00	1.052652e+00	3.504462e-01	-6.854010e-01	-2.738112e-01	9.131805e+00
2.652317e+02	-9.355895e-01	-1.085929e+00	9.049097e+00	5.122772e+00	1.069440e+00	3.962301e-01	-6.644840e-01	-3.423100e-01	9.081218e+00
1.766429e+02	-9.446495e-01	-1.107682e+00	9.093563e+00	5.095488e+00	1.018115e+00	3.606229e-01	-6.380672e-01	-4.093718e-01	9.053437e+00
1.539621e+02	-9.437713e-01	-1.135153e+00	9.132972e+00	5.063334e+00	9.770753e-01	3.258414e-01	-6.243685e-01	-4.505514e-01	9.050440e+00
1.696838e+02	-9.229260e-01	-1.157539e+00	9.161273e+00	5.027101e+00	9.512919e-01	2.916539e-01	-6.282187e-01	-4.539359e-01	9.036154e+00
1.509873e+02	-8.658825e-01	-1.150785e+00	9.143540e+00	5.016040e+00	9.743976e-01	2.913185e-01	-6.841613e-01	-3.935883e-01	9.077297e+00
1.619551e+02	-8.856586e-01	-1.162529e+00	9.180477e+00	5.021846e+00	9.361319e-01	2.709387e-01	-7.401642e-01	-3.344965e-01	9.087495e+00
4.006186e+02	-9.027365e-01	-1.178579e+00	9.211941e+00	5.023611e+00	9.074295e-01	2.553661e-01	-8.286072e-01	-2.448777e-01	9.139107e+00
1.890903e+02	-8.279751e-01	-1.103075e+00	9.145443e+00	5.099184e+00	8.278895e-01	1.851256e-01	-7.529049e-01	-3.186764e-01	9.063216e+00
1.659398e+02	-7.560338e-01	-1.031781e+00	9.064223e+00	5.183278e+00	8.014728e-01	1.960311e-01	-6.873701e-01	-3.824550e-01	8.997242e+00
3.292704e+02	-6.941431e-01	-9.660755e-01	8.990931e+00	5.274392e+00	7.756337e-01	2.445676e-01	-6.306045e-01	-4.377946e-01	8.940001e+00
6.885789e+02	-6.432991e-01	-9.108371e-01	8.934977e+00	5.351732e+00	7.434901e-01	2.809200e-01	-5.814223e-01	-4.859517e-01	8.890630e+00
1.110679e+03	-6.130911e-01	-8.693928e-01	8.899943e+00	5.411072e+00	7.239226e-01	3.044811e-01	-5.416833e-01	-5.012437e-01	8.852757e+00
6.038482e+02	-6.499313e-01	-8.787049e-01	8.953281e+00	5.403626e+00	6.464266e-01	2.406013e-01	-5.071569e-01	-5.156637e-01	8.824958e+00
3.203867e+02	-7.026215e-01	-9.101133e-01	9.028121e+00	5.362376e+00	5.494617e-01	1.496406e-01	-4.772416e-01	-5.283224e-01	8.802480e+00
4.321166e+02	-7.513948e-01	-9.404635e-01	9.098693e+00	5.324557e+00	4.566268e-01	6.588302e-02	-4.513370e-01	-5.392027e-01	8.783616e+00
4.992766e+02	-7.839743e-01	-9.471458e-01	9.133620e+00	5.335871e+00	4.108821e-01	6.041609e-02	-4.289046e-01	-5.485961e-01	8.767569e+00
4.302093e+02	-7.952391e-01	-9.316133e-01	9.135501e+00	5.380977e+00	4.145309e-01	1.080850e-01	-4.094887e-01	-5.565616e-01	8.754730e+00
3.875424e+02	-8.025771e-01	-9.182723e-01	9.136434e+00	5.418849e+00	4.209575e-01	1.497752e-01	-3.926889e-01	-5.632328e-01	8.743854e+00
3.644115e+02	-8.099291e-01	-9.083296e-01	9.134495e+00	5.454019e+00	4.352275e-01	1.923255e-01	-3.781566e-01	-5.687842e-01	8.736654e+00
3.664960e+02	-8.108214e-01	-9.014470e-01	9.129535e+00	5.482010e+00	4.612318e-01	2.322479e-01	-3.656309e-01	-5.732814e-01	8.732307e+00
3.831607e+02	-8.117919e-01	-9.026559e-01	9.128874e+00	5.503077e+00	4.760166e-01	2.632112e-01	-3.548487e-01	-5.762341e-01	8.730769e+00
3.492290e+02	-8.319978e-01	-9.419493e-01	9.146670e+00	5.488439e+00	4.562302e-01	2.343227e-01	-3.455209e-01	-5.786612e-01	8.730800e+00
3.756470e+02	-8.487918e-01	-9.761279e-01	9.161743e+00	5.475572e+00	4.421313e-01	2.103042e-01	-3.374541e-01	-5.805845e-01	8.731566e+00
4.242025e+02	-8.586170e-01	-1.005373e+00	9.173781e+00	5.463451e+00	4.327524e-01	1.898984e-01	-3.304903e-01	-5.819447e-01	8.732224e+00
3.978039e+02	-8.430286e-01	-1.012045e+00	9.163278e+00	5.470109e+00	4.608863e-01	1.997837e-01	-3.244765e-01	-5.828650e-01	8.732173e+00
3.536354e+02	-8.170069e-01	-1.012234e+00	9.142862e+00	5.481886e+00	5.019159e-01	2.179649e-01	-3.192782e-01	-5.834969e-01	8.732227e+00
3.585852e+02	-7.511059e-01	-9.672117e-01	9.081502e+00	5.538629e+00	5.810044e-01	2.841715e-01	-3.148995e-01	-5.822822e-01	8.729145e+00
