# loss | a0 ... a9
9.740180e+04	-5.925926e-01	-1.481481e-01	1.125926e+01	4.111111e+00	2.555556e+00	6.888889e-01	2.222222e-01	-5.555556e-01	9.333333e+00
5.771852e+04	-7.425926e-01	-2.981481e-01	1.110926e+01	4.261111e+00	2.405556e+00	8.388889e-01	3.722222e-01	-7.055556e-01	9.483333e+00
2.337111e+04	-9.294052e-01	-4.681514e-01	1.090862e+01	4.459076e+00	2.248480e+00	7.158614e-01	5.728316e-01	-8.977743e-01	9.660518e+00
7.789888e+03	-1.110849e+00	-6.429770e-01	1.070041e+01	4.670665e+00	2.105000e+00	6.117739e-01	7.835144e-01	-1.102912e+00	9.860122e+00
1.531743e+03	-1.316548e+00	-8.199857e-01	1.056575e+01	4.840971e+00	1.908881e+00	4.568206e-01	9.705302e-01	-1.284300e+00	1.006807e+01
5.307768e+02	-1.520341e+00	-1.003838e+00	1.052884e+01	4.904410e+00	1.684409e+00	2.532822e-01	1.131373e+00	-1.419911e+00	1.027410e+01
1.065313e+03	-1.696371e+00	-1.161027e+00	1.048147e+01	4.976315e+00	1.502002e+00	1.032240e-01	1.273915e+00	-1.538087e+00	1.045015e+01
1.499036e+03	-1.852116e+00	-1.300375e+00	1.043745e+01	5.040856e+00	1.342652e+00	-2.862680e-02	1.391860e+00	-1.604544e+00	1.060575e+01
1.718529e+03	-1.989384e+00	-1.423062e+00	1.039369e+01	5.102495e+00	1.206069e+00	-1.391485e-01	1.496629e+00	-1.663306e+00	1.074218e+01
1.802844e+03	-2.080322e+00	-1.504343e+00	1.036268e+01	5.145003e+00	1.117260e+00	-2.103907e-01	1.564547e+00	-1.692713e+00	1.083266e+01
1.856793e+03	-2.161082e+00	-1.576543e+00	1.033499e+01	5.182841e+00	1.038546e+00	-2.735581e-01	1.624807e+00	-1.718383e+00	1.091290e+01
1.894712e+03	-2.232718e+00	-1.640598e+00	1.030957e+01	5.217207e+00	9.694429e-01	-3.285860e-01	1.678358e+00	-1.741181e+00	1.098408e+01
1.922879e+03	-2.296256e+00	-1.697350e+00	1.028624e+01	5.248513e+00	9.087820e-01	-3.762077e-01	1.725882e+00	-1.761396e+00	1.104713e+01
1.944441e+03	-2.352717e+00	-1.747779e+00	1.026545e+01	5.276391e+00	8.549232e-01	-4.184474e-01	1.768113e+00	-1.779342e+00	1.110316e+01
1.960964e+03	-2.402875e+00	-1.792570e+00	1.024679e+01	5.301361e+00	8.072288e-01	-4.556971e-01	1.805628e+00	-1.795213e+00	1.115295e+01
1.973666e+03	-2.447448e+00	-1.832376e+00	1.023019e+01	5.323556e+00	7.648665e-01	-4.887911e-01	1.838944e+00	-1.809196e+00	1.119719e+01
1.983448e+03	-2.487039e+00	-1.867725e+00	1.021532e+01	5.343406e+00	7.273547e-01	-5.179919e-01	1.868544e+00	-1.821575e+00	1.123647e+01
1.990044e+03	-2.517375e+00	-1.894811e+00	1.020392e+01	5.358617e+00	6.986138e-01	-5.403657e-01	1.891208e+00	-1.830974e+00	1.126657e+01
1.995296e+03	-2.544331e+00	-1.918880e+00	1.019376e+01	5.372152e+00	6.730963e-01	-5.602224e-01	1.911351e+00	-1.839327e+00	1.129332e+01
1.999510e+03	-2.568287e+00	-1.940270e+00	1.018473e+01	5.384187e+00	6.504294e-01	-5.778599e-01	1.929249e+00	-1.846739e+00	1.131709e+01
2.002916e+03	-2.589575e+00	-1.959278e+00	1.017670e+01	5.394889e+00	6.302901e-01	-5.935258e-01	1.945152e+00	-1.853304e+00	1.133821e+01
2.005506e+03	-2.608497e+00	-1.976171e+00	1.016954e+01	5.404402e+00	6.124072e-01	-6.074427e-01	1.959045e+00	-1.857738e+00	1.135698e+01
2.007629e+03	-2.625313e+00	-1.991185e+00	1.016318e+01	5.412857e+00	5.965155e-01	-6.198102e-01	1.971367e+00	-1.861535e+00	1.137367e+01
2.009391e+03	-2.640257e+00	-2.004526e+00	1.015752e+01	5.420382e+00	5.824022e-01	-6.307841e-01	1.982312e+00	-1.864876e+00	1.138849e+01
2.010864e+03	-2.653537e+00	-2.016382e+00	1.015248e+01	5.427070e+00	5.698608e-01	-6.405363e-01	1.992033e+00	-1.867819e+00	1.140167e+01
2.011996e+03	-2.664312e+00	-2.026001e+00	1.014840e+01	5.432496e+00	5.596865e-01	-6.484477e-01	1.999911e+00	-1.870159e+00	1.141236e+01
2.012958e+03	-2.673886e+00	-2.034549e+00	1.014477e+01	5.437322e+00	5.506481e-01	-6.554726e-01	2.006912e+00	-1.872238e+00	1.142186e+01
2.013780e+03	-2.682396e+00	-2.042146e+00	1.014154e+01	5.441611e+00	5.426157e-01	-6.617156e-01	2.013131e+00	-1.874069e+00	1.143030e+01
2.014485e+03	-2.689958e+00	-2.048897e+00	1.013867e+01	5.445423e+00	5.354772e-01	-6.672639e-01	2.018658e+00	-1.875697e+00	1.143780e+01
2.015081e+03	-2.696679e+00	-2.054897e+00	1.013612e+01	5.448811e+00	5.291345e-01	-6.721936e-01	2.023549e+00	-1.877024e+00	1.144447e+01
2.015583e+03	-2.702652e+00	-2.060229e+00	1.013385e+01	5.451823e+00	5.234985e-01	-6.765738e-01	2.027864e+00	-1.878041e+00	1.145040e+01
2.015923e+03	-2.707962e+00	-2.064969e+00	1.013182e+01	5.454501e+00	5.185028e-01	-6.804625e-01	2.031525e+00	-1.877872e+00	1.145566e+01
2.016207e+03	-2.712681e+00	-2.069181e+00	1.013002e+01	5.456882e+00	5.140639e-01	-6.839175e-01	2.034747e+00	-1.877572e+00	1.146034e+01
2.016439e+03	-2.716628e+00	-2.072704e+00	1.012851e+01	5.458873e+00	5.103513e-01	-6.868072e-01	2.037439e+00	-1.877297e+00	1.146426e+01
2.016642e+03	-2.720136e+00	-2.075835e+00	1.012716e+01	5.460643e+00	5.070521e-01	-6.893751e-01	2.039828e+00	-1.877043e+00	1.146774e+01
2.016807e+03	-2.723253e+00	-2.078617e+00	1.012597e+01	5.462217e+00	5.041213e-01	-6.916564e-01	2.041923e+00	-1.876651e+00	1.147083e+01
2.016950e+03	-2.726024e+00	-2.081090e+00	1.012491e+01	5.463616e+00	5.015170e-01	-6.936835e-01	2.043779e+00	-1.876275e+00	1.147358e+01
2.016969e+03	-2.728488e+00	-2.083288e+00	1.012395e+01	5.464861e+00	4.992171e-01	-6.954805e-01	2.045218e+00	-1.874664e+00	1.147602e+01
2.016966e+03	-2.730679e+00	-2.085242e+00	1.012310e+01	5.465968e+00	4.971742e-01	-6.970763e-01	2.046452e+00	-1.873001e+00	1.147819e+01
2.016961e+03	-2.732625e+00	-2.086978e+00	1.012234e+01	5.466952e+00	4.953589e-01	-6.984943e-01	2.047544e+00	-1.871499e+00	1.148012e+01
2.016954e+03	-2.734355e+00	-2.088521e+00	1.012167e+01	5.467828e+00	4.937461e-01	-6.997538e-01	2.048508e+00	-1.870129e+00	1.148183e+01
2.016945e+03	-2.735829e+00	-2.089836e+00	1.012109e+01	5.468574e+00	4.923721e-01	-7.008268e-01	2.049323e+00	-1.868932e+00	1.148329e+01
2.016936e+03	-2.737139e+00	-2.091005e+00	1.012058e+01	5.469237e+00	4.911513e-01	-7.017803e-01	2.050044e+00	-1.867843e+00	1.148459e+01
2.016923e+03	-2.738304e+00	-2.092043e+00	1.012013e+01	5.469826e+00	4.900666e-01	-7.026274e-01	2.050675e+00	-1.866830e+00	1.148574e+01
2.016780e+03	-2.739341e+00	-2.092967e+00	1.011970e+01	5.470352e+00	4.891209e-01	-7.033749e-01	2.050983e+00	-1.864376e+00	1.148677e+01
2.016620e+03	-2.740264e+00	-2.093788e+00	1.011933e+01	5.470820e+00	4.882829e-01	-7.040373e-01	2.051188e+00	-1.861815e+00	1.148768e+01
2.016471e+03	-2.741083e+00	-2.094518e+00	1.011899e+01	5.471237e+00	4.875385e-01	-7.046258e-01	2.051358e+00	-1.859477e+00	1.148849e+01
2.016336e+03	-2.741812e+00	-2.095166e+00	1.011869e+01	5.471607e+00	4.868771e-01	-7.051486e-01	2.051505e+00	-1.857381e+00	1.148921e+01
2.016192e+03	-2.742459e+00	-2.095743e+00	1.011842e+01	5.471938e+00	4.862905e-01	-7.056114e-01	2.051586e+00	-1.855265e+00	1.148985e+01
2.016052e+03	-2.743018e+00	-2.096240e+00	1.011819e+01	5.472225e+00	4.857852e-01	-7.060097e-01	2.051620e+00	-1.853260e+00	1.149040e+01
2.015906e+03	-2.743515e+00	-2.096683e+00	1.011798e+01	5.472481e+00	4.853380e-01	-7.063626e-01	2.051610e+00	-1.851249e+00	1.149089e+01
2.015581e+03	-2.743960e+00	-2.097077e+00	1.011777e+01	5.472710e+00	4.849659e-01	-7.066688e-01	2.051249e+00	-1.847302e+00	1.149133e+01
2.015284e+03	-2.744356e+00	-2.097427e+00	1.011758e+01	5.472913e+00	4.846354e-01	-7.069407e-01	2.050921e+00	-1.843762e+00	1.149171e+01
2.015011e+03	-2.744708e+00	-2.097738e+00	1.011742e+01	5.473095e+00	4.843419e-01	-7.071820e-01	2.050618e+00	-1.840550e+00	1.149206e+01
2.014720e+03	-2.745021e+00	-2.098015e+00	1.011726e+01	5.473259e+00	4.840836e-01	-7.073938e-01	2.050258e+00	-1.837231e+00	1.149236e+01
2.014459e+03	-2.745299e+00	-2.098261e+00	1.011713e+01	5.473405e+00	4.838541e-01	-7.075821e-01	2.049938e+00	-1.834280e+00	1.149264e+01
2.014217e+03	-2.745546e+00	-2.098480e+00	1.011701e+01	5.473535e+00	4.836507e-01	-7.077486e-01	2.049641e+00	-1.831589e+00	1.149288e+01
2.013944e+03	-2.745762e+00	-2.098670e+00	1.011690e+01	5.473651e+00	4.834774e-01	-7.078904e-01	2.049265e+00	-1.828626e+00	1.149309e+01
2.013696e+03	-2.745954e+00	-2.098840e+00	1.011680e+01	5.473755e+00	4.833235e-01	-7.080164e-01	2.048928e+00	-1.825976e+00	1.149327e+01
2.013459e+03	-2.746124e+00	-2.098991e+00	1.011671e+01	5.473848e+00	4.831875e-01	-7.081274e-01	2.048599e+00	-1.823473e+00	1.149344e+01
2.013242e+03	-2.746276e+00	-2.099125e+00	1.011663e+01	5.473931e+00	4.830668e-01	-7.082259e-01	2.048301e+00	-1.821216e+00	1.149359e+01
2.013048e+03	-2.746410e+00	-2.099244e+00	1.011656e+01	5.474005e+00	4.829598e-01	-7.083130e-01	2.048036e+00	-1.819211e+00	1.149372e+01
2.012839e+03	-2.746530e+00	-2.099350e+00	1.011650e+01	5.474073e+00	4.828665e-01	-7.083885e-01	2.047734e+00	-1.817087e+00	1.149384e+01
2.012633e+03	-2.746637e+00	-2.099444e+00	1.011644e+01	5.474134e+00	4.827845e-01	-7.084547e-01	2.047433e+00	-1.815025e+00	1.149394e+01
2.011991e+03	-2.746739e+00	-2.099530e+00	1.011634e+01	5.474192e+00	4.827617e-01	-7.084982e-01	2.046451e+00	-1.808857e+00	1.149403e+01
2.010941e+03	-2.746835e+00	-2.099606e+00	1.011620e+01	5.474246e+00	4.827928e-01	-7.085214e-01	2.044886e+00	-1.799157e+00	1.149411e+01
2.009908e+03	-2.746922e+00	-2.099675e+00	1.011607e+01	5.474297e+00	4.828226e-01	-7.085390e-01	2.043387e+00	-1.790007e+00	1.149418e+01
2.008878e+03	-2.746999e+00	-2.099736e+00	1.011596e+01	5.474346e+00	4.828539e-01	-7.085516e-01	2.041939e+00	-1.781226e+00	1.149425e+01
2.007838e+03	-2.747068e+00	-2.099791e+00	1.011585e+01	5.474393e+00	4.828855e-01	-7.085590e-01	2.040512e+00	-1.772696e+00	1.149431e+01
2.006874e+03	-2.747130e+00	-2.099840e+00	1.011575e+01	5.474435e+00	4.829143e-01	-7.085651e-01	2.039233e+00	-1.765050e+00	1.149436e+01
2.005979e+03	-2.747185e+00	-2.099884e+00	1.011566e+01	5.474474e+00	4.829409e-01	-7.085693e-01	2.038078e+00	-1.758164e+00	1.149440e+01
2.005137e+03	-2.747234e+00	-2.099922e+00	1.011558e+01	5.474509e+00	4.829656e-01	-7.085722e-01	2.037019e+00	-1.751863e+00	1.149444e+01
2.004327e+03	-2.747278e+00	-2.099957e+00	1.011550e+01	5.474543e+00	4.829894e-01	-7.085732e-01	2.036019e+00	-1.745952e+00	1.149448e+01
2.002399e+03	-2.747330e+00	-2.099991e+00	1.011534e+01	5.474579e+00	4.831070e-01	-7.085445e-01	2.033754e+00	-1.732456e+00	1.149451e+01
2.000595e+03	-2.747377e+00	-2.100021e+00	1.011520e+01	5.474612e+00	4.832119e-01	-7.085187e-01	2.031742e+00	-1.720463e+00	1.149453e+01
1.998894e+03	-2.747418e+00	-2.100048e+00	1.011507e+01	5.474642e+00	4.833061e-01	-7.084951e-01	2.029924e+00	-1.709651e+00	1.149456e+01
1.997147e+03	-2.747456e+00	-2.100072e+00	1.011495e+01	5.474676e+00	4.833938e-01	-7.084680e-01	2.028094e+00	-1.699001e+00	1.149458e+01
1.995313e+03	-2.747491e+00	-2.100095e+00	1.011483e+01	5.474711e+00	4.834819e-01	-7.084383e-01	2.026242e+00	-1.688272e+00	1.149460e+01
1.993620e+03	-2.747522e+00	-2.100115e+00	1.011472e+01	5.474742e+00	4.835601e-01	-7.084119e-01	2.024597e+00	-1.678738e+00	1.149462e+01
1.992023e+03	-2.747550e+00	-2.100133e+00	1.011462e+01	5.474772e+00	4.836317e-01	-7.083862e-01	2.023091e+00	-1.670041e+00	1.149463e+01
1.990183e+03	-2.747576e+00	-2.100151e+00	1.011452e+01	5.474810e+00	4.837043e-01	-7.083528e-01	2.021361e+00	-1.660355e+00	1.149465e+01
1.988016e+03	-2.747601e+00	-2.100168e+00	1.011441e+01	5.474856e+00	4.837851e-01	-7.083105e-01	2.019377e+00	-1.649369e+00	1.149466e+01
1.982440e+03	-2.747654e+00	-2.100190e+00	1.011411e+01	5.474908e+00	4.840659e-01	-7.082124e-01	2.014713e+00	-1.622881e+00	1.149467e+01
1.976848e+03	-2.747702e+00	-2.100210e+00	1.011384e+01	5.474960e+00	4.843201e-01	-7.081203e-01	2.010387e+00	-1.598443e+00	1.149468e+01
1.971404e+03	-2.747745e+00	-2.100228e+00	1.011359e+01	5.475009e+00	4.845483e-01	-7.080357e-01	2.006453e+00	-1.576294e+00	1.149469e+01
1.965417e+03	-2.747785e+00	-2.100247e+00	1.011335e+01	5.475073e+00	4.847641e-01	-7.079424e-01	2.002288e+00	-1.553493e+00	1.149470e+01
1.959090e+03	-2.747824e+00	-2.100265e+00	1.011311e+01	5.475143e+00	4.849727e-01	-7.078473e-01	1.998132e+00	-1.530833e+00	1.149471e+01
1.953157e+03	-2.747858e+00	-2.100282e+00	1.011290e+01	5.475206e+00	4.851586e-01	-7.077627e-01	1.994437e+00	-1.510695e+00	1.149472e+01
1.947586e+03	-2.747888e+00	-2.100296e+00	1.011271e+01	5.475262e+00	4.853250e-01	-7.076865e-01	1.991119e+00	-1.492613e+00	1.149472e+01
1.941148e+03	-2.747921e+00	-2.100311e+00	1.011250e+01	5.475330e+00	4.855089e-01	-7.075994e-01	1.987442e+00	-1.472566e+00	1.149473e+01
1.934950e+03	-2.747950e+00	-2.100325e+00	1.011230e+01	5.475395e+00	4.856770e-01	-7.075181e-01	1.984028e+00	-1.453999e+00	1.149473e+01
1.927233e+03	-2.747981e+00	-2.100342e+00	1.011209e+01	5.475490e+00	4.858497e-01	-7.074126e-01	1.979731e+00	-1.431792e+00	1.149474e+01
1.919196e+03	-2.748011e+00	-2.100359e+00	1.011188e+01	5.475590e+00	4.860179e-01	-7.073051e-01	1.975395e+00	-1.409513e+00	1.149475e+01
1.892652e+03	-2.748179e+00	-2.100407e+00	1.011075e+01	5.475722e+00	4.871407e-01	-7.069314e-01	1.958241e+00	-1.342632e+00	1.149475e+01
1.867302e+03	-2.748331e+00	-2.100450e+00	1.010974e+01	5.475845e+00	4.881449e-01	-7.065941e-01	1.942819e+00	-1.282566e+00	1.149476e+01
1.841600e+03	-2.748471e+00	-2.100496e+00	1.010878e+01	5.476011e+00	4.890740e-01	-7.062446e-01	1.927228e+00	-1.223488e+00	1.149477e+01
1.813960e+03	-2.748615e+00	-2.100548e+00	1.010776e+01	5.476258e+00	4.900094e-01	-7.058465e-01	1.910088e+00	-1.160275e+00	1.149477e+01
1.788865e+03	-2.748746e+00	-2.100597e+00	1.010684e+01	5.476499e+00	4.908616e-01	-7.054741e-01	1.894155e+00	-1.101758e+00	1.149478e+01
1.761170e+03	-2.748886e+00	-2.100660e+00	1.010580e+01	5.476867e+00	4.917544e-01	-7.050098e-01	1.874865e+00	-1.034872e+00	1.149480e+01
1.727687e+03	-2.749053e+00	-2.100765e+00	1.010452e+01	5.477550e+00	4.927609e-01	-7.042892e-01	1.845647e+00	-9.498361e-01	1.149485e+01
1.691192e+03	-2.749306e+00	-2.100900e+00	1.010257e+01	5.478464e+00	4.942998e-01	-7.033188e-01	1.806923e+00	-8.477206e-01	1.149490e+01
1.662889e+03	-2.749530e+00	-2.101021e+00	1.010084e+01	5.479276e+00	4.956691e-01	-7.024555e-01	1.772508e+00	-7.569692e-01	1.149494e+01
1.630209e+03	-2.754755e+00	-2.102310e+00	1.007028e+01	5.481823e+00	5.261712e-01	-6.923713e-01	1.695721e+00	-6.797480e-01	1.149501e+01
1.605045e+03	-2.759438e+00	-2.103478e+00	1.004282e+01	5.484269e+00	5.534863e-01	-6.832525e-01	1.626497e+00	-6.102385e-01	1.149507e+01
1.584047e+03	-2.763698e+00	-2.104598e+00	1.001768e+01	5.487078e+00	5.782058e-01	-6.746450e-01	1.561748e+00	-5.459164e-01	1.149517e+01
1.558746e+03	-2.768963e+00	-2.106182e+00	9.985375e+00	5.493627e+00	6.077961e-01	-6.628202e-01	1.481400e+00	-4.673852e-01	1.149530e+01
1.533131e+03	-2.773640e+00	-2.107589e+00	9.956656e+00	5.499456e+00	6.341083e-01	-6.522991e-01	1.409993e+00	-3.975931e-01	1.149542e+01
1.505710e+03	-2.777795e+00	-2.108838e+00	9.931118e+00	5.504646e+00	6.575102e-01	-6.429345e-01	1.346533e+00	-3.355678e-01	1.149553e+01
1.465135e+03	-2.783361e+00	-2.111482e+00	9.895998e+00	5.519984e+00	6.854894e-01	-6.267110e-01	1.257107e+00	-2.525627e-01	1.149676e+01
1.433069e+03	-2.788306e+00	-2.113831e+00	9.864775e+00	5.533618e+00	7.103726e-01	-6.122864e-01	1.177632e+00	-1.787937e-01	1.149786e+01
1.409577e+03	-2.792700e+00	-2.115919e+00	9.837023e+00	5.545735e+00	7.324907e-01	-5.994651e-01	1.107002e+00	-1.132343e-01	1.149883e+01
1.379419e+03	-2.851032e+00	-2.133185e+00	9.760892e+00	5.539121e+00	8.077175e-01	-5.331248e-01	1.028740e+00	-3.504293e-02	1.149481e+01
1.377155e+03	-2.916049e+00	-2.155687e+00	9.674043e+00	5.573402e+00	8.887330e-01	-4.529060e-01	9.387823e-01	5.360053e-02	1.148690e+01
1.465245e+03	-2.973833e+00	-2.175672e+00	9.596779e+00	5.604039e+00	9.608186e-01	-3.814288e-01	8.587978e-01	1.324162e-01	1.147986e+01
1.367202e+03	-2.929797e+00	-2.115001e+00	9.629237e+00	5.535932e+00	9.889952e-01	-3.914829e-01	9.198968e-01	1.375331e-01	1.140919e+01
1.348050e+03	-2.890435e+00	-2.060838e+00	9.658018e+00	5.475498e+00	1.014418e+00	-3.994128e-01	9.743163e-01	1.420188e-01	1.134603e+01
1.362476e+03	-2.846187e+00	-2.001981e+00	9.684351e+00	5.422173e+00	1.046322e+00	-3.775115e-01	1.033735e+00	1.687090e-01	1.126283e+01
1.372432e+03	-2.809890e+00	-1.951616e+00	9.703965e+00	5.377657e+00	1.077489e+00	-3.542219e-01	1.084096e+00	1.956361e-01	1.118997e+01
1.378098e+03	-2.784923e+00	-1.911289e+00	9.713696e+00	5.342864e+00	1.109978e+00	-3.288647e-01	1.123243e+00	2.239594e-01	1.112948e+01
1.383346e+03	-2.765449e+00	-1.876999e+00	9.719380e+00	5.313645e+00	1.140805e+00	-3.044344e-01	1.156006e+00	2.507927e-01	1.107690e+01
1.386166e+03	-2.764089e+00	-1.852598e+00	9.707825e+00	5.295113e+00	1.180046e+00	-2.669915e-01	1.174701e+00	2.824689e-01	1.103376e+01
1.388175e+03	-2.765039e+00	-1.830825e+00	9.692329e+00	5.284628e+00	1.220303e+00	-2.177183e-01	1.188769e+00	3.097110e-01	1.099748e+01
1.387685e+03	-2.782249e+00	-1.818346e+00	9.666471e+00	5.278687e+00	1.258967e+00	-1.723279e-01	1.191428e+00	3.357849e-01	1.096871e+01
1.386497e+03	-2.795883e+00	-1.805572e+00	9.641354e+00	5.275889e+00	1.298912e+00	-1.215406e-01	1.193772e+00	3.589465e-01	1.094111e+01
1.380014e+03	-2.806826e+00	-1.793549e+00	9.617995e+00	5.274241e+00	1.337923e+00	-7.219890e-02	1.195849e+00	3.795318e-01	1.091609e+01
1.369515e+03	-2.814876e+00	-1.781223e+00	9.596459e+00	5.273417e+00	1.376470e+00	-2.183975e-02	1.197640e+00	3.977520e-01	1.088915e+01
1.347081e+03	-2.817907e+00	-1.765068e+00	9.572011e+00	5.280213e+00	1.424387e+00	5.065451e-02	1.199221e+00	4.139356e-01	1.086136e+01
1.310479e+03	-2.817981e+00	-1.745273e+00	9.548066e+00	5.288468e+00	1.475070e+00	1.334012e-01	1.199949e+00	4.277972e-01	1.082478e+01
1.240089e+03	-2.791809e+00	-1.695013e+00	9.495994e+00	5.339701e+00	1.560614e+00	2.242408e-01	1.200406e+00	4.398016e-01	1.077800e+01
1.138385e+03	-2.756789e+00	-1.643586e+00	9.442392e+00	5.390243e+00	1.654615e+00	3.152309e-01	1.200625e+00	4.501048e-01	1.073036e+01
9.579857e+02	-2.694131e+00	-1.567197e+00	9.374668e+00	5.457813e+00	1.765643e+00	4.242070e-01	1.200778e+00	4.591853e-01	1.065246e+01
7.234527e+02	-2.611053e+00	-1.467579e+00	9.287493e+00	5.547781e+00	1.888017e+00	5.418136e-01	1.191285e+00	4.450537e-01	1.055240e+01
5.315737e+02	-2.517941e+00	-1.365366e+00	9.208577e+00	5.628963e+00	2.011997e+00	6.569181e-01	1.182800e+00	4.323812e-01	1.044049e+01
5.201635e+02	-2.416995e+00	-1.265786e+00	9.139424e+00	5.700649e+00	2.136000e+00	7.653983e-01	1.175092e+00	4.206679e-01	1.032595e+01
8.158503e+02	-2.319878e+00	-1.171381e+00	9.082829e+00	5.758816e+00	2.249323e+00	8.634886e-01	1.168128e+00	4.098934e-01	1.020732e+01
1.495925e+03	-2.216874e+00	-1.077154e+00	9.044196e+00	5.803702e+00	2.356234e+00	9.540055e-01	1.159390e+00	3.915762e-01	1.008183e+01
1.005828e+03	-2.279938e+00	-1.140928e+00	8.967562e+00	5.885361e+00	2.297710e+00	8.951698e-01	1.151557e+00	3.751026e-01	1.013756e+01
7.047539e+02	-2.341752e+00	-1.200182e+00	8.898753e+00	5.958422e+00	2.239472e+00	8.401257e-01	1.144405e+00	3.599444e-01	1.019059e+01
5.214783e+02	-2.409980e+00	-1.262706e+00	8.840941e+00	6.022609e+00	2.172710e+00	7.802233e-01	1.137206e+00	3.437261e-01	1.024909e+01
4.749468e+02	-2.479583e+00	-1.327813e+00	8.792423e+00	6.079944e+00	2.102995e+00	7.163710e-01	1.129686e+00	3.258486e-01	1.031201e+01
5.117331e+02	-2.537222e+00	-1.383864e+00	8.752340e+00	6.128742e+00	2.045233e+00	6.613222e-01	1.122927e+00	3.097644e-01	1.036312e+01
5.725312e+02	-2.582350e+00	-1.429514e+00	8.723151e+00	6.166393e+00	1.999698e+00	6.162419e-01	1.116883e+00	2.953935e-01	1.039895e+01
6.362779e+02	-2.618805e+00	-1.468485e+00	8.703262e+00	6.195851e+00	1.962262e+00	5.773192e-01	1.108457e+00	2.727149e-01	1.042465e+01
6.788601e+02	-2.641201e+00	-1.495185e+00	8.665012e+00	6.241210e+00	1.943373e+00	5.545051e-01	1.099697e+00	2.486534e-01	1.043884e+01
7.145273e+02	-2.658233e+00	-1.517597e+00	8.631622e+00	6.280892e+00	1.929647e+00	5.356013e-01	1.091790e+00	2.270157e-01	1.044843e+01
7.457833e+02	-2.673205e+00	-1.537303e+00	8.601486e+00	6.316037e+00	1.917788e+00	5.190654e-01	1.075934e+00	1.895217e-01	1.045607e+01
7.562034e+02	-2.676845e+00	-1.548830e+00	8.562036e+00	6.354849e+00	1.919800e+00	5.120940e-01	1.061717e+00	1.559753e-01	1.045300e+01
7.552168e+02	-2.675031e+00	-1.557392e+00	8.524074e+00	6.389808e+00	1.927500e+00	5.078902e-01	1.047752e+00	1.230111e-01	1.044702e+01
7.503738e+02	-2.670755e+00	-1.563771e+00	8.491943e+00	6.418044e+00	1.937021e+00	5.051561e-01	1.035224e+00	9.352952e-02	1.043796e+01
7.376261e+02	-2.660850e+00	-1.566487e+00	8.456950e+00	6.445586e+00	1.952877e+00	5.062929e-01	1.023456e+00	6.591259e-02	1.042409e+01
6.739853e+02	-2.637022e+00	-1.550822e+00	8.379718e+00	6.517226e+00	1.993295e+00	5.352767e-01	9.573452e-01	-1.135339e-02	1.039811e+01
6.165658e+02	-2.612008e+00	-1.535184e+00	8.311442e+00	6.580932e+00	2.032618e+00	5.626166e-01	8.982235e-01	-8.032783e-02	1.037099e+01
5.629444e+02	-2.583707e+00	-1.519290e+00	8.243543e+00	6.639593e+00	2.075221e+00	5.895920e-01	8.447453e-01	-1.426989e-01	1.034455e+01
5.103414e+02	-2.549298e+00	-1.500707e+00	8.176023e+00	6.696315e+00	2.122985e+00	6.186341e-01	7.970280e-01	-1.983201e-01	1.031345e+01
4.607712e+02	-2.506352e+00	-1.478097e+00	8.101948e+00	6.756304e+00	2.179588e+00	6.520960e-01	7.533587e-01	-2.490307e-01	1.027888e+01
4.274872e+02	-2.461655e+00	-1.454902e+00	8.030574e+00	6.813949e+00	2.236600e+00	6.853871e-01	7.138719e-01	-2.947688e-01	1.024499e+01
4.153910e+02	-2.415044e+00	-1.431505e+00	7.965309e+00	6.866847e+00	2.293109e+00	7.175334e-01	6.783148e-01	-3.357573e-01	1.021055e+01
4.238254e+02	-2.375381e+00	-1.410805e+00	7.909745e+00	6.914324e+00	2.341098e+00	7.458368e-01	6.193018e-01	-3.989534e-01	1.017879e+01
4.559890e+02	-2.333442e+00	-1.390358e+00	7.857899e+00	6.956677e+00	2.389548e+00	7.728006e-01	5.667848e-01	-4.551494e-01	1.014753e+01
5.160395e+02	-2.289624e+00	-1.368811e+00	7.815407e+00	6.992585e+00	2.436396e+00	7.987721e-01	5.207844e-01	-5.047461e-01	1.011249e+01
6.069441e+02	-2.243608e+00	-1.347281e+00	7.782432e+00	7.020812e+00	2.481992e+00	8.228322e-01	4.799352e-01	-5.485572e-01	1.007515e+01
5.655368e+02	-2.253555e+00	-1.361511e+00	7.809205e+00	7.004340e+00	2.473649e+00	8.121549e-01	4.428136e-01	-5.882647e-01	1.007878e+01
4.205784e+02	-2.313223e+00	-1.413525e+00	7.884818e+00	6.937616e+00	2.413116e+00	7.601961e-01	4.103756e-01	-6.232068e-01	1.011606e+01
3.618399e+02	-2.376973e+00	-1.468102e+00	7.966787e+00	6.868148e+00	2.346903e+00	7.047973e-01	3.809978e-01	-6.545057e-01	1.015841e+01
3.710277e+02	-2.421354e+00	-1.509835e+00	8.036964e+00	6.806859e+00	2.297314e+00	6.606295e-01	3.527683e-01	-6.840661e-01	1.018286e+01
4.067984e+02	-2.457768e+00	-1.545718e+00	8.097208e+00	6.752773e+00	2.256199e+00	6.225997e-01	3.231218e-01	-7.135050e-01	1.020358e+01
4.411822e+02	-2.482734e+00	-1.573053e+00	8.144358e+00	6.707734e+00	2.227038e+00	5.932801e-01	2.942868e-01	-7.407175e-01	1.021621e+01
4.724059e+02	-2.499431e+00	-1.595491e+00	8.185974e+00	6.667664e+00	2.204923e+00	5.685351e-01	2.730024e-01	-7.645776e-01	1.022657e+01
5.188540e+02	-2.516801e+00	-1.617568e+00	8.222463e+00	6.631222e+00	2.183941e+00	5.450971e-01	2.204531e-01	-8.124938e-01	1.024005e+01
7.236954e+02	-2.523841e+00	-1.632431e+00	8.247715e+00	6.602358e+00	2.173587e+00	5.290788e-01	1.720431e-01	-8.549925e-01	1.024789e+01
4.704154e+02	-2.463651e+00	-1.585621e+00	8.322646e+00	6.535347e+00	2.198297e+00	5.443955e-01	2.434225e-01	-7.885769e-01	1.018759e+01
4.219430e+02	-2.405239e+00	-1.541103e+00	8.391016e+00	6.476550e+00	2.224393e+00	5.602590e-01	3.091768e-01	-7.300224e-01	1.013294e+01
3.761265e+02	-2.349421e+00	-1.499487e+00	8.446772e+00	6.426362e+00	2.255002e+00	5.777800e-01	3.675972e-01	-6.779955e-01	1.008385e+01
3.491285e+02	-2.294756e+00	-1.456795e+00	8.492240e+00	6.389081e+00	2.289455e+00	6.004148e-01	4.195742e-01	-6.318206e-01	1.003525e+01
3.522893e+02	-2.245272e+00	-1.417730e+00	8.532511e+00	6.354133e+00	2.321404e+00	6.213191e-01	4.648009e-01	-5.921961e-01	9.989920e+00
3.833169e+02	-2.196996e+00	-1.379725e+00	8.567486e+00	6.322856e+00	2.354752e+00	6.428440e-01	5.049665e-01	-5.569971e-01	9.946118e+00
3.856485e+02	-2.170403e+00	-1.368910e+00	8.625095e+00	6.254649e+00	2.355077e+00	6.291060e-01	5.388665e-01	-5.282815e-01	9.917553e+00
3.717817e+02	-2.152720e+00	-1.371416e+00	8.692346e+00	6.169680e+00	2.342474e+00	5.990543e-01	5.690755e-01	-5.026875e-01	9.896328e+00
3.662526e+02	-2.128428e+00	-1.367144e+00	8.748471e+00	6.094840e+00	2.341368e+00	5.781894e-01	5.958093e-01	-4.800606e-01	9.873120e+00
3.654039e+02	-2.101289e+00	-1.358000e+00	8.795434e+00	6.030449e+00	2.346616e+00	5.643386e-01	6.195221e-01	-4.599804e-01	9.847628e+00
3.662413e+02	-2.075115e+00	-1.348511e+00	8.837146e+00	5.971911e+00	2.353236e+00	5.527747e-01	6.406290e-01	-4.420636e-01	9.823234e+00
3.640230e+02	-2.057506e+00	-1.342542e+00	8.875193e+00	5.918760e+00	2.354430e+00	5.406030e-01	6.525113e-01	-4.385112e-01	9.803136e+00
3.610888e+02	-2.043254e+00	-1.337507e+00	8.912559e+00	5.871195e+00	2.352415e+00	5.287829e-01	6.631569e-01	-4.352437e-01	9.784157e+00
3.474427e+02	-2.041410e+00	-1.353019e+00	8.977081e+00	5.788507e+00	2.328821e+00	4.882102e-01	6.725421e-01	-4.324986e-01	9.771491e+00
3.540385e+02	-2.039421e+00	-1.370674e+00	9.045285e+00	5.701099e+00	2.303616e+00	4.447331e-01	6.806852e-01	-4.303581e-01	9.760364e+00
3.746069e+02	-2.033744e+00	-1.383920e+00	9.105563e+00	5.622023e+00	2.284353e+00	4.072279e-01	6.879268e-01	-4.284560e-01	9.748015e+00
3.982444e+02	-2.024097e+00	-1.392237e+00	9.156459e+00	5.550084e+00	2.272532e+00	3.761889e-01	6.943545e-01	-4.267659e-01	9.734630e+00
4.191398e+02	-2.010699e+00	-1.396870e+00	9.197717e+00	5.488109e+00	2.267040e+00	3.511161e-01	6.999598e-01	-4.253330e-01	9.721584e+00
4.186135e+02	-1.990455e+00	-1.391401e+00	9.216293e+00	5.453895e+00	2.274233e+00	3.405944e-01	7.049398e-01	-4.240590e-01	9.706242e+00
3.805901e+02	-1.967604e+00	-1.370624e+00	9.190382e+00	5.478528e+00	2.301062e+00	3.607372e-01	6.983501e-01	-4.324874e-01	9.693422e+00
3.413486e+02	-1.935352e+00	-1.332473e+00	9.137084e+00	5.540504e+00	2.344326e+00	4.063403e-01	6.925162e-01	-4.399556e-01	9.677750e+00
3.563869e+02	-1.904584e+00	-1.295718e+00	9.083614e+00	5.599783e+00	2.387172e+00	4.503606e-01	6.862020e-01	-4.470342e-01	9.662331e+00
4.481170e+02	-1.866678e+00	-1.254438e+00	9.031556e+00	5.654160e+00	2.434290e+00	4.950476e-01	6.804808e-01	-4.534253e-01	9.643462e+00
6.341259e+02	-1.822150e+00	-1.213501e+00	8.979932e+00	5.701914e+00	2.486394e+00	5.379357e-01	6.752163e-01	-4.593110e-01	9.624807e+00
4.423310e+02	-1.854883e+00	-1.259019e+00	9.031951e+00	5.646642e+00	2.442916e+00	4.872762e-01	6.713555e-01	-4.632769e-01	9.635382e+00
3.347540e+02	-1.914118e+00	-1.321734e+00	9.101640e+00	5.577904e+00	2.377732e+00	4.219726e-01	6.417958e-01	-5.069748e-01	9.666211e+00
3.670874e+02	-1.963749e+00	-1.375002e+00	9.163310e+00	5.517947e+00	2.320871e+00	3.652090e-01	6.154124e-01	-5.458629e-01	9.690440e+00
4.550060e+02	-2.004537e+00	-1.420727e+00	9.216687e+00	5.464852e+00	2.272969e+00	3.158104e-01	5.919527e-01	-5.804249e-01	9.709966e+00
5.134449e+02	-2.027814e+00	-1.445564e+00	9.243711e+00	5.441682e+00	2.246983e+00	2.920373e-01	5.710090e-01	-6.110814e-01	9.722861e+00
5.627448e+02	-2.044574e+00	-1.464125e+00	9.266565e+00	5.421468e+00	2.226484e+00	2.726560e-01	5.523761e-01	-6.383048e-01	9.729536e+00
5.965904e+02	-2.055468e+00	-1.476441e+00	9.283778e+00	5.406297e+00	2.211755e+00	2.585812e-01	5.358146e-01	-6.624953e-01	9.731137e+00
6.042452e+02	-2.060677e+00	-1.478529e+00	9.289916e+00	5.400846e+00	2.206193e+00	2.546339e-01	5.153417e-01	-6.808192e-01	9.728531e+00
5.566042e+02	-2.048161e+00	-1.463559e+00	9.267528e+00	5.420960e+00	2.224565e+00	2.720713e-01	4.971124e-01	-6.970489e-01	9.719607e+00
5.132827e+02	-2.034684e+00	-1.449316e+00	9.246808e+00	5.439023e+00	2.242487e+00	2.881656e-01	4.808042e-01	-7.113393e-01	9.711079e+00
4.747197e+02	-2.021242e+00	-1.435411e+00	9.228354e+00	5.454868e+00	2.259098e+00	3.028354e-01	4.662435e-01	-7.239610e-01	9.700998e+00
3.866481e+02	-1.988415e+00	-1.397645e+00	9.180115e+00	5.504853e+00	2.300749e+00	3.474967e-01	4.531923e-01	-7.350169e-01	9.683225e+00
3.309762e+02	-1.954815e+00	-1.360238e+00	9.130204e+00	5.552085e+00	2.345254e+00	3.916596e-01	4.346932e-01	-7.375950e-01	9.665497e+00
3.149011e+02	-1.932773e+00	-1.331524e+00	9.076224e+00	5.597455e+00	2.389722e+00	4.331615e-01	3.895176e-01	-7.457424e-01	9.676653e+00
3.313885e+02	-1.911561e+00	-1.310666e+00	9.031477e+00	5.629511e+00	2.429779e+00	4.645870e-01	3.450094e-01	-7.538014e-01	9.688329e+00
3.457220e+02	-1.893949e+00	-1.307000e+00	9.003177e+00	5.638592e+00	2.460344e+00	4.768348e-01	3.008463e-01	-7.621750e-01	9.708269e+00
3.059603e+02	-1.914935e+00	-1.338339e+00	9.017320e+00	5.610845e+00	2.448048e+00	4.517607e-01	2.560172e-01	-7.709536e-01	9.743200e+00
2.927214e+02	-1.928157e+00	-1.361945e+00	9.027853e+00	5.587061e+00	2.440721e+00	4.316386e-01	2.158121e-01	-7.787863e-01	9.767278e+00
2.907238e+02	-1.937126e+00	-1.377950e+00	9.030393e+00	5.570117e+00	2.440125e+00	4.186658e-01	1.686424e-01	-7.829944e-01	9.784651e+00
2.942782e+02	-1.947307e+00	-1.393724e+00	9.035543e+00	5.552156e+00	2.437167e+00	4.049345e-01	1.207663e-01	-7.863921e-01	9.799444e+00
2.970988e+02	-1.946393e+00	-1.401265e+00	9.036541e+00	5.538155e+00	2.440648e+00	3.962953e-01	7.855840e-02	-7.897945e-01	9.802573e+00
2.989607e+02	-1.940521e+00	-1.405935e+00	9.035484e+00	5.525896e+00	2.447230e+00	3.898377e-01	4.003051e-02	-7.918151e-01	9.803895e+00
2.966603e+02	-1.929839e+00	-1.406761e+00	9.030641e+00	5.517246e+00	2.458061e+00	3.871365e-01	1.609500e-03	-7.926102e-01	9.802043e+00
2.918061e+02	-1.918948e+00	-1.406627e+00	9.020743e+00	5.513613e+00	2.471716e+00	3.876570e-01	-4.710119e-02	-7.981547e-01	9.808156e+00
2.844458e+02	-1.893394e+00	-1.399948e+00	9.005328e+00	5.510566e+00	2.494692e+00	3.918658e-01	-9.095769e-02	-8.030374e-01	9.809850e+00
2.811690e+02	-1.859625e+00	-1.389345e+00	8.990140e+00	5.506643e+00	2.520738e+00	3.971041e-01	-1.234562e-01	-8.128884e-01	9.808238e+00
2.811230e+02	-1.842595e+00	-1.381783e+00	8.986770e+00	5.504701e+00	2.531250e+00	3.990942e-01	-1.526068e-01	-8.215832e-01	9.798853e+00
2.814066e+02	-1.825961e+00	-1.378020e+00	8.980800e+00	5.503298e+00	2.543626e+00	4.011136e-01	-1.956976e-01	-8.386129e-01	9.807148e+00
2.908287e+02	-1.798819e+00	-1.367623e+00	8.971191e+00	5.504307e+00	2.561272e+00	4.065664e-01	-2.332807e-01	-8.548033e-01	9.807655e+00
2.977361e+02	-1.785707e+00	-1.381564e+00	8.994432e+00	5.468051e+00	2.557424e+00	3.840747e-01	-2.642848e-01	-8.711681e-01	9.819263e+00
3.208230e+02	-1.765712e+00	-1.383588e+00	9.012013e+00	5.440670e+00	2.557584e+00	3.690037e-01	-2.913702e-01	-8.862759e-01	9.809718e+00
2.849185e+02	-1.709724e+00	-1.336541e+00	9.068934e+00	5.394842e+00	2.532437e+00	3.472380e-01	-2.268569e-01	-9.432455e-01	9.735198e+00
3.093415e+02	-1.653481e+00	-1.288643e+00	9.107926e+00	5.364686e+00	2.519899e+00	3.366521e-01	-1.758084e-01	-9.841110e-01	9.671566e+00
2.964601e+02	-1.631167e+00	-1.268032e+00	9.172209e+00	5.309762e+00	2.479567e+00	3.019059e-01	-1.310100e-01	-1.017018e+00	9.619014e+00
2.953264e+02	-1.606246e+00	-1.248791e+00	9.224873e+00	5.261044e+00	2.449801e+00	2.728246e-01	-9.367418e-02	-1.032433e+00	9.572522e+00
2.909459e+02	-1.597427e+00	-1.238171e+00	9.263219e+00	5.222756e+00	2.427040e+00	2.497666e-01	-7.051476e-02	-9.943128e-01	9.536604e+00
2.933683e+02	-1.577849e+00	-1.224417e+00	9.294494e+00	5.188104e+00	2.412958e+00	2.311584e-01	-5.000209e-02	-9.601251e-01	9.502790e+00
3.166287e+02	-1.540367e+00	-1.193292e+00	9.296633e+00	5.189512e+00	2.422054e+00	2.400967e-01	-3.186046e-02	-9.292852e-01	9.470263e+00
3.607763e+02	-1.498677e+00	-1.166430e+00	9.297855e+00	5.181558e+00	2.435156e+00	2.436261e-01	-1.804899e-02	-8.926909e-01	9.441815e+00
4.326827e+02	-1.453306e+00	-1.140693e+00	9.297579e+00	5.173433e+00	2.450734e+00	2.474514e-01	-5.765255e-03	-8.599816e-01	9.416359e+00
4.049368e+02	-1.418139e+00	-1.143967e+00	9.331211e+00	5.118865e+00	2.443492e+00	2.115008e-01	5.024719e-03	-8.304193e-01	9.393745e+00
4.019295e+02	-1.378918e+00	-1.141480e+00	9.358476e+00	5.071326e+00	2.441247e+00	1.819026e-01	1.460558e-02	-8.041158e-01	9.371348e+00
3.542357e+02	-1.365159e+00	-1.167306e+00	9.420203e+00	4.993249e+00	2.409100e+00	1.245312e-01	2.309985e-02	-7.806618e-01	9.353912e+00
3.713607e+02	-1.341062e+00	-1.185212e+00	9.471226e+00	4.925413e+00	2.385755e+00	7.586411e-02	3.062275e-02	-7.597152e-01	9.336543e+00
3.676736e+02	-1.369467e+00	-1.192325e+00	9.506139e+00	4.927980e+00	2.354214e+00	7.331163e-02	2.019097e-02	-6.954962e-01	9.333772e+00
3.442889e+02	-1.383247e+00	-1.176646e+00	9.513272e+00	4.953918e+00	2.340756e+00	9.017134e-02	1.094467e-02	-6.384968e-01	9.327467e+00
3.242081e+02	-1.395962e+00	-1.164530e+00	9.519432e+00	4.977603e+00	2.328705e+00	1.052758e-01	-2.170893e-03	-5.790791e-01	9.325903e+00
3.059516e+02	-1.415936e+00	-1.130438e+00	9.494149e+00	5.033440e+00	2.333743e+00	1.521513e-01	-2.839558e-02	-5.029438e-01	9.327810e+00
2.825036e+02	-1.469481e+00	-1.121494e+00	9.507752e+00	5.077888e+00	2.295691e+00	1.785569e-01	-5.136839e-02	-4.356859e-01	9.329945e+00
2.634996e+02	-1.519874e+00	-1.114658e+00	9.525137e+00	5.116281e+00	2.256514e+00	2.005506e-01	-7.542420e-02	-3.769687e-01	9.333609e+00
2.642040e+02	-1.548492e+00	-1.100208e+00	9.533091e+00	5.152898e+00	2.235485e+00	2.259369e-01	-9.682403e-02	-3.247873e-01	9.335805e+00
2.420308e+02	-1.580630e+00	-1.110881e+00	9.562335e+00	5.161654e+00	2.198424e+00	2.212207e-01	-1.159683e-01	-2.785435e-01	9.340015e+00
2.348705e+02	-1.593991e+00	-1.114017e+00	9.584329e+00	5.169721e+00	2.176139e+00	2.200419e-01	-1.327047e-01	-2.374818e-01	9.343150e+00
2.308256e+02	-1.601108e+00	-1.113155e+00	9.602611e+00	5.177266e+00	2.159652e+00	2.205454e-01	-1.508530e-01	-2.048218e-01	9.344629e+00
2.263286e+02	-1.604546e+00	-1.109681e+00	9.614907e+00	5.185481e+00	2.150771e+00	2.240150e-01	-1.825497e-01	-1.984311e-01	9.347105e+00
2.232346e+02	-1.601887e+00	-1.105476e+00	9.627266e+00	5.192569e+00	2.143646e+00	2.268521e-01	-2.133850e-01	-1.957779e-01	9.349679e+00
2.260803e+02	-1.587091e+00	-1.091221e+00	9.635335e+00	5.201080e+00	2.145174e+00	2.346310e-01	-2.426663e-01	-1.956742e-01	9.349451e+00
2.164786e+02	-1.604778e+00	-1.092215e+00	9.664420e+00	5.204206e+00	2.111082e+00	2.282688e-01	-2.700543e-01	-1.978429e-01	9.345585e+00
2.119557e+02	-1.617232e+00	-1.088575e+00	9.688645e+00	5.207726e+00	2.084120e+00	2.253047e-01	-3.023648e-01	-2.105049e-01	9.341584e+00
2.111142e+02	-1.619387e+00	-1.091383e+00	9.717430e+00	5.200379e+00	2.059790e+00	2.115981e-01	-3.311802e-01	-2.217773e-01	9.339088e+00
2.071710e+02	-1.602073e+00	-1.071257e+00	9.727502e+00	5.205999e+00	2.059461e+00	2.185989e-01	-3.542661e-01	-2.307601e-01	9.334069e+00
2.079652e+02	-1.581735e+00	-1.057028e+00	9.740165e+00	5.204687e+00	2.059468e+00	2.174359e-01	-3.749368e-01	-2.393539e-01	9.328347e+00
2.145008e+02	-1.547491e+00	-1.045375e+00	9.748927e+00	5.199440e+00	2.072848e+00	2.148467e-01	-3.933107e-01	-2.469872e-01	9.324384e+00
2.163897e+02	-1.514269e+00	-1.043320e+00	9.762534e+00	5.188677e+00	2.081846e+00	2.042095e-01	-4.048439e-01	-2.532652e-01	9.321983e+00
2.091282e+02	-1.478886e+00	-1.065316e+00	9.789839e+00	5.158390e+00	2.082182e+00	1.683184e-01	-4.153475e-01	-2.588998e-01	9.322201e+00
2.414190e+02	-1.485886e+00	-1.100036e+00	9.836987e+00	5.131510e+00	2.045736e+00	1.260084e-01	-4.333142e-01	-2.685946e-01	9.323694e+00
2.624611e+02	-1.466781e+00	-1.108686e+00	9.858376e+00	5.118151e+00	2.039098e+00	1.054462e-01	-4.496046e-01	-2.769067e-01	9.323320e+00
2.126711e+02	-1.414799e+00	-1.054218e+00	9.819131e+00	5.170832e+00	2.080751e+00	1.591818e-01	-4.614945e-01	-2.864494e-01	9.315203e+00
3.483326e+02	-1.358505e+00	-9.981035e-01	9.778015e+00	5.221792e+00	2.126083e+00	2.121272e-01	-4.727497e-01	-2.943119e-01	9.305758e+00
4.987794e+02	-1.332751e+00	-9.778650e-01	9.761982e+00	5.255946e+00	2.142525e+00	2.435569e-01	-4.835541e-01	-3.015301e-01	9.308482e+00
2.921440e+02	-1.356945e+00	-1.022159e+00	9.806038e+00	5.225919e+00	2.101879e+00	2.110427e-01	-4.933616e-01	-3.077366e-01	9.332859e+00
