# loss | a0 ... a9
1.495426e+04	-8.260000e-01	-3.624000e-01	1.523360e+01	2.392800e+00	4.071200e+00	2.636000e-01	-7.908000e-01	3.060000e-02	9.438800e+00
3.844720e+03	-9.362975e-01	-4.726975e-01	1.534390e+01	2.282503e+00	3.960903e+00	1.533025e-01	-6.805025e-01	-7.969749e-02	9.549097e+00
1.305046e+03	-1.004448e+00	-5.432723e-01	1.541726e+01	2.207820e+00	3.888053e+00	8.527119e-02	-5.944102e-01	-1.723511e-01	9.628492e+00
7.259945e+02	-1.032482e+00	-5.821201e-01	1.543669e+01	2.182690e+00	3.865526e+00	4.345684e-02	-5.693781e-01	-1.921259e-01	9.672468e+00
5.649199e+02	-1.044947e+00	-6.038888e-01	1.543673e+01	2.175624e+00	3.861290e+00	2.480574e-02	-5.538554e-01	-2.081533e-01	9.710979e+00
4.929760e+02	-1.050352e+00	-6.182051e-01	1.541269e+01	2.188116e+00	3.876049e+00	1.630283e-02	-5.636848e-01	-1.827723e-01	9.742904e+00
4.645825e+02	-1.049441e+00	-6.247963e-01	1.539547e+01	2.198379e+00	3.887479e+00	1.348506e-02	-5.713269e-01	-1.695933e-01	9.762273e+00
4.331963e+02	-1.049391e+00	-6.315597e-01	1.537210e+01	2.213810e+00	3.903386e+00	1.308222e-02	-5.910736e-01	-1.368110e-01	9.787392e+00
4.168301e+02	-1.043975e+00	-6.340039e-01	1.534347e+01	2.232833e+00	3.923541e+00	1.561160e-02	-6.070315e-01	-1.154023e-01	9.800382e+00
3.945366e+02	-1.037895e+00	-6.364033e-01	1.530115e+01	2.260621e+00	3.952593e+00	2.045938e-02	-6.405432e-01	-6.639186e-02	9.818121e+00
3.784521e+02	-1.032968e+00	-6.396716e-01	1.527798e+01	2.276141e+00	3.969540e+00	2.273831e-02	-6.562874e-01	-5.800654e-02	9.833805e+00
3.564950e+02	-1.030276e+00	-6.439723e-01	1.524739e+01	2.296728e+00	3.991811e+00	2.694696e-02	-6.844143e-01	-3.154752e-02	9.856377e+00
3.443434e+02	-1.021400e+00	-6.463633e-01	1.522072e+01	2.315106e+00	4.011959e+00	2.960845e-02	-6.983968e-01	-2.555195e-02	9.869598e+00
3.345876e+02	-1.007182e+00	-6.487881e-01	1.519583e+01	2.330460e+00	4.032168e+00	3.036175e-02	-7.156477e-01	-2.130783e-02	9.879449e+00
3.194653e+02	-1.001904e+00	-6.518228e-01	1.516522e+01	2.352455e+00	4.055272e+00	3.533620e-02	-7.275415e-01	-1.382370e-02	9.898134e+00
3.083574e+02	-9.906952e-01	-6.544850e-01	1.513723e+01	2.372336e+00	4.078365e+00	3.863490e-02	-7.265997e-01	-1.691918e-02	9.912447e+00
2.944443e+02	-9.832016e-01	-6.574830e-01	1.510236e+01	2.395067e+00	4.103938e+00	4.312852e-02	-7.465910e-01	-5.940491e-03	9.930549e+00
2.818360e+02	-9.702797e-01	-6.613946e-01	1.506495e+01	2.418324e+00	4.134167e+00	4.485609e-02	-7.597847e-01	-1.537872e-03	9.946056e+00
2.707541e+02	-9.608758e-01	-6.634574e-01	1.503331e+01	2.441255e+00	4.159722e+00	5.025781e-02	-7.756270e-01	4.067015e-03	9.961701e+00
2.639407e+02	-9.448111e-01	-6.645688e-01	1.498790e+01	2.472266e+00	4.197495e+00	5.420420e-02	-8.107876e-01	3.247737e-02	9.969652e+00
2.516145e+02	-9.355638e-01	-6.683790e-01	1.496036e+01	2.490109e+00	4.219504e+00	5.807169e-02	-8.030981e-01	1.478107e-02	9.987845e+00
2.393878e+02	-9.217333e-01	-6.727785e-01	1.492629e+01	2.510992e+00	4.245847e+00	6.030478e-02	-8.026148e-01	2.570113e-03	1.000715e+01
2.312772e+02	-9.079327e-01	-6.749085e-01	1.488484e+01	2.534864e+00	4.277416e+00	6.456526e-02	-8.050635e-01	-2.336731e-03	1.001873e+01
2.208945e+02	-8.935161e-01	-6.776382e-01	1.483561e+01	2.564246e+00	4.314569e+00	7.056137e-02	-8.122969e-01	-4.036959e-03	1.003576e+01
2.143279e+02	-8.755104e-01	-6.798961e-01	1.479745e+01	2.585433e+00	4.346331e+00	7.244083e-02	-8.142408e-01	-9.456149e-03	1.004534e+01
2.096972e+02	-8.698864e-01	-6.811971e-01	1.477398e+01	2.600330e+00	4.365381e+00	7.683414e-02	-8.280504e-01	-6.141817e-03	1.005132e+01
2.006473e+02	-8.429220e-01	-6.844434e-01	1.472344e+01	2.627991e+00	4.409708e+00	7.816752e-02	-8.223326e-01	-1.772946e-02	1.006622e+01
1.932853e+02	-8.217793e-01	-6.874740e-01	1.467559e+01	2.655336e+00	4.450597e+00	7.842963e-02	-8.360959e-01	-8.645797e-03	1.007667e+01
1.860124e+02	-7.993117e-01	-6.899089e-01	1.462967e+01	2.677801e+00	4.488696e+00	8.199727e-02	-8.275468e-01	-2.527337e-02	1.008994e+01
1.802657e+02	-7.729615e-01	-6.916815e-01	1.457350e+01	2.708048e+00	4.537142e+00	8.603965e-02	-8.220092e-01	-3.943041e-02	1.009806e+01
1.726698e+02	-7.553906e-01	-6.946882e-01	1.454136e+01	2.721244e+00	4.564779e+00	8.756188e-02	-8.352727e-01	-4.697626e-02	1.011211e+01
1.653830e+02	-7.315019e-01	-6.978520e-01	1.449603e+01	2.739221e+00	4.601785e+00	8.807673e-02	-8.597387e-01	-3.901705e-02	1.012167e+01
1.586384e+02	-7.150130e-01	-7.004212e-01	1.446360e+01	2.751268e+00	4.629355e+00	9.075856e-02	-8.699747e-01	-5.646603e-02	1.013447e+01
1.534416e+02	-6.889697e-01	-7.024271e-01	1.441159e+01	2.777854e+00	4.673095e+00	9.288674e-02	-8.753567e-01	-6.855110e-02	1.014190e+01
1.452740e+02	-6.770160e-01	-7.057394e-01	1.439818e+01	2.774665e+00	4.687432e+00	9.456289e-02	-9.021496e-01	-8.201261e-02	1.015578e+01
1.360310e+02	-6.933764e-01	-7.110516e-01	1.441266e+01	2.754315e+00	4.680776e+00	9.423336e-02	-9.378870e-01	-9.861958e-02	1.016641e+01
1.303705e+02	-6.556170e-01	-7.121146e-01	1.436423e+01	2.775559e+00	4.723020e+00	9.786228e-02	-9.543500e-01	-1.104329e-01	1.017704e+01
1.274729e+02	-6.344182e-01	-7.125714e-01	1.431535e+01	2.802253e+00	4.765183e+00	1.035769e-01	-9.526393e-01	-1.269193e-01	1.018627e+01
1.256146e+02	-6.104937e-01	-7.151558e-01	1.430679e+01	2.791789e+00	4.775632e+00	1.034995e-01	-9.203004e-01	-1.393672e-01	1.019565e+01
1.237176e+02	-5.834747e-01	-7.186886e-01	1.427895e+01	2.789967e+00	4.799621e+00	1.025997e-01	-8.979894e-01	-1.645327e-01	1.020719e+01
1.173110e+02	-5.684099e-01	-7.204814e-01	1.426347e+01	2.788910e+00	4.813365e+00	1.058301e-01	-9.466536e-01	-1.605606e-01	1.021511e+01
1.544718e+02	-5.397768e-01	-7.215476e-01	1.420862e+01	2.813976e+00	4.854640e+00	1.116246e-01	-1.002704e+00	-1.721876e-01	1.022638e+01
1.217359e+02	-5.358200e-01	-7.227541e-01	1.425683e+01	2.766260e+00	4.824703e+00	1.097084e-01	-8.713223e-01	-2.236514e-01	1.022524e+01
1.271884e+02	-5.209905e-01	-7.236653e-01	1.426262e+01	2.750489e+00	4.823598e+00	1.120522e-01	-8.310103e-01	-2.493840e-01	1.023136e+01
1.216836e+02	-4.977026e-01	-7.251889e-01	1.423717e+01	2.753622e+00	4.846220e+00	1.136904e-01	-8.493866e-01	-2.329611e-01	1.023805e+01
1.131921e+02	-4.565796e-01	-7.261125e-01	1.414887e+01	2.796568e+00	4.910952e+00	1.171112e-01	-8.856075e-01	-1.968882e-01	1.024532e+01
1.066334e+02	-4.596303e-01	-7.291584e-01	1.419128e+01	2.751077e+00	4.879155e+00	1.175422e-01	-9.165334e-01	-2.012439e-01	1.025304e+01
1.062158e+02	-4.483119e-01	-7.307345e-01	1.420228e+01	2.726112e+00	4.871977e+00	1.193569e-01	-9.319014e-01	-1.771843e-01	1.025864e+01
1.047689e+02	-4.325266e-01	-7.323523e-01	1.419654e+01	2.715885e+00	4.877070e+00	1.211974e-01	-9.067105e-01	-1.912361e-01	1.026153e+01
1.037585e+02	-4.249492e-01	-7.355119e-01	1.420680e+01	2.692927e+00	4.872021e+00	1.215705e-01	-9.012674e-01	-2.001750e-01	1.026837e+01
1.013623e+02	-3.933122e-01	-7.353609e-01	1.416643e+01	2.708382e+00	4.902757e+00	1.255640e-01	-9.058826e-01	-2.127801e-01	1.026971e+01
1.027464e+02	-3.582090e-01	-7.357072e-01	1.410886e+01	2.732102e+00	4.944082e+00	1.302516e-01	-9.272017e-01	-2.016036e-01	1.027558e+01
1.108540e+02	-3.482516e-01	-7.360192e-01	1.413042e+01	2.700199e+00	4.928157e+00	1.309677e-01	-8.280946e-01	-2.082130e-01	1.027086e+01
1.123157e+02	-3.210436e-01	-7.373213e-01	1.412285e+01	2.684984e+00	4.934273e+00	1.338296e-01	-8.072041e-01	-2.177575e-01	1.027477e+01
1.075270e+02	-3.134657e-01	-7.392692e-01	1.412285e+01	2.672194e+00	4.935648e+00	1.347321e-01	-8.291407e-01	-1.994437e-01	1.027861e+01
9.583441e+01	-2.903765e-01	-7.428785e-01	1.412307e+01	2.651139e+00	4.936150e+00	1.338070e-01	-9.047279e-01	-2.120616e-01	1.029206e+01
1.063966e+02	-2.768744e-01	-7.437356e-01	1.410285e+01	2.653549e+00	4.950401e+00	1.375472e-01	-9.363620e-01	-2.024094e-01	1.029569e+01
9.613806e+01	-2.640558e-01	-7.440664e-01	1.411496e+01	2.631230e+00	4.943029e+00	1.384240e-01	-8.713417e-01	-2.064024e-01	1.029218e+01
9.701246e+01	-2.410811e-01	-7.443693e-01	1.409095e+01	2.631774e+00	4.958936e+00	1.415952e-01	-8.582416e-01	-2.129944e-01	1.029447e+01
9.392462e+01	-2.115851e-01	-7.437175e-01	1.405424e+01	2.643258e+00	4.981050e+00	1.467561e-01	-8.828176e-01	-1.904892e-01	1.030008e+01
9.277851e+01	-2.061304e-01	-7.463386e-01	1.406761e+01	2.615241e+00	4.972986e+00	1.467757e-01	-8.694709e-01	-1.976279e-01	1.030400e+01
9.312932e+01	-2.077027e-01	-7.491502e-01	1.411342e+01	2.567385e+00	4.945148e+00	1.468404e-01	-8.591670e-01	-2.017275e-01	1.030946e+01
8.924274e+01	-1.809061e-01	-7.500705e-01	1.407155e+01	2.578642e+00	4.970717e+00	1.493998e-01	-8.807863e-01	-1.912494e-01	1.031545e+01
1.078234e+02	-1.686513e-01	-7.541203e-01	1.406455e+01	2.563071e+00	4.977894e+00	1.486178e-01	-9.293701e-01	-2.050765e-01	1.032406e+01
9.070936e+01	-1.383519e-01	-7.522111e-01	1.403412e+01	2.570842e+00	4.995516e+00	1.526001e-01	-8.531269e-01	-2.257655e-01	1.031822e+01
9.338834e+01	-1.127761e-01	-7.521720e-01	1.401178e+01	2.573871e+00	5.008043e+00	1.563340e-01	-8.332605e-01	-2.248575e-01	1.032173e+01
8.947264e+01	-1.014310e-01	-7.533985e-01	1.400958e+01	2.559428e+00	5.010553e+00	1.577422e-01	-8.476570e-01	-2.158319e-01	1.032587e+01
8.718188e+01	-8.315575e-02	-7.556551e-01	1.400524e+01	2.540110e+00	5.013307e+00	1.568726e-01	-8.598657e-01	-2.202294e-01	1.033138e+01
8.485020e+01	-7.618069e-02	-7.562864e-01	1.400455e+01	2.529621e+00	5.014437e+00	1.602814e-01	-8.729755e-01	-1.977643e-01	1.033171e+01
8.551552e+01	-7.387746e-02	-7.570896e-01	1.402092e+01	2.504932e+00	5.006116e+00	1.620261e-01	-8.571479e-01	-1.799160e-01	1.032764e+01
8.426643e+01	-5.521158e-02	-7.580969e-01	1.400366e+01	2.502735e+00	5.016729e+00	1.642283e-01	-8.619319e-01	-1.725680e-01	1.033095e+01
8.435731e+01	-2.713234e-02	-7.583454e-01	1.396830e+01	2.510515e+00	5.035215e+00	1.668048e-01	-8.579618e-01	-1.546025e-01	1.033107e+01
8.263265e+01	-2.765984e-02	-7.607850e-01	1.399296e+01	2.478601e+00	5.022416e+00	1.669693e-01	-8.628093e-01	-1.579195e-01	1.033482e+01
8.210159e+01	-3.737900e-02	-7.630831e-01	1.400750e+01	2.459911e+00	5.017036e+00	1.683031e-01	-8.813272e-01	-1.468859e-01	1.034378e+01
8.678496e+01	-1.096482e-02	-7.629335e-01	1.399059e+01	2.452022e+00	5.024940e+00	1.697124e-01	-8.196921e-01	-1.481085e-01	1.034222e+01
8.390371e+01	2.442591e-02	-7.643773e-01	1.395468e+01	2.449161e+00	5.043394e+00	1.694107e-01	-8.314069e-01	-1.237463e-01	1.034488e+01
8.005862e+01	2.774427e-02	-7.655233e-01	1.394978e+01	2.444681e+00	5.047856e+00	1.726149e-01	-8.583804e-01	-1.387626e-01	1.034731e+01
7.975683e+01	3.260897e-02	-7.668216e-01	1.392963e+01	2.452035e+00	5.058909e+00	1.745413e-01	-8.710039e-01	-1.510110e-01	1.034861e+01
7.923874e+01	4.020490e-02	-7.683355e-01	1.393806e+01	2.424554e+00	5.052251e+00	1.754987e-01	-8.631487e-01	-1.697040e-01	1.034696e+01
1.097417e+02	6.237434e-02	-7.703171e-01	1.393696e+01	2.396261e+00	5.048684e+00	1.766907e-01	-9.200863e-01	-2.135721e-01	1.034709e+01
8.655992e+01	6.847366e-02	-7.692239e-01	1.392864e+01	2.392457e+00	5.053410e+00	1.772257e-01	-8.161947e-01	-2.484325e-01	1.033750e+01
8.643267e+01	9.413400e-02	-7.696203e-01	1.387863e+01	2.415903e+00	5.082343e+00	1.781062e-01	-8.116238e-01	-2.355916e-01	1.033583e+01
8.126428e+01	8.798463e-02	-7.706485e-01	1.388612e+01	2.403481e+00	5.081124e+00	1.806425e-01	-8.350202e-01	-2.265529e-01	1.033815e+01
7.898028e+01	8.544920e-02	-7.713425e-01	1.389921e+01	2.378512e+00	5.076380e+00	1.833092e-01	-8.749460e-01	-1.932349e-01	1.034121e+01
8.127293e+01	9.164306e-02	-7.719213e-01	1.388907e+01	2.377341e+00	5.082176e+00	1.843895e-01	-8.244626e-01	-1.909548e-01	1.034231e+01
8.165246e+01	9.073235e-02	-7.744594e-01	1.391191e+01	2.351386e+00	5.068641e+00	1.838291e-01	-8.186977e-01	-1.885702e-01	1.034783e+01
7.693015e+01	1.059191e-01	-7.746748e-01	1.386546e+01	2.370126e+00	5.093128e+00	1.870864e-01	-8.477783e-01	-1.709917e-01	1.034920e+01
7.865245e+01	1.115971e-01	-7.745324e-01	1.382205e+01	2.394147e+00	5.115778e+00	1.905728e-01	-8.742849e-01	-1.609293e-01	1.034682e+01
8.092857e+01	1.091701e-01	-7.759968e-01	1.385350e+01	2.347678e+00	5.094192e+00	1.892860e-01	-8.113096e-01	-1.530825e-01	1.034608e+01
7.768782e+01	9.232166e-02	-7.783813e-01	1.390132e+01	2.296036e+00	5.070686e+00	1.894734e-01	-8.342588e-01	-1.689053e-01	1.035054e+01
7.531334e+01	1.176537e-01	-7.795195e-01	1.384660e+01	2.317329e+00	5.094871e+00	1.908846e-01	-8.619307e-01	-1.558336e-01	1.035293e+01
7.534197e+01	1.287600e-01	-7.793951e-01	1.383041e+01	2.325598e+00	5.098234e+00	1.925058e-01	-8.507517e-01	-1.635474e-01	1.035458e+01
7.472539e+01	1.390540e-01	-7.809565e-01	1.380302e+01	2.323442e+00	5.112042e+00	1.933123e-01	-8.563043e-01	-1.621923e-01	1.035476e+01
8.127677e+01	1.232125e-01	-7.823884e-01	1.381836e+01	2.306082e+00	5.105215e+00	1.925895e-01	-7.963216e-01	-1.708448e-01	1.035223e+01
7.875656e+01	1.389134e-01	-7.822514e-01	1.378450e+01	2.313315e+00	5.121540e+00	1.960118e-01	-8.071315e-01	-1.401301e-01	1.034995e+01
7.438207e+01	1.320757e-01	-7.830811e-01	1.378793e+01	2.308866e+00	5.118757e+00	2.004393e-01	-8.568280e-01	-1.334157e-01	1.035091e+01
1.294306e+02	1.365698e-01	-7.860487e-01	1.378061e+01	2.294762e+00	5.123346e+00	1.994259e-01	-9.224147e-01	-1.334490e-01	1.036177e+01
9.253598e+01	1.303856e-01	-7.848603e-01	1.383529e+01	2.232166e+00	5.088206e+00	1.951718e-01	-7.358060e-01	-1.483100e-01	1.034803e+01
9.717934e+01	1.444446e-01	-7.827780e-01	1.379052e+01	2.259922e+00	5.112549e+00	1.992244e-01	-6.966625e-01	-1.522488e-01	1.034493e+01
9.739919e+01	1.698012e-01	-7.823503e-01	1.373105e+01	2.289600e+00	5.138944e+00	2.010558e-01	-6.906157e-01	-1.435778e-01	1.034432e+01
9.128963e+01	1.550470e-01	-7.836321e-01	1.372542e+01	2.289567e+00	5.146852e+00	2.031990e-01	-7.285589e-01	-1.252702e-01	1.034554e+01
8.433399e+01	1.779225e-01	-7.856665e-01	1.366049e+01	2.320288e+00	5.184682e+00	2.029542e-01	-7.801845e-01	-1.245014e-01	1.034947e+01
7.605473e+01	1.126714e-01	-7.886745e-01	1.376171e+01	2.250910e+00	5.132025e+00	2.025779e-01	-8.102829e-01	-1.200494e-01	1.035132e+01
7.353651e+01	8.663847e-02	-7.903524e-01	1.377731e+01	2.240369e+00	5.127751e+00	2.038531e-01	-8.537160e-01	-1.317758e-01	1.035421e+01
7.889068e+01	9.079903e-02	-7.920545e-01	1.378198e+01	2.227105e+00	5.124067e+00	2.044612e-01	-8.743426e-01	-1.344629e-01	1.035595e+01
7.484086e+01	1.062190e-01	-7.901745e-01	1.376044e+01	2.245321e+00	5.132426e+00	2.084631e-01	-8.174901e-01	-9.772414e-02	1.035151e+01
7.340605e+01	1.165861e-01	-7.919971e-01	1.374424e+01	2.235873e+00	5.140112e+00	2.078271e-01	-8.235148e-01	-1.037092e-01	1.035260e+01
7.194699e+01	1.163678e-01	-7.944511e-01	1.375412e+01	2.205027e+00	5.134800e+00	2.075012e-01	-8.345481e-01	-1.171045e-01	1.035362e+01
7.268413e+01	1.355572e-01	-7.941338e-01	1.370303e+01	2.230896e+00	5.156659e+00	2.092361e-01	-8.225314e-01	-1.020037e-01	1.035189e+01
7.264762e+01	1.620903e-01	-7.953560e-01	1.363937e+01	2.267679e+00	5.189931e+00	2.099576e-01	-8.270552e-01	-9.737972e-02	1.035541e+01
7.046587e+01	1.300086e-01	-7.970992e-01	1.369520e+01	2.221177e+00	5.157792e+00	2.098264e-01	-8.410324e-01	-1.016859e-01	1.035455e+01
7.232187e+01	1.452491e-01	-7.978712e-01	1.366227e+01	2.230639e+00	5.170745e+00	2.113104e-01	-8.568517e-01	-1.020870e-01	1.035882e+01
8.045747e+01	1.195085e-01	-7.971127e-01	1.370146e+01	2.196759e+00	5.147360e+00	2.119194e-01	-7.712088e-01	-8.280115e-02	1.035104e+01
7.885248e+01	1.342529e-01	-7.982060e-01	1.367056e+01	2.201262e+00	5.159995e+00	2.132609e-01	-7.772615e-01	-7.999674e-02	1.035243e+01
7.638776e+01	1.192515e-01	-7.990511e-01	1.367828e+01	2.194269e+00	5.155258e+00	2.141906e-01	-7.939988e-01	-8.474867e-02	1.035371e+01
7.166010e+01	1.106519e-01	-8.010745e-01	1.369682e+01	2.169227e+00	5.142698e+00	2.133723e-01	-8.271464e-01	-7.957283e-02	1.035645e+01
7.009218e+01	1.241796e-01	-8.009716e-01	1.364571e+01	2.197954e+00	5.165751e+00	2.162859e-01	-8.328137e-01	-8.183890e-02	1.035539e+01
7.455050e+01	1.639390e-01	-7.996964e-01	1.355928e+01	2.253769e+00	5.209734e+00	2.191806e-01	-8.177242e-01	-6.313643e-02	1.035525e+01
7.113712e+01	1.043076e-01	-8.029966e-01	1.366718e+01	2.177508e+00	5.157181e+00	2.172119e-01	-8.208395e-01	-7.791214e-02	1.035395e+01
7.000466e+01	9.562204e-02	-8.033515e-01	1.367067e+01	2.173659e+00	5.154981e+00	2.192422e-01	-8.330812e-01	-8.865110e-02	1.035263e+01
7.056850e+01	9.284617e-02	-8.053145e-01	1.367385e+01	2.160169e+00	5.151681e+00	2.187470e-01	-8.448177e-01	-9.627085e-02	1.035326e+01
7.065738e+01	1.088154e-01	-8.066428e-01	1.365699e+01	2.153775e+00	5.156982e+00	2.198287e-01	-8.425226e-01	-1.127040e-01	1.035475e+01
7.331110e+01	1.178041e-01	-8.047600e-01	1.362203e+01	2.174790e+00	5.172172e+00	2.219370e-01	-8.009640e-01	-8.459735e-02	1.034547e+01
7.191557e+01	9.603793e-02	-8.077530e-01	1.365125e+01	2.144702e+00	5.153067e+00	2.192542e-01	-8.480829e-01	-1.160334e-01	1.034932e+01
3.105109e+02	1.181046e-01	-8.075439e-01	1.360195e+01	2.175850e+00	5.180005e+00	2.224686e-01	-9.688946e-01	-1.442428e-01	1.034928e+01
1.269631e+02	1.363818e-01	-7.790073e-01	1.360612e+01	2.172396e+00	5.164635e+00	2.247373e-01	-5.168675e-01	-9.560101e-02	1.026814e+01
1.568070e+02	1.403123e-01	-7.708733e-01	1.362067e+01	2.146042e+00	5.152090e+00	2.226450e-01	-3.475945e-01	-7.474615e-02	1.024225e+01
1.619956e+02	1.175745e-01	-7.700110e-01	1.360616e+01	2.162493e+00	5.162782e+00	2.192675e-01	-2.917027e-01	-4.092776e-02	1.023606e+01
1.525199e+02	8.818741e-02	-7.754726e-01	1.362896e+01	2.126825e+00	5.136994e+00	2.106584e-01	-2.852989e-01	-1.017417e-02	1.024713e+01
1.493093e+02	5.505759e-02	-7.810515e-01	1.366324e+01	2.094414e+00	5.114105e+00	2.026481e-01	-2.920626e-01	-7.254878e-03	1.026221e+01
1.403407e+02	6.032471e-02	-7.821212e-01	1.359354e+01	2.149161e+00	5.143768e+00	2.045305e-01	-3.142196e-01	5.224176e-02	1.026589e+01
1.378666e+02	6.936092e-02	-7.824954e-01	1.354075e+01	2.177579e+00	5.170750e+00	2.056423e-01	-3.243446e-01	7.971242e-02	1.026486e+01
1.315916e+02	3.935778e-02	-7.855257e-01	1.353290e+01	2.201183e+00	5.160551e+00	2.054796e-01	-3.550311e-01	1.094586e-01	1.027383e+01
1.275504e+02	3.586705e-03	-7.873302e-01	1.355550e+01	2.188537e+00	5.127319e+00	2.057064e-01	-3.769968e-01	1.247152e-01	1.027533e+01
1.223911e+02	-4.271204e-03	-7.902899e-01	1.353864e+01	2.203097e+00	5.128760e+00	2.051722e-01	-4.021959e-01	1.382314e-01	1.028320e+01
