# loss | a0 ... a4
1.554461e+02	1.250000e-01	-9.075000e-01	1.499000e+01	1.917500e+00
1.452712e+02	1.372444e-01	-8.952556e-01	1.497776e+01	1.929744e+00
1.430589e+02	1.429551e-01	-8.913311e-01	1.497191e+01	1.937467e+00
1.411321e+02	1.496527e-01	-8.874759e-01	1.496575e+01	1.944317e+00
1.383616e+02	1.614891e-01	-8.817767e-01	1.495355e+01	1.955955e+00
1.384105e+02	1.721897e-01	-8.828855e-01	1.494278e+01	1.966147e+00
1.358140e+02	1.799713e-01	-8.730679e-01	1.493575e+01	1.974254e+00
1.355524e+02	1.878177e-01	-8.657242e-01	1.492830e+01	1.983308e+00
1.354811e+02	1.990436e-01	-8.753002e-01	1.491866e+01	1.992286e+00
1.354266e+02	2.137126e-01	-8.774621e-01	1.490581e+01	2.004383e+00
1.343794e+02	2.171177e-01	-8.709829e-01	1.490145e+01	2.010799e+00
1.344897e+02	2.251077e-01	-8.750380e-01	1.489373e+01	2.018102e+00
1.336200e+02	2.361626e-01	-8.691029e-01	1.488161e+01	2.029555e+00
1.331335e+02	2.481290e-01	-8.694635e-01	1.486851e+01	2.041127e+00
1.328737e+02	2.556544e-01	-8.712823e-01	1.486150e+01	2.048550e+00
1.325537e+02	2.645431e-01	-8.727869e-01	1.485131e+01	2.059230e+00
1.320164e+02	2.758598e-01	-8.709942e-01	1.484131e+01	2.068229e+00
1.316572e+02	2.850857e-01	-8.715653e-01	1.483141e+01	2.075981e+00
1.311119e+02	2.966369e-01	-8.715964e-01	1.481868e+01	2.088051e+00
1.306695e+02	3.100910e-01	-8.734795e-01	1.480487e+01	2.099614e+00
1.300676e+02	3.177330e-01	-8.703644e-01	1.479592e+01	2.108670e+00
1.322950e+02	3.255406e-01	-8.833458e-01	1.478891e+01	2.115171e+00
1.290432e+02	3.392705e-01	-8.686176e-01	1.477416e+01	2.129486e+00
1.286381e+02	3.490038e-01	-8.684590e-01	1.476599e+01	2.136711e+00
1.280313e+02	3.614069e-01	-8.723814e-01	1.475409e+01	2.150189e+00
1.281918e+02	3.732833e-01	-8.776253e-01	1.474357e+01	2.160676e+00
1.267871e+02	3.841217e-01	-8.684926e-01	1.473134e+01	2.171900e+00
1.264433e+02	3.945200e-01	-8.666292e-01	1.472267e+01	2.179707e+00
1.257441e+02	4.070823e-01	-8.740409e-01	1.471025e+01	2.193100e+00
1.250867e+02	4.212516e-01	-8.750412e-01	1.469539e+01	2.204484e+00
1.241865e+02	4.304493e-01	-8.709108e-01	1.468638e+01	2.215218e+00
1.235108e+02	4.438713e-01	-8.701256e-01	1.467355e+01	2.223487e+00
1.228290e+02	4.541232e-01	-8.730935e-01	1.466066e+01	2.237017e+00
1.219361e+02	4.653612e-01	-8.697140e-01	1.464723e+01	2.250228e+00
1.215180e+02	4.780691e-01	-8.753273e-01	1.463496e+01	2.259068e+00
1.213998e+02	4.885988e-01	-8.788033e-01	1.462467e+01	2.270879e+00
1.196171e+02	5.026872e-01	-8.711261e-01	1.461029e+01	2.282094e+00
1.195217e+02	5.190419e-01	-8.628651e-01	1.459325e+01	2.296754e+00
1.197331e+02	5.264050e-01	-8.820922e-01	1.458610e+01	2.303454e+00
1.172855e+02	5.407832e-01	-8.756463e-01	1.457067e+01	2.316949e+00
1.163084e+02	5.509697e-01	-8.720344e-01	1.456119e+01	2.327164e+00
1.152914e+02	5.657415e-01	-8.713139e-01	1.454639e+01	2.339798e+00
1.145769e+02	5.752463e-01	-8.737895e-01	1.453497e+01	2.350025e+00
1.146074e+02	5.865575e-01	-8.797341e-01	1.452288e+01	2.358751e+00
1.127383e+02	5.995360e-01	-8.713144e-01	1.451056e+01	2.373215e+00
1.118025e+02	6.121560e-01	-8.717553e-01	1.449862e+01	2.385485e+00
1.110285e+02	6.227992e-01	-8.744716e-01	1.448712e+01	2.395682e+00
1.103625e+02	6.386073e-01	-8.668340e-01	1.447274e+01	2.410118e+00
1.102999e+02	6.448727e-01	-8.813514e-01	1.446469e+01	2.417204e+00
1.089277e+02	6.560479e-01	-8.669918e-01	1.445242e+01	2.429166e+00
1.083713e+02	6.668864e-01	-8.810013e-01	1.444167e+01	2.439583e+00
1.067978e+02	6.737640e-01	-8.716821e-01	1.443160e+01	2.452223e+00
1.066235e+02	6.892736e-01	-8.815433e-01	1.441869e+01	2.462270e+00
1.044847e+02	7.084062e-01	-8.775934e-01	1.440015e+01	2.481450e+00
1.043051e+02	7.084320e-01	-8.768610e-01	1.439888e+01	2.484115e+00
1.039941e+02	7.260876e-01	-8.663467e-01	1.437974e+01	2.500707e+00
1.042213e+02	7.230368e-01	-8.846189e-01	1.437948e+01	2.502956e+00
1.023780e+02	7.393920e-01	-8.815124e-01	1.436503e+01	2.515618e+00
1.015291e+02	7.397994e-01	-8.782141e-01	1.436086e+01	2.525206e+00
1.011905e+02	7.466049e-01	-8.700885e-01	1.435143e+01	2.538260e+00
1.008062e+02	7.545196e-01	-8.825936e-01	1.434400e+01	2.544405e+00
1.010805e+02	7.586159e-01	-8.859596e-01	1.433659e+01	2.551730e+00
9.883337e+01	7.699494e-01	-8.761417e-01	1.432297e+01	2.566426e+00
9.775253e+01	7.873015e-01	-8.758319e-01	1.430395e+01	2.582922e+00
9.793758e+01	7.768773e-01	-8.788687e-01	1.430873e+01	2.584158e+00
9.789166e+01	7.750137e-01	-8.735330e-01	1.430552e+01	2.591389e+00
9.733509e+01	7.852518e-01	-8.828742e-01	1.429344e+01	2.601885e+00
9.655890e+01	7.972796e-01	-8.738884e-01	1.428114e+01	2.615561e+00
9.716874e+01	7.889369e-01	-8.863059e-01	1.428309e+01	2.618861e+00
9.586576e+01	7.887242e-01	-8.764693e-01	1.427647e+01	2.631972e+00
9.545769e+01	7.953810e-01	-8.807740e-01	1.426852e+01	2.637976e+00
9.566033e+01	7.914824e-01	-8.848419e-01	1.426601e+01	2.645690e+00
9.478490e+01	7.993148e-01	-8.774968e-01	1.425743e+01	2.656263e+00
9.527787e+01	7.863812e-01	-8.735383e-01	1.426092e+01	2.661793e+00
9.429553e+01	7.982354e-01	-8.829931e-01	1.424778e+01	2.671365e+00
9.372593e+01	8.074111e-01	-8.810051e-01	1.423797e+01	2.681524e+00
9.363783e+01	7.967017e-01	-8.811629e-01	1.423996e+01	2.688360e+00
9.376772e+01	8.067250e-01	-8.746576e-01	1.422911e+01	2.701257e+00
9.392403e+01	7.896878e-01	-8.875005e-01	1.423654e+01	2.702302e+00
9.334583e+01	7.784269e-01	-8.780426e-01	1.423947e+01	2.708329e+00
9.324198e+01	7.891755e-01	-8.873059e-01	1.422609e+01	2.718626e+00
9.323783e+01	7.687218e-01	-8.852909e-01	1.423605e+01	2.719635e+00
9.217761e+01	7.882789e-01	-8.804096e-01	1.421470e+01	2.736633e+00
9.344368e+01	7.951003e-01	-8.719297e-01	1.420450e+01	2.748518e+00
9.313169e+01	7.777551e-01	-8.914088e-01	1.421222e+01	2.748596e+00
9.117212e+01	7.969005e-01	-8.818265e-01	1.419030e+01	2.768417e+00
9.145470e+01	7.702669e-01	-8.825494e-01	1.420792e+01	2.764536e+00
9.122610e+01	7.810604e-01	-8.790984e-01	1.419402e+01	2.777279e+00
9.113521e+01	7.625952e-01	-8.841762e-01	1.420286e+01	2.777883e+00
9.297084e+01	7.468288e-01	-8.931837e-01	1.421004e+01	2.778797e+00
9.101297e+01	7.609584e-01	-8.782565e-01	1.419555e+01	2.794521e+00
9.071824e+01	7.658014e-01	-8.874946e-01	1.419035e+01	2.798297e+00
9.060459e+01	7.562652e-01	-8.788134e-01	1.419046e+01	2.809308e+00
9.185684e+01	7.641003e-01	-8.728510e-01	1.418068e+01	2.821303e+00
9.048611e+01	7.448016e-01	-8.889308e-01	1.419132e+01	2.819466e+00
8.958404e+01	7.616007e-01	-8.829660e-01	1.417266e+01	2.833173e+00
8.987706e+01	7.379523e-01	-8.874819e-01	1.418516e+01	2.833838e+00
8.930029e+01	7.502410e-01	-8.841107e-01	1.417112e+01	2.844010e+00
8.936580e+01	7.320929e-01	-8.861493e-01	1.417902e+01	2.848417e+00
9.052657e+01	7.202421e-01	-8.929764e-01	1.418350e+01	2.850625e+00
8.980533e+01	7.301701e-01	-8.770817e-01	1.417186e+01	2.865739e+00
8.994009e+01	7.316896e-01	-8.762303e-01	1.416844e+01	2.870338e+00
8.878176e+01	7.212298e-01	-8.879667e-01	1.416998e+01	2.875751e+00
8.902423e+01	7.104951e-01	-8.901681e-01	1.417285e+01	2.880945e+00
8.828540e+01	7.192138e-01	-8.834567e-01	1.416146e+01	2.892331e+00
8.805822e+01	7.282346e-01	-8.830361e-01	1.415129e+01	2.902387e+00
8.796435e+01	7.114386e-01	-8.864088e-01	1.415983e+01	2.904692e+00
8.782611e+01	7.186079e-01	-8.836716e-01	1.415108e+01	2.911335e+00
8.768407e+01	7.044176e-01	-8.874169e-01	1.415556e+01	2.917823e+00
8.754725e+01	6.949831e-01	-8.862429e-01	1.415674e+01	2.925456e+00
8.732946e+01	7.007180e-01	-8.854341e-01	1.414983e+01	2.932439e+00
8.796290e+01	7.061707e-01	-8.942024e-01	1.414394e+01	2.936223e+00
8.737435e+01	6.970666e-01	-8.817864e-01	1.414376e+01	2.947348e+00
8.746934e+01	6.773087e-01	-8.911061e-01	1.415454e+01	2.947685e+00
8.672552e+01	6.902075e-01	-8.854272e-01	1.413936e+01	2.960319e+00
8.660207e+01	6.903228e-01	-8.878773e-01	1.413699e+01	2.962707e+00
8.647914e+01	6.852544e-01	-8.849327e-01	1.413400e+01	2.973991e+00
8.669491e+01	6.706485e-01	-8.909184e-01	1.414143e+01	2.973502e+00
8.647945e+01	6.808660e-01	-8.828183e-01	1.412860e+01	2.988032e+00
8.595579e+01	6.703574e-01	-8.874842e-01	1.412961e+01	2.994946e+00
8.598780e+01	6.741119e-01	-8.847535e-01	1.412410e+01	3.000538e+00
8.561298e+01	6.793815e-01	-8.901522e-01	1.411600e+01	3.006700e+00
8.596138e+01	6.680461e-01	-8.832259e-01	1.411845e+01	3.014144e+00
8.780003e+01	6.789094e-01	-8.766476e-01	1.410618e+01	3.022716e+00
8.580150e+01	6.555106e-01	-8.941389e-01	1.411889e+01	3.022060e+00
8.578018e+01	6.465921e-01	-8.952470e-01	1.411810e+01	3.033506e+00
8.499829e+01	6.545996e-01	-8.882626e-01	1.411061e+01	3.039337e+00
8.633812e+01	6.652444e-01	-9.003246e-01	1.410015e+01	3.042449e+00
8.469873e+01	6.512765e-01	-8.881208e-01	1.410284e+01	3.054227e+00
8.440855e+01	6.604332e-01	-8.910730e-01	1.409247e+01	3.063504e+00
8.461063e+01	6.446731e-01	-8.865252e-01	1.409882e+01	3.067259e+00
8.515236e+01	6.368733e-01	-8.828092e-01	1.409898e+01	3.074460e+00
8.422761e+01	6.370572e-01	-8.915497e-01	1.409606e+01	3.077401e+00
8.414786e+01	6.284433e-01	-8.922057e-01	1.409613e+01	3.084971e+00
8.407551e+01	6.336982e-01	-8.876401e-01	1.408865e+01	3.091881e+00
8.466436e+01	6.403719e-01	-8.837166e-01	1.407975e+01	3.097759e+00
8.378415e+01	6.249001e-01	-8.931153e-01	1.408571e+01	3.101920e+00
8.378334e+01	6.283321e-01	-8.951791e-01	1.408034e+01	3.107488e+00
8.384299e+01	6.219528e-01	-8.864469e-01	1.407841e+01	3.117116e+00
8.398612e+01	6.239743e-01	-8.983700e-01	1.407401e+01	3.118344e+00
8.353619e+01	6.175739e-01	-8.872505e-01	1.407201e+01	3.129609e+00
8.545265e+01	6.312953e-01	-8.803308e-01	1.405757e+01	3.142270e+00
8.415358e+01	6.034649e-01	-9.001787e-01	1.407418e+01	3.135128e+00
8.315838e+01	5.955513e-01	-8.889737e-01	1.407371e+01	3.144246e+00
8.279363e+01	6.030608e-01	-8.928638e-01	1.406421e+01	3.151154e+00
8.274795e+01	6.073007e-01	-8.953922e-01	1.405824e+01	3.155976e+00
8.259002e+01	5.996365e-01	-8.911615e-01	1.405765e+01	3.165269e+00
8.230479e+01	5.992122e-01	-8.946314e-01	1.404935e+01	3.177003e+00
8.265736e+01	5.949654e-01	-8.886859e-01	1.405096e+01	3.178248e+00
8.235074e+01	5.934060e-01	-8.962057e-01	1.404979e+01	3.180366e+00
8.212250e+01	5.896613e-01	-8.925735e-01	1.404616e+01	3.189661e+00
8.208424e+01	5.834733e-01	-8.910425e-01	1.404267e+01	3.199582e+00
8.194025e+01	5.842702e-01	-8.924562e-01	1.404023e+01	3.201341e+00
8.181504e+01	5.838921e-01	-8.934016e-01	1.403736e+01	3.206474e+00
8.180987e+01	5.791703e-01	-8.918002e-01	1.403401e+01	3.213155e+00
8.169190e+01	5.761812e-01	-8.944083e-01	1.403476e+01	3.213129e+00
8.170879e+01	5.742823e-01	-8.912210e-01	1.402763e+01	3.224937e+00
8.503771e+01	5.882474e-01	-8.806940e-01	1.401175e+01	3.240577e+00
8.179855e+01	5.606744e-01	-8.997078e-01	1.403048e+01	3.231111e+00
8.215514e+01	5.470107e-01	-9.014243e-01	1.403460e+01	3.237335e+00
8.117745e+01	5.617422e-01	-8.944230e-01	1.402114e+01	3.247541e+00
8.264742e+01	5.712260e-01	-8.860487e-01	1.400883e+01	3.258254e+00
8.121957e+01	5.529630e-01	-8.992827e-01	1.401772e+01	3.255855e+00
8.096757e+01	5.590387e-01	-9.000688e-01	1.400644e+01	3.268071e+00
8.078489e+01	5.512668e-01	-8.959332e-01	1.400854e+01	3.270717e+00
8.131029e+01	5.405980e-01	-8.902390e-01	1.401001e+01	3.277674e+00
8.062631e+01	5.468001e-01	-8.977758e-01	1.400257e+01	3.281369e+00
8.061162e+01	5.506285e-01	-8.996631e-01	1.399758e+01	3.285851e+00
8.093432e+01	5.441837e-01	-8.915351e-01	1.399509e+01	3.294872e+00
8.056410e+01	5.242251e-01	-8.947589e-01	1.400379e+01	3.297312e+00
8.040758e+01	5.371403e-01	-8.948555e-01	1.399258e+01	3.303814e+00
8.028346e+01	5.252678e-01	-8.972026e-01	1.399506e+01	3.309243e+00
8.051173e+01	5.337348e-01	-8.930210e-01	1.398674e+01	3.315448e+00
8.080872e+01	5.143044e-01	-9.028499e-01	1.399676e+01	3.311944e+00
8.049792e+01	5.288758e-01	-8.925404e-01	1.397984e+01	3.326537e+00
8.091654e+01	5.318045e-01	-9.079520e-01	1.397870e+01	3.320792e+00
8.036512e+01	5.269492e-01	-8.929059e-01	1.397291e+01	3.337092e+00
7.986397e+01	5.270612e-01	-9.012306e-01	1.397087e+01	3.337749e+00
8.067966e+01	5.230266e-01	-8.912165e-01	1.396733e+01	3.348177e+00
8.280068e+01	5.310061e-01	-8.856389e-01	1.395743e+01	3.355719e+00
8.021440e+01	5.097660e-01	-9.050805e-01	1.396810e+01	3.350705e+00
8.097825e+01	5.174274e-01	-9.123530e-01	1.395821e+01	3.356036e+00
7.971961e+01	5.131562e-01	-8.954412e-01	1.395445e+01	3.368714e+00
7.945587e+01	5.052306e-01	-8.972082e-01	1.395336e+01	3.375049e+00
7.956724e+01	5.076280e-01	-8.959969e-01	1.394921e+01	3.377915e+00
7.937666e+01	4.991596e-01	-8.986551e-01	1.395504e+01	3.374422e+00
7.948698e+01	5.031476e-01	-8.960742e-01	1.394339e+01	3.387132e+00
7.918724e+01	4.929750e-01	-9.001723e-01	1.394710e+01	3.387864e+00
7.941077e+01	4.987343e-01	-8.961715e-01	1.393837e+01	3.396830e+00
7.901266e+01	5.008435e-01	-9.023136e-01	1.393390e+01	3.399110e+00
8.011849e+01	4.946205e-01	-8.926683e-01	1.393170e+01	3.407888e+00
7.921402e+01	4.735314e-01	-8.971417e-01	1.394128e+01	3.407445e+00
7.924377e+01	4.870355e-01	-8.964515e-01	1.392749e+01	3.415277e+00
7.883209e+01	4.898568e-01	-9.029036e-01	1.392488e+01	3.415181e+00
7.951117e+01	4.837138e-01	-8.948784e-01	1.392116e+01	3.425326e+00
7.898217e+01	4.901621e-01	-8.979629e-01	1.391341e+01	3.429267e+00
7.890455e+01	4.763802e-01	-8.980689e-01	1.391761e+01	3.432562e+00
7.866346e+01	4.747670e-01	-9.005653e-01	1.391640e+01	3.435251e+00
7.864300e+01	4.724869e-01	-9.000037e-01	1.391156e+01	3.441834e+00
7.982451e+01	4.755231e-01	-8.936843e-01	1.390582e+01	3.449525e+00
7.856953e+01	4.658676e-01	-9.050594e-01	1.390822e+01	3.448435e+00
7.913203e+01	4.570795e-01	-9.115095e-01	1.390994e+01	3.450809e+00
7.841019e+01	4.684887e-01	-9.011532e-01	1.389741e+01	3.463585e+00
8.073705e+01	4.817740e-01	-8.920833e-01	1.388530e+01	3.472877e+00
7.836698e+01	4.584872e-01	-9.057575e-01	1.389746e+01	3.469212e+00
7.948533e+01	4.557907e-01	-8.947810e-01	1.389198e+01	3.479794e+00
7.821349e+01	4.559865e-01	-9.050401e-01	1.389082e+01	3.478349e+00
7.865297e+01	4.547505e-01	-8.984496e-01	1.388417e+01	3.490772e+00
7.821515e+01	4.536244e-01	-9.016600e-01	1.388462e+01	3.488412e+00
7.860426e+01	4.668223e-01	-8.993297e-01	1.387315e+01	3.495946e+00
7.818094e+01	4.467727e-01	-9.015649e-01	1.388163e+01	3.496159e+00
7.864408e+01	4.393953e-01	-9.123421e-01	1.388854e+01	3.489084e+00
8.101107e+01	4.489351e-01	-8.912942e-01	1.387080e+01	3.509516e+00
