# loss | a0 ... a4
5.976233e+02	-7.672000e-01	-7.212000e-01	1.094480e+01	3.090000e+00
1.264392e+02	-9.081603e-01	-8.621603e-01	1.108576e+01	2.949040e+00
2.223521e+02	-9.665696e-01	-9.603123e-01	1.117479e+01	2.854476e+00
1.125939e+02	-8.885609e-01	-8.917619e-01	1.118178e+01	2.851399e+00
1.294068e+02	-8.063636e-01	-8.533406e-01	1.115348e+01	2.850926e+00
1.365365e+02	-7.323937e-01	-8.465421e-01	1.114177e+01	2.820438e+00
1.234190e+02	-6.871752e-01	-8.557960e-01	1.115232e+01	2.779206e+00
9.623858e+01	-6.595608e-01	-8.805397e-01	1.121094e+01	2.705058e+00
8.758171e+01	-6.106952e-01	-8.961244e-01	1.120845e+01	2.661007e+00
8.235874e+01	-5.620588e-01	-9.063817e-01	1.119944e+01	2.613845e+00
8.134527e+01	-4.961535e-01	-8.984758e-01	1.115023e+01	2.595838e+00
9.010386e+01	-4.346714e-01	-8.878680e-01	1.109765e+01	2.586860e+00
8.119149e+01	-4.119965e-01	-8.931518e-01	1.114635e+01	2.514180e+00
7.410017e+01	-3.925626e-01	-8.986963e-01	1.119497e+01	2.436793e+00
6.997673e+01	-3.818140e-01	-9.005746e-01	1.124122e+01	2.378653e+00
7.415339e+01	-3.508205e-01	-8.899726e-01	1.122430e+01	2.350442e+00
6.824233e+01	-3.624189e-01	-8.925194e-01	1.128879e+01	2.291081e+00
6.653695e+01	-3.473365e-01	-8.950669e-01	1.129364e+01	2.249841e+00
6.545474e+01	-3.599717e-01	-8.911509e-01	1.132879e+01	2.208789e+00
6.583793e+01	-3.695017e-01	-8.864416e-01	1.134349e+01	2.184960e+00
6.600971e+01	-3.569265e-01	-8.836079e-01	1.133113e+01	2.152359e+00
6.718541e+01	-3.503098e-01	-8.830610e-01	1.129108e+01	2.155212e+00
6.337462e+01	-3.463752e-01	-8.896480e-01	1.130335e+01	2.097789e+00
6.172273e+01	-3.233497e-01	-9.015349e-01	1.128210e+01	2.038282e+00
6.264503e+01	-3.386067e-01	-8.888790e-01	1.127029e+01	2.036111e+00
6.281776e+01	-3.804707e-01	-8.847247e-01	1.128932e+01	2.015632e+00
6.658568e+01	-3.734605e-01	-8.758416e-01	1.124757e+01	2.015453e+00
6.575535e+01	-3.877287e-01	-8.759066e-01	1.124305e+01	1.989484e+00
6.147589e+01	-3.726374e-01	-8.874880e-01	1.121121e+01	1.959592e+00
6.348724e+01	-3.296937e-01	-8.908956e-01	1.113314e+01	1.948227e+00
6.057668e+01	-3.690056e-01	-9.025334e-01	1.116288e+01	1.920437e+00
7.209842e+01	-3.439431e-01	-8.745221e-01	1.108392e+01	1.954096e+00
6.400460e+01	-4.111951e-01	-8.772331e-01	1.114585e+01	1.906005e+00
6.272957e+01	-4.251277e-01	-8.791771e-01	1.114511e+01	1.877130e+00
6.053401e+01	-4.316227e-01	-8.895531e-01	1.114561e+01	1.833018e+00
5.898409e+01	-3.852682e-01	-8.954126e-01	1.107138e+01	1.820924e+00
5.932107e+01	-3.854662e-01	-8.922804e-01	1.105086e+01	1.808721e+00
6.084387e+01	-3.857469e-01	-9.072793e-01	1.102992e+01	1.776021e+00
6.472112e+01	-3.896705e-01	-8.765989e-01	1.099032e+01	1.796227e+00
6.436214e+01	-4.001684e-01	-8.732854e-01	1.100537e+01	1.762702e+00
5.996892e+01	-4.304801e-01	-8.800771e-01	1.101483e+01	1.733906e+00
5.829418e+01	-4.476207e-01	-8.905493e-01	1.102838e+01	1.678587e+00
6.125916e+01	-4.264122e-01	-8.740459e-01	1.097604e+01	1.676473e+00
7.053677e+01	-4.115724e-01	-8.656394e-01	1.090405e+01	1.699319e+00
5.662117e+01	-4.319319e-01	-8.922094e-01	1.095119e+01	1.618897e+00
5.605728e+01	-4.283121e-01	-8.940177e-01	1.095985e+01	1.572561e+00
5.642759e+01	-4.231282e-01	-8.838783e-01	1.092180e+01	1.564660e+00
6.102421e+01	-4.301386e-01	-8.730989e-01	1.087218e+01	1.577973e+00
6.007498e+01	-4.370994e-01	-8.727181e-01	1.086868e+01	1.543918e+00
5.566075e+01	-4.276658e-01	-8.864209e-01	1.085967e+01	1.495775e+00
5.527154e+01	-4.543871e-01	-8.883186e-01	1.086432e+01	1.473516e+00
6.871320e+01	-4.571465e-01	-8.583172e-01	1.082789e+01	1.480414e+00
5.582955e+01	-4.679489e-01	-8.777276e-01	1.084856e+01	1.428625e+00
5.610548e+01	-4.877714e-01	-8.775670e-01	1.085306e+01	1.407567e+00
5.443154e+01	-4.453316e-01	-8.879232e-01	1.080257e+01	1.382407e+00
5.484692e+01	-4.429016e-01	-8.856284e-01	1.077963e+01	1.386154e+00
5.565202e+01	-4.374223e-01	-8.868188e-01	1.074449e+01	1.377893e+00
5.630398e+01	-4.685705e-01	-8.791441e-01	1.074489e+01	1.403712e+00
5.606213e+01	-4.749057e-01	-8.780264e-01	1.073877e+01	1.376653e+00
5.423172e+01	-4.850732e-01	-8.825645e-01	1.078925e+01	1.330434e+00
5.525004e+01	-4.657463e-01	-8.787700e-01	1.073782e+01	1.337576e+00
5.520970e+01	-4.397341e-01	-8.839663e-01	1.072763e+01	1.311104e+00
5.805196e+01	-4.829852e-01	-8.712159e-01	1.071009e+01	1.331111e+00
5.491241e+01	-4.834440e-01	-8.851129e-01	1.069276e+01	1.332911e+00
5.509718e+01	-5.056170e-01	-8.816616e-01	1.069703e+01	1.318936e+00
5.521359e+01	-4.942212e-01	-8.876130e-01	1.065991e+01	1.319604e+00
6.349786e+01	-4.827796e-01	-8.636422e-01	1.066136e+01	1.306577e+00
5.664377e+01	-5.344847e-01	-8.738318e-01	1.073073e+01	1.257386e+00
5.402989e+01	-5.095662e-01	-8.832052e-01	1.071082e+01	1.244047e+00
5.475510e+01	-4.594055e-01	-8.831944e-01	1.067360e+01	1.230920e+00
5.690383e+01	-4.830067e-01	-8.723563e-01	1.066828e+01	1.250316e+00
5.363442e+01	-4.995413e-01	-8.851313e-01	1.072825e+01	1.228874e+00
5.851548e+01	-4.934133e-01	-8.678555e-01	1.068562e+01	1.259145e+00
5.399614e+01	-4.983625e-01	-8.922567e-01	1.067408e+01	1.229305e+00
5.574848e+01	-4.783368e-01	-8.796234e-01	1.064141e+01	1.257255e+00
5.981096e+01	-5.127267e-01	-8.685902e-01	1.064611e+01	1.293743e+00
5.469545e+01	-5.090540e-01	-8.857358e-01	1.065722e+01	1.275012e+00
5.602027e+01	-4.822906e-01	-9.004373e-01	1.065305e+01	1.262092e+00
6.718201e+01	-4.723562e-01	-8.610854e-01	1.062282e+01	1.277933e+00
5.693661e+01	-5.145848e-01	-8.694156e-01	1.068491e+01	1.212439e+00
5.425606e+01	-5.196371e-01	-8.790073e-01	1.068529e+01	1.200786e+00
5.802678e+01	-4.778632e-01	-8.693633e-01	1.065715e+01	1.209986e+00
5.389340e+01	-4.903560e-01	-8.911535e-01	1.065493e+01	1.202629e+00
5.647383e+01	-5.180646e-01	-9.001153e-01	1.063911e+01	1.248495e+00
6.046684e+01	-4.772227e-01	-8.719754e-01	1.059322e+01	1.253495e+00
6.359109e+01	-5.618516e-01	-8.624080e-01	1.066333e+01	1.261489e+00
5.444587e+01	-5.228069e-01	-8.836004e-01	1.065928e+01	1.228908e+00
5.621492e+01	-4.945221e-01	-9.012049e-01	1.064864e+01	1.186774e+00
7.868238e+01	-4.458524e-01	-8.530307e-01	1.059379e+01	1.220631e+00
