-3.1928372249e-01
-1.0885442508e-03
-6.0332148553e-01
-5.5351018138e-01
-3.7918075748e-01
6.4950012418e-01
2.0155108244e-01
5.8258843235e-01
-8.6448230785e-01
-7.1252564891e-01
-4.8044545485e-01
-3.1138753199e-01
-3.3835139360e-01
8.0249065784e-01
-7.2872655334e-01
-4.4794601896e-01
-7.6346984306e-01
1.3498210799e+00
7.5043632559e-04
5.2667639765e-01
-5.7804698219e-01
1.2516821740e-01
-3.1010145365e-01
-4.5161838464e-01
1.1421041324e+00
-9.2511352101e-01
5.3252548292e-01
-7.5826546231e-01
-4.6323881135e-01
1.0083861794e+00
-5.3670242037e-01
-6.9329975743e-01
-9.4358538869e-01
1.0719094399e+00
-2.4313560202e-01
6.9541855506e-01
-1.2859016968e+00
6.1611232537e-01
-5.4549809505e-01
-6.9093435100e-01
-7.2908702501e-01
-7.7893214400e-04
5.1514919263e-01
5.6592916567e-01
6.2225185809e-01
2.8310842206e-01
-3.2488217015e-01
-4.3587593269e-01
