3.7751061033e-09
2.6489449397e-04
-6.3417278969e-02
1.2449269441e-06
-1.7128967637e-01
-6.4841521131e-07
1.0284581556e-14
2.2626224412e-01
-1.4655695692e-01
8.0778387960e-04
2.8968358796e-08
-1.8263214079e-08
2.0325894214e-17
-3.7894097926e-03
-7.1950490443e-03
-4.4222308451e-02
-3.4076434455e-13
-5.1205054703e-05
5.8755517277e-02
5.6802476760e-02
1.1312472047e-10
-1.0634800608e-01
-4.7650085449e-03
2.2284940421e-03
-1.4767847701e-18
2.9365337562e-05
4.4190017392e-08
-2.1073320723e-01
-2.1717310628e-03
8.2126247516e-03
6.0713148582e-12
1.2445845457e-16
3.8033677105e-03
-6.8331665256e-03
1.5415996930e-03
1.5040572752e-14
-7.5145569401e-03
7.8172671391e-02
-3.5364216497e-10
9.1211402663e-03
1.7151777982e-06
-6.6258986355e-02
1.8111679902e-15
-2.4875044958e-09
4.5334287681e-02
7.7373476023e-15
2.7982672733e-02
9.9748893049e-02
-1.0035066656e-02
-6.9584909701e-16
-4.6803476382e-03
2.1987732733e-03
6.5134507393e-16
4.8887681026e-08
-1.7604359860e-02
-8.5238225839e-06
2.4947163356e-17
-1.1845629528e-14
-1.4822167014e-13
3.1043028282e-03
-8.0588304290e-06
-5.7881646445e-04
8.3777885186e-01
-4.4941993903e-04
-1.8128251220e-02
-5.2711231312e-02
2.0830240955e-02
-2.3556628904e-14
-1.1451825739e-02
3.3148901535e-05
8.7593352460e-02
-5.0768296334e-02
2.6736850322e-05
5.2632768870e-02
-5.4763541331e-03
-1.4713242870e-08
-5.3722570969e-02
4.4545084327e-02
2.8567184429e-03
-1.8323403547e-02
-1.2794601311e-04
9.4368829078e-17
2.1465315436e-02
-6.3231964267e-02
