-9.9680968143e-01
-1.1275431238e+00
-1.7118446107e-01
4.5779628754e-01
2.5669792692e+00
-2.3490702208e+00
1.1161914808e+00
-1.4290592851e+00
-4.8458624423e-01
1.6817297453e+00
7.8255229819e-02
-1.3866533403e+00
-1.2007885009e+00
4.6290840917e-01
-1.1133678967e+00
-1.0698575023e-01
2.6506789612e-01
-1.1429705833e+00
2.3939760896e+00
9.9235299862e-01
-2.3040170732e+00
-2.6178390223e-01
-6.5906326835e-01
3.8640450061e-01
-1.0976045418e+00
3.0944272072e-01
5.8166288577e-01
9.7472515802e-01
-1.0561430158e+00
-5.3269483152e-01
-1.0066308499e+00
-6.5946176475e-01
1.7010818436e+00
-5.1857547423e-01
-1.3248159441e+00
8.2870306407e-01
