-2.5288082838e-01
-6.6329225910e-02
1.3059754613e+00
2.9507564909e+00
-3.0645067808e+00
6.7149545918e-06
-1.3224343238e+00
-3.0360829676e+00
-1.4932433608e+00
1.3154993480e-01
-4.6715302690e-02
1.4983314476e+00
7.2103489094e-01
2.9042828025e-02
-1.0970050247e+00
4.4989464615e-01
1.5838244210e+00
1.0580712173e+00
1.3316270405e+00
1.6506624325e+00
1.7508631956e+00
1.3586851539e+00
-6.6858710222e-01
-1.8323446362e+00
-2.5045236156e+00
-3.6043497896e-04
-1.6294149655e+00
-3.3269794564e+00
-1.5133372260e+00
-2.4478205967e-01
-7.7048756405e-02
-2.5989674907e-02
1.8374166902e+00
-2.3144698157e+00
-8.2485684629e-02
5.3830962817e-01
-1.3956689022e+00
-1.6286160367e+00
-6.4443240599e-01
-9.8164421349e-01
1.4613792035e+00
-1.3117720735e+00
-1.0856236584e+00
-8.3103747706e-01
1.8126120440e+00
-1.3167606396e+00
9.5578931734e-01
1.0264935442e+00
2.4195649839e+00
1.1475263373e-01
-1.1464846552e+00
-1.1086615566e-01
1.2678348349e+00
1.0303848607e-07
2.9002910949e-01
-3.9063251113e-01
1.5674571397e+00
8.9925995137e-02
1.9829394675e-01
1.8803753933e+00
1.4548000048e-04
1.2532828358e+00
5.7648995920e-01
-1.1486684107e+00
-8.0780092880e-01
-2.1194549219e+00
-1.3204846956e+00
-1.6360169117e+00
-1.3081323866e+00
1.0930646669e-01
-1.5665097833e+00
1.3780825461e+00
1.8161140960e+00
-1.1692786729e+00
-3.1077681403e+00
1.5868943147e+00
1.4134964327e+00
-1.4837868036e+00
-1.2557954320e+00
4.5594606154e-01
-6.0708754281e-01
8.9112708191e-17
-1.8025586019e-01
2.0066713752e+00
