1.2861139882e+00
-3.8001982133e-01
-1.8604469901e+00
2.6142368353e-01
6.1683512481e-02
1.9723982330e+00
-1.6666279673e+00
2.2427040656e+00
-1.0709679369e+00
-9.8169389719e-01
-1.7170706662e+00
-2.2400773217e+00
6.8372862421e-01
8.9749879373e-01
-1.2854856452e+00
-1.9973116547e+00
-3.1992449941e-01
1.8194120327e+00
2.6959308336e-02
-2.0270265666e+00
-1.1577399883e+00
-2.1631314097e-01
-3.1201821291e+00
-9.5123002954e-01
6.8472436596e-01
4.6633437794e-01
2.4737585231e+00
8.1516026627e-01
-1.2565704092e+00
-1.0956767974e+00
3.2199416853e+00
-6.7675442848e-01
-4.3262560414e-01
4.0847704984e-01
3.7762829699e-02
-6.9986047846e-03
-8.5390923171e-01
-7.3191538943e-01
7.1874987511e-01
-2.5094906546e-01
-3.8384244930e-01
2.2126222851e-01
-8.5434411171e-01
2.2888091971e+00
-3.4608891292e+00
1.1874029539e+00
1.1328326544e+00
-2.7611467701e+00
