2.9264587470e-02
2.6087268633e-03
2.1101651653e-01
3.1660590346e-01
-1.6540407017e-01
-5.5806861199e-01
-1.1389460330e-01
3.5635722962e-01
-3.2925348526e-01
-1.9428700325e-01
-1.9413541981e-02
-5.8793128646e-02
1.7778356845e-01
-1.0735904831e-01
-1.7148982477e-01
1.6634098620e-01
2.7503585169e-01
-3.8041253660e-01
1.2822470013e-01
5.2086675549e-03
1.8063466554e-01
-9.2908531804e-03
4.4328954701e-03
-1.8036434627e-01
-1.9732461325e-03
-1.8264110603e-01
2.3744480894e-01
1.9652965764e-02
-1.8885149651e-02
6.1937646773e-02
1.8774730161e-02
-9.7636822799e-02
-1.0548544387e-01
-2.2949333111e-03
-1.4156790712e-01
1.4761497147e-02
-4.9207686920e-01
-1.9771127476e-01
-3.4247620759e-02
5.9622147371e-03
2.7627114342e-01
-1.1921600456e-01
2.1892208714e-03
-3.7766613313e-01
1.9748016484e-02
2.2404971519e-01
7.1789438049e-02
-2.3794898761e-01
6.5076598285e-03
3.5300508316e-03
2.6514301216e-01
-3.1788348911e-01
-3.8725181515e-01
-3.1793447888e-01
3.1849839818e-01
3.3755590495e-01
2.5208429333e-01
-2.2154025694e-01
-1.2082831356e-01
-3.6306295235e-01
