6.4110683560e-01
1.3681226800e+00
-4.1285145666e-01
1.0455311196e+00
6.2462952219e-02
1.5176605217e+00
-3.2854491593e-01
1.1206966615e+00
-3.0910673290e-01
-1.7030435076e+00
-2.6139375697e-02
-8.2522824885e-01
5.5673214012e-01
-8.3290912154e-01
-1.0125491504e+00
-2.3341088492e+00
-6.6075620358e-01
-2.8710323844e+00
-4.4521812823e-01
8.6138664642e-01
1.0348707853e+00
9.5208052263e-02
-1.1202341677e+00
3.2675797464e-01
7.9454753632e-02
-1.2124726057e+00
1.8364312312e+00
1.1072438825e+00
-1.4936702214e-01
1.7028503408e-01
1.3725284280e-01
-1.7614251022e+00
-3.4125831081e-01
-6.6318718278e-01
-1.2488341179e+00
-4.1687394473e-02
1.9086307241e+00
8.0181596473e-01
-4.1026732719e-01
6.2946590661e-01
1.8640368635e+00
1.0808152974e+00
4.8408627861e-02
-1.2039825363e+00
8.2120441617e-01
3.9960524830e-01
7.7769967192e-01
9.3859043653e-01
8.1690958983e-01
-2.8780275890e-01
8.8682056610e-01
3.9076126700e-01
2.1086960719e+00
-1.2622779491e+00
2.1356379947e+00
4.2914265968e-01
-8.7504687975e-01
-8.3536608948e-01
-3.4348793571e-01
4.6642445021e-01
